0 2752 11 0.4481005608129899 0.4918998799426473 0.4918998799426473 
1 319 3 0.4584399815425011 0.4918998799426473 0.4918998799426473 
2 126 3 0.46341626821371834 0.4931181323040522 0.4931181323040522 
3 181 4 0.4653646465003309 0.47717699834541494 0.4931181323040522 
4 169 15 0.46879821288259116 0.4769489662733475 0.4931181323040522 
5 116 11 0.470458601837117 0.4768644190128457 0.4931181323040522 
6 160 15 0.4719021622248358 0.476922278501582 0.4931181323040522 
7 156 18 0.4733674368432807 0.47720765187531455 0.4931181323040522 
8 107 20 0.4746819354422291 0.4776086176870219 0.4931181323040522 
9 146 22 0.4752088679492528 0.47805021057266084 0.4931181323040522 
10 92 22 0.47660493670350335 0.47853651050868995 0.4931181323040522 
11 97 26 0.47596392892531325 0.47866715838748797 0.4931181323040522 
12 61 24 0.47782738514882717 0.47903918603656953 0.4931181323040522 
13 79 24 0.47823447602652736 0.4798287351297689 0.4931181323040522 
14 96 26 0.47861705968843965 0.4801249243999074 0.4931181323040522 
15 86 25 0.47916326752846994 0.4802529399610926 0.4931181323040522 
16 83 26 0.4793860597695304 0.4805807973514864 0.4931181323040522 
17 237 30 0.4789976496015052 0.4810632582298683 0.4931181323040522 
18 105 27 0.48029526849022086 0.4815363485305695 0.4931181323040522 
19 142 30 0.48040908477900496 0.4817936655601756 0.4931181323040522 
20 105 36 0.48070684176583917 0.4819557989099147 0.4931181323040522 
21 132 35 0.48117955926480116 0.4822235661687052 0.4931181323040522 
22 127 36 0.48144452907577745 0.48232595775721987 0.4931181323040522 
23 122 34 0.4817294508269124 0.4824300989367234 0.4931181323040522 
24 154 36 0.48188821318486286 0.4825316354582263 0.4931181323040522 
25 210 37 0.481998457879812 0.4828816968254401 0.4931181323040522 
26 189 46 0.4813294000893618 0.48297533000506154 0.4931181323040522 
27 138 46 0.48247824783895593 0.4829768089355251 0.4931181323040522 
28 128 46 0.4827886235858976 0.4831047116272724 0.4931181323040522 
29 116 46 0.482652231756624 0.48326434931447304 0.4931181323040522 
0 3045 10 0.4466313991162766 0.4935764333536449 0.4935764333536449 
1 197 4 0.45534106737715857 0.4847270252117125 0.4935764333536449 
2 145 2 0.4611343216308728 0.4809026786614816 0.4935764333536449 
3 162 4 0.4637780352639686 0.472614124648146 0.4935764333536449 
4 170 5 0.46583125278555637 0.47249135732817504 0.4935764333536449 
5 85 8 0.4682780323491654 0.47311267293448644 0.4935764333536449 
6 101 11 0.469781881995859 0.4743881133637909 0.4935764333536449 
7 232 13 0.4709756310535739 0.47527702639176284 0.4935764333536449 
8 62 15 0.4728747240040039 0.47606033811123794 0.4935764333536449 
9 236 23 0.4744377512392641 0.4779859836094186 0.4935764333536449 
10 158 20 0.4756964753108246 0.4785356670864026 0.4935764333536449 
11 128 21 0.4767641181809891 0.4801004442858894 0.4935764333536449 
12 123 21 0.47755613934958757 0.48030387067036595 0.4935764333536449 
13 139 23 0.47825213002256595 0.4805155689676285 0.4935764333536449 
14 129 23 0.4789458369201693 0.48132965706989495 0.4935764333536449 
15 85 25 0.4792837043547556 0.4813802870077436 0.4935764333536449 
16 114 24 0.4800846676271479 0.4815691311012631 0.4935764333536449 
17 79 26 0.48036441451117534 0.4818746980632226 0.4935764333536449 
18 112 28 0.4807289261337514 0.4828766155994458 0.4935764333536449 
19 105 27 0.4814794026371195 0.4823944815086171 0.4935764333536449 
20 87 27 0.48200018427622154 0.48257715781449295 0.4935764333536449 
21 124 27 0.48223747361107683 0.48286123366132394 0.4935764333536449 
22 95 31 0.48181409373745837 0.48312393567561657 0.4935764333536449 
23 137 29 0.482708271509552 0.48335342221783717 0.4935764333536449 
24 114 30 0.48296908212462436 0.48374240098419313 0.4935764333536449 
25 116 32 0.4830415550707421 0.48389141752234033 0.4935764333536449 
26 117 36 0.4832811806609837 0.48394908331588316 0.4935764333536449 
27 93 38 0.48349427416131 0.4844811049829912 0.4935764333536449 
28 176 45 0.4836016387437163 0.4845613453222616 0.4935764333536449 
29 148 38 0.4839632609283515 0.4845993459047778 0.4935764333536449 

0 2919 8 0.4464398146497296 0.48909467284202324 0.48909467284202324 
1 257 3 0.4573255947715056 0.4853609811135773 0.48909467284202324 
2 297 3 0.4621162666255288 0.4803957684894311 0.48909467284202324 
3 151 4 0.4655669653770802 0.47686637071147187 0.48909467284202324 
4 363 7 0.46607740376529994 0.4756051629245608 0.48909467284202324 
5 142 11 0.4700355331122693 0.4753073705422729 0.48909467284202324 
6 186 13 0.47104107157787234 0.476040924762573 0.48909467284202324 
7 110 22 0.4721389147651828 0.4772113766712127 0.48909467284202324 
8 132 17 0.4734319381837902 0.4778101556272464 0.48909467284202324 
9 150 19 0.4747928038915776 0.47819575799294617 0.48909467284202324 
10 106 21 0.4762132640891093 0.4792341546249892 0.48909467284202324 
11 126 22 0.477044094251674 0.47945529884277194 0.48909467284202324 
12 213 24 0.4774236276138537 0.4795537115494266 0.48909467284202324 
13 197 26 0.4783175722811417 0.48006782298866374 0.48909467284202324 
14 154 27 0.47900477231427613 0.48032862636806933 0.48909467284202324 
15 121 27 0.4798187123702386 0.4806541447039092 0.48909467284202324 
16 93 28 0.4796993655523685 0.48067764273724095 0.48909467284202324 
17 147 30 0.48010158165907535 0.48089969133738064 0.48909467284202324 
18 142 29 0.4803370167293169 0.4810615616681633 0.48909467284202324 
19 159 41 0.4806874099037324 0.4812363686537421 0.48909467284202324 
20 132 34 0.48046137330541655 0.4813287319581182 0.48909467284202324 
21 130 38 0.48105385500573083 0.4812580922581028 0.48909467284202324 
22 161 39 0.48103023278844126 0.48144141912506044 0.48909467284202324 
23 191 41 0.4809550074992525 0.4814976354224034 0.48909467284202324 
24 133 41 0.4814719603981065 0.48168384590187785 0.48909467284202324 
25 88 43 0.4814827989209613 0.4817866731858068 0.48909467284202324 
26 244 46 0.4814918384185256 0.482070966443206 0.48909467284202324 
27 88 43 0.48201697028023155 0.48215577057839126 0.48909467284202324 
28 145 46 0.48167041057261306 0.48215577057839126 0.48909467284202324 
29 125 47 0.4820717647005713 0.4824888675046032 0.48909467284202324 
0 2728 8 0.4471810760867708 0.4862683377558674 0.4862683377558674 
1 203 3 0.4579593152051185 0.4862683377558674 0.4862683377558674 
2 209 3 0.46233499928555477 0.4742043426161763 0.4862683377558674 
3 230 4 0.46579861624841284 0.47458461718626804 0.4862683377558674 
4 246 9 0.4687788672411017 0.4760903943438669 0.4862683377558674 
5 136 12 0.47207762958488936 0.47815996375536207 0.4862683377558674 
6 137 14 0.4737606525722597 0.47827098715975136 0.4862683377558674 
7 127 15 0.47482984347194396 0.4787121078954095 0.4862683377558674 
8 228 17 0.47582045220569147 0.47911409474760014 0.4862683377558674 
9 127 20 0.4773300674257648 0.4796448964451675 0.4862683377558674 
10 151 22 0.47814870193552106 0.48007709965438594 0.4862683377558674 
11 144 26 0.47873264147099726 0.48052851090438475 0.4862683377558674 
12 127 26 0.4797409965860943 0.48107170637587715 0.4862683377558674 
13 110 26 0.48026823377650346 0.481476326473825 0.4862683377558674 
14 205 27 0.4807174518805411 0.48191337324810135 0.4862683377558674 
15 105 28 0.4810651832111095 0.482161846958194 0.4862683377558674 
16 230 27 0.48157294215618585 0.482690276466191 0.4862683377558674 
17 164 30 0.48203633876975893 0.48298141891407853 0.4862683377558674 
18 72 30 0.48247245185960935 0.4831045804820481 0.4862683377558674 
19 148 32 0.4825068324325638 0.4833617065169925 0.4862683377558674 
20 247 32 0.4828237655540542 0.4835276823453112 0.4862683377558674 
21 130 33 0.4832194228670086 0.4836943209697223 0.4862683377558674 
22 151 33 0.483488336684408 0.4842357387367884 0.4862683377558674 
23 115 34 0.483682497162533 0.48444264887878347 0.4862683377558674 
24 96 34 0.48388181056930407 0.4845756317161566 0.4862683377558674 
25 133 36 0.48393777549564115 0.4847241603858471 0.4862683377558674 
26 97 36 0.4841729391947927 0.4848526994373456 0.4862683377558674 
27 169 36 0.4842290251474116 0.48499051903054835 0.4862683377558674 
28 234 43 0.48390632594123595 0.48496811313136823 0.4862683377558674 
29 119 47 0.48390752004897364 0.48492967302282536 0.4862683377558674 
0 2606 8 0.44657256827327857 0.498055842598659 0.498055842598659 
1 183 3 0.4566070623259886 0.47964683803695213 0.498055842598659 
2 145 2 0.4611269373842511 0.4773908143397384 0.498055842598659 
3 159 3 0.46482581665093897 0.4730193160558207 0.498055842598659 
4 90 6 0.46790714329668504 0.473580516711842 0.498055842598659 
5 253 9 0.46964785080625104 0.47418412579626623 0.498055842598659 
6 158 12 0.4713258482785011 0.4747985759705089 0.498055842598659 
7 79 13 0.47254749838767707 0.4753968846792416 0.498055842598659 
8 132 15 0.47372105104586604 0.47634297672678017 0.498055842598659 
9 64 17 0.4749098551625817 0.4769953779748729 0.498055842598659 
10 58 20 0.47585464796464294 0.4773267961147555 0.498055842598659 
11 67 21 0.47674975799290265 0.4779398844070405 0.498055842598659 
12 119 20 0.47728548128593973 0.47841245358748835 0.498055842598659 
13 179 23 0.4775507241735113 0.4790563450343729 0.498055842598659 
14 118 24 0.4781832745184783 0.4790595004082612 0.498055842598659 
15 176 26 0.47833708645795275 0.47965952905367076 0.498055842598659 
16 180 27 0.4787485034090879 0.48001987742641344 0.498055842598659 
17 131 27 0.47949644283039583 0.4805358722193022 0.498055842598659 
18 114 28 0.47979195425007404 0.4807263450827135 0.498055842598659 
19 91 29 0.4802951591739965 0.48103844897827064 0.498055842598659 
20 168 29 0.48058563286218503 0.48133245719912265 0.498055842598659 
21 88 28 0.48103387007582626 0.48157648995868374 0.498055842598659 
22 106 28 0.48124834840503183 0.4818345448427897 0.498055842598659 
23 142 29 0.4815108150411582 0.48205968606261307 0.498055842598659 
24 130 32 0.4816312187407919 0.4820206126072543 0.498055842598659 
25 61 32 0.481724113685978 0.48211572855935597 0.498055842598659 
26 138 32 0.481888034611172 0.4821549163941798 0.498055842598659 
27 158 39 0.48154785118667015 0.4823378093570137 0.498055842598659 
28 72 32 0.4822999048427381 0.4824547393914199 0.498055842598659 
29 155 35 0.4822303182758073 0.48337692723534625 0.498055842598659 
0 2799 10 0.44708400295676265 0.4892096301717584 0.4892096301717584 
1 139 4 0.45496349322969337 0.4829257877804517 0.4892096301717584 
2 314 2 0.46109631777195115 0.4829257877804517 0.4892096301717584 
3 201 4 0.4643390943643435 0.47398689065245936 0.4892096301717584 
4 153 8 0.4667067709000052 0.4736713011130702 0.4892096301717584 
5 161 17 0.46917640245449116 0.4747218022045908 0.4892096301717584 
6 302 13 0.47119036408349724 0.4764114365742762 0.4892096301717584 
7 79 14 0.47220563893608153 0.47685667430842354 0.4892096301717584 
8 120 14 0.4737329936575388 0.47704163415540624 0.4892096301717584 
9 53 16 0.4749351913550211 0.4777640938954317 0.4892096301717584 
10 53 18 0.4760467225020847 0.4783389921268458 0.4892096301717584 
11 111 19 0.4768789401006457 0.4786900073278618 0.4892096301717584 
12 179 21 0.4770469512990539 0.4791849040193499 0.4892096301717584 
13 186 23 0.4781983780171181 0.4795691479169017 0.4892096301717584 
14 92 23 0.4789346825885234 0.4799678025582027 0.4892096301717584 
15 102 25 0.4793150549349859 0.48033593361975363 0.4892096301717584 
16 167 26 0.479704982326847 0.480538095054282 0.4892096301717584 
17 126 27 0.48023795817649917 0.4809820005916238 0.4892096301717584 
18 173 26 0.480803546149044 0.48123467071466797 0.4892096301717584 
19 24 42 0.4811893614909135 0.48140241727338495 0.4892096301717584 
20 160 28 0.48108957320324275 0.4815493862031642 0.4892096301717584 
21 110 28 0.48133104585700726 0.48180426645086444 0.4892096301717584 
22 94 29 0.48158226755981526 0.4821001370065372 0.4892096301717584 
23 104 30 0.4817510741125309 0.48223491608621083 0.4892096301717584 
24 133 31 0.4817096978716211 0.4823980179282765 0.4892096301717584 
25 100 33 0.4819290767387912 0.4823304021675161 0.4892096301717584 
26 141 57 0.4820185420360312 0.48246099792587244 0.4892096301717584 
27 215 41 0.4821850938540916 0.4825086861472416 0.4892096301717584 
28 125 42 0.48228909881515647 0.4826346288957226 0.4892096301717584 
29 98 42 0.48248598574706714 0.4827474327712282 0.4892096301717584 
0 2586 10 0.44819623492688865 0.4946540719652911 0.4946540719652911 
1 137 4 0.4585267941248095 0.4893984654544846 0.4946540719652911 
2 232 4 0.46364104437271864 0.4813117720845149 0.4946540719652911 
3 144 8 0.4670459317652141 0.47810513619235473 0.4946540719652911 
4 120 14 0.46913787061373696 0.47821568284046817 0.4946540719652911 
5 287 18 0.47117982121229185 0.47898440778326057 0.4946540719652911 
6 189 21 0.4730148870286113 0.4791640623479582 0.4946540719652911 
7 247 23 0.47448976014873134 0.4792657218334213 0.4946540719652911 
8 208 27 0.47574419718664634 0.4797566177932204 0.4946540719652911 
9 31 30 0.47680402794579535 0.47991214495941614 0.4946540719652911 
10 147 35 0.4768304494319887 0.4801543380100769 0.4946540719652911 
11 125 35 0.47858407891338395 0.4809058321222585 0.4946540719652911 
12 125 38 0.4790785246947932 0.4810730871382487 0.4946540719652911 
13 121 39 0.4797967671195545 0.48135316735072636 0.4946540719652911 
14 151 41 0.4803737039485375 0.4821281367457493 0.4946540719652911 
15 83 41 0.48094849379141247 0.48263593973482033 0.4946540719652911 
16 105 43 0.48135953589451946 0.48334158633344637 0.4946540719652911 
17 170 44 0.4816953602549202 0.48364750427247966 0.4946540719652911 
18 101 44 0.48220716987564627 0.48389361979792445 0.4946540719652911 
19 115 47 0.48216881416945007 0.48381294239786143 0.4946540719652911 
20 111 48 0.48272239242690346 0.48414704363824823 0.4946540719652911 
21 142 48 0.4830297712987286 0.48426541396041733 0.4946540719652911 
22 116 50 0.4833732331205666 0.48453060251618774 0.4946540719652911 
23 62 51 0.48392725947066145 0.48460446477181623 0.4946540719652911 
24 150 54 0.4836635576857055 0.48471883067983723 0.4946540719652911 
25 144 56 0.4840794768995175 0.4846980777635562 0.4946540719652911 
26 164 59 0.48443717598077135 0.4848225344904264 0.4946540719652911 
27 212 64 0.48424410747388813 0.4848724340569436 0.4946540719652911 
28 103 72 0.484310142154596 0.4848489935109497 0.4946540719652911 
29 106 74 0.4843866279253202 0.4849162856159469 0.4946540719652911 
0 2888 8 0.44869980037025775 0.49379749210308005 0.49379749210308005 
1 284 3 0.46004407663004765 0.48814402092005205 0.49379749210308005 
2 78 3 0.4627362755490126 0.476431961498169 0.49379749210308005 
3 327 6 0.466181711538373 0.477072604437994 0.49379749210308005 
4 193 11 0.46994650777469343 0.4771176538403036 0.49379749210308005 
5 296 16 0.47163703190885203 0.47827136840869516 0.49379749210308005 
6 169 17 0.47271908767196125 0.47853636782084263 0.49379749210308005 
7 155 20 0.47461503001776345 0.4790904966261967 0.49379749210308005 
8 172 22 0.4756192408107595 0.47953119135818256 0.49379749210308005 
9 175 24 0.4764172460995073 0.47975961436945946 0.49379749210308005 
10 112 26 0.4777594765472615 0.48030048136127734 0.49379749210308005 
11 113 26 0.4785259291977024 0.480447048294799 0.49379749210308005 
12 121 28 0.47918614551314126 0.4806666937627132 0.49379749210308005 
13 133 29 0.47992108836656727 0.4814572786326798 0.49379749210308005 
14 115 29 0.4804066571945795 0.48162775436835586 0.49379749210308005 
15 49 29 0.48091681900661265 0.48183158292888345 0.49379749210308005 
16 97 32 0.48097339518579396 0.4819988771716722 0.49379749210308005 
17 115 32 0.4813052281517093 0.4821990888412625 0.49379749210308005 
18 109 32 0.4816051158338396 0.48251708107611935 0.49379749210308005 
19 186 34 0.48166568557754663 0.48276215683976115 0.49379749210308005 
20 198 36 0.4817026530919333 0.48302097024325874 0.49379749210308005 
21 210 36 0.48216260473425754 0.4832541441040394 0.49379749210308005 
22 143 39 0.48250646816674947 0.4833999518773008 0.49379749210308005 
23 100 44 0.482788478585892 0.4835081824452321 0.49379749210308005 
24 200 44 0.48303147847369343 0.48378292284045293 0.49379749210308005 
25 87 42 0.48343567898053663 0.48394459665205314 0.49379749210308005 
26 180 42 0.48370156672284037 0.48416502210220086 0.49379749210308005 
27 209 51 0.4838162691457872 0.48431298665640266 0.49379749210308005 
28 74 52 0.4840872790264133 0.4844033998490246 0.49379749210308005 
29 134 55 0.48397388240045425 0.4845192371127169 0.49379749210308005 
0 2669 7 0.45057557591629904 0.4945699240688923 0.4945699240688923 
1 115 4 0.4598170481927541 0.4945699240688923 0.4945699240688923 
2 169 3 0.46472182136884954 0.4819002307156547 0.4945699240688923 
3 96 5 0.46802015035203404 0.47741956645934813 0.4945699240688923 
4 69 10 0.4709921378147787 0.4772825546401459 0.4945699240688923 
5 82 12 0.4729536332864654 0.4769412196145605 0.4945699240688923 
6 69 13 0.47456438077432395 0.477247163015354 0.4945699240688923 
7 55 15 0.47599451251354025 0.47754380576008554 0.4945699240688923 
8 163 27 0.4767986038642497 0.4781927246856459 0.4945699240688923 
9 131 21 0.47707575857417533 0.4783146124682419 0.4945699240688923 
10 132 22 0.47794726354545086 0.4788713398434494 0.4945699240688923 
11 43 23 0.4783763710248379 0.47904775628352414 0.4945699240688923 
12 121 24 0.47870081556526245 0.4792752934582636 0.4945699240688923 
13 212 24 0.47914791353828845 0.4800903630833114 0.4945699240688923 
14 156 27 0.479378906045178 0.4805301947111481 0.4945699240688923 
15 59 26 0.47993438828397006 0.48086098436535896 0.4945699240688923 
16 61 27 0.4802848944248612 0.48122179897573053 0.4945699240688923 
17 119 27 0.4804881603158265 0.48148333427889545 0.4945699240688923 
18 36 27 0.4809021991144769 0.48163148811144396 0.4945699240688923 
19 42 28 0.4811173171446517 0.48216282854051296 0.4945699240688923 
20 140 29 0.48134160760430006 0.4824669215287911 0.4945699240688923 
21 69 28 0.48173458130669994 0.4825911607608222 0.4945699240688923 
22 141 29 0.4820971828833145 0.48279894986436195 0.4945699240688923 
23 99 30 0.482522963304904 0.48307507934942806 0.4945699240688923 
24 107 32 0.48248518861231465 0.48332631604431764 0.4945699240688923 
25 110 32 0.48279429640013505 0.483290923509386 0.4945699240688923 
26 115 31 0.48311699306639466 0.48347400464081736 0.4945699240688923 
27 94 36 0.4830790281373886 0.48356322782607325 0.4945699240688923 
28 148 35 0.48317033806528725 0.4837015372334562 0.4945699240688923 
29 203 34 0.4833893242227931 0.4839101765966357 0.4945699240688923 
0 2418 8 0.44811628786038876 0.4955559611527415 0.4955559611527415 
1 213 3 0.45649625763747304 0.48827158142749816 0.4955559611527415 
2 214 2 0.46310681561513145 0.48112330264851644 0.4955559611527415 
3 64 4 0.46730056568729156 0.4751866063494625 0.4955559611527415 
4 116 8 0.4703540715050219 0.4775868253125432 0.4955559611527415 
5 124 11 0.4724407123210013 0.47795637799404345 0.4955559611527415 
6 208 13 0.47315831121761276 0.4791221726194038 0.4955559611527415 
7 89 15 0.47450510451546757 0.4785115847394697 0.4955559611527415 
8 196 17 0.4754043115968814 0.4791474651383444 0.4955559611527415 
9 93 19 0.47649982072570124 0.47962177676304624 0.4955559611527415 
10 131 20 0.4773637011052446 0.47998427042801745 0.4955559611527415 
11 142 22 0.47821885064300873 0.4806458594482858 0.4955559611527415 
12 105 26 0.47860348722256973 0.48113574882120047 0.4955559611527415 
13 123 24 0.480086110675798 0.4814774610980693 0.4955559611527415 
14 137 25 0.4806243109141427 0.4817293562871615 0.4955559611527415 
15 188 26 0.48115040563231337 0.48212539802969495 0.4955559611527415 
16 116 27 0.4816116287681494 0.48229758731811423 0.4955559611527415 
17 166 27 0.48200284670710714 0.4825126077064782 0.4955559611527415 
18 113 29 0.4822900320301383 0.48269462731830615 0.4955559611527415 
19 113 33 0.4813805510839862 0.48272640804712186 0.4955559611527415 
20 145 33 0.48174383164656853 0.4825019747710911 0.4955559611527415 
21 138 32 0.4820403353708944 0.4824524483905224 0.4955559611527415 
22 77 38 0.4821577805335297 0.4825383338785557 0.4955559611527415 
23 169 46 0.4823979509886827 0.4827706182870086 0.4955559611527415 
24 132 42 0.48262001087296175 0.48294529179142026 0.4955559611527415 
25 102 42 0.4826650360855347 0.4829602269182315 0.4955559611527415 
26 171 43 0.4827697196585743 0.4831253853830276 0.4955559611527415 
27 135 46 0.48261981586051517 0.4832774430303504 0.4955559611527415 
28 83 44 0.4829573669575958 0.48328734211671426 0.4955559611527415 
29 115 46 0.483130396514966 0.4834197715391694 0.4955559611527415 
0 2584 8 0.45040420268265424 0.4870686589820767 0.4870686589820767 
1 138 3 0.45929473725030084 0.48352022979757947 0.4870686589820767 
2 99 3 0.4634312378655836 0.47545871003921114 0.4870686589820767 
3 188 3 0.4659191046856764 0.47486620148723796 0.4870686589820767 
4 126 6 0.4678511497020939 0.4738478169194006 0.4870686589820767 
5 95 12 0.47011775033631314 0.47525650389521285 0.4870686589820767 
6 225 13 0.46923407841580334 0.4771834692352617 0.4870686589820767 
7 153 14 0.4720419113949705 0.4774329256217249 0.4870686589820767 
8 127 18 0.4731117532690498 0.47752920385119996 0.4870686589820767 
9 195 20 0.47392793870103894 0.4782654505663734 0.4870686589820767 
10 117 21 0.4752752556684328 0.47879886798197474 0.4870686589820767 
11 163 22 0.47609575499411483 0.478969307073551 0.4870686589820767 
12 246 24 0.476947382448032 0.4790985478504813 0.4870686589820767 
13 110 23 0.47820924883524185 0.4794669869048497 0.4870686589820767 
14 94 25 0.47887122461785586 0.4798037600794227 0.4870686589820767 
15 144 26 0.4791829920468892 0.4805719321997327 0.4870686589820767 
16 117 25 0.47972546093405866 0.4805868021342237 0.4870686589820767 
17 98 26 0.48015997500518975 0.4809434780737649 0.4870686589820767 
18 125 26 0.48045663344331385 0.48123159409845717 0.4870686589820767 
19 74 29 0.48027305396839026 0.48146135021869463 0.4870686589820767 
20 140 28 0.4808331229684638 0.4817199715672561 0.4870686589820767 
21 54 28 0.48134733900713783 0.48196696580511206 0.4870686589820767 
22 153 29 0.48148781864475054 0.4820908848821026 0.4870686589820767 
23 111 29 0.481804916663651 0.482273726775307 0.4870686589820767 
24 173 30 0.48183238153967906 0.48239844022625444 0.4870686589820767 
25 155 34 0.4820290160053581 0.48281978969767914 0.4870686589820767 
26 110 39 0.4821718881232461 0.482919517938018 0.4870686589820767 
27 96 48 0.48246221351035595 0.4831766773357984 0.4870686589820767 
28 85 39 0.48271745697968066 0.4835567035218944 0.4870686589820767 
29 110 37 0.48306058472309504 0.48365106603518754 0.4870686589820767 
0 2695 8 0.44931255745407855 0.4947422469394883 0.4947422469394883 
1 155 3 0.4599685708807241 0.4893435346400733 0.4947422469394883 
2 170 3 0.464104653021003 0.4806508391903198 0.4947422469394883 
3 132 5 0.4680079804158583 0.47659183414767303 0.4947422469394883 
4 152 9 0.46953985561394795 0.47704919609182717 0.4947422469394883 
5 51 12 0.471817148521281 0.4764480308772251 0.4947422469394883 
6 105 14 0.47306041521541636 0.47701127381491315 0.4947422469394883 
7 159 17 0.4739414971237511 0.4782338322471912 0.4947422469394883 
8 179 19 0.47502958532846457 0.4779739852422269 0.4947422469394883 
9 80 21 0.476118474303006 0.47924221961034674 0.4947422469394883 
10 119 23 0.47632697388820006 0.47972335194847215 0.4947422469394883 
11 99 24 0.4774934451665764 0.47992294941045976 0.4947422469394883 
12 142 24 0.47839043365440514 0.4803719726134452 0.4947422469394883 
13 59 25 0.47877958845778706 0.48053710477731815 0.4947422469394883 
14 159 26 0.47889087415296133 0.48101245355137584 0.4947422469394883 
15 135 26 0.4797601453328449 0.4811868517185394 0.4947422469394883 
16 73 27 0.4800187274848681 0.4814284207740287 0.4947422469394883 
17 151 30 0.4802905846876066 0.48143283777010293 0.4947422469394883 
18 111 29 0.4805907580257267 0.4816758645834548 0.4947422469394883 
19 86 44 0.48111921542084707 0.4819125682806418 0.4947422469394883 
20 71 31 0.4813875912328173 0.4821290009478725 0.4947422469394883 
21 84 31 0.4816833345410136 0.48232272303762835 0.4947422469394883 
22 157 33 0.48160536739919135 0.4824421253182949 0.4947422469394883 
23 158 39 0.48198492606500243 0.48260492806547706 0.4947422469394883 
24 184 44 0.48217052905184166 0.48283522798710055 0.4947422469394883 
25 185 46 0.4824398655228003 0.4829523813387344 0.4947422469394883 
26 81 47 0.48277916320195063 0.483180519384663 0.4947422469394883 
27 50 47 0.4831088090539766 0.483314149566228 0.4947422469394883 
28 90 48 0.4831127751963757 0.4834675132271376 0.4947422469394883 
29 96 48 0.4832486289334902 0.4836234869012302 0.4947422469394883 
0 2794 11 0.44796775601131666 0.4972009637294929 0.4972009637294929 
1 243 3 0.4566204669788185 0.48477651281976 0.4972009637294929 
2 323 3 0.46173960645988843 0.48477651281976 0.4972009637294929 
3 186 4 0.46483054412601177 0.47486093632021836 0.4972009637294929 
4 198 8 0.4684841921187809 0.4757520590444827 0.4972009637294929 
5 112 11 0.47053044618704154 0.4761884122859035 0.4972009637294929 
6 150 15 0.47166683518058633 0.47667491533463247 0.4972009637294929 
7 136 18 0.47277843732355324 0.47715126394020235 0.4972009637294929 
8 94 21 0.4740122874824659 0.47761845047178325 0.4972009637294929 
9 182 23 0.47528459291430997 0.4787492200401603 0.4972009637294929 
10 113 23 0.4759288509788059 0.4789158382038827 0.4972009637294929 
11 130 25 0.47701539715203295 0.47947875871521733 0.4972009637294929 
12 103 25 0.47775690826067013 0.48069513653983476 0.4972009637294929 
13 88 26 0.4785442217541145 0.4811456152208865 0.4972009637294929 
14 123 27 0.4792168702365055 0.48134912604416236 0.4972009637294929 
15 209 29 0.47973518726046904 0.48169203989316245 0.4972009637294929 
16 165 29 0.4804235659255209 0.48206145142699375 0.4972009637294929 
17 162 30 0.4812510387029274 0.48227130395975737 0.4972009637294929 
18 114 32 0.4816418841178609 0.48236196214892113 0.4972009637294929 
19 195 36 0.4818402837340267 0.48267843259984045 0.4972009637294929 
20 143 40 0.48225970329797546 0.4828962745549798 0.4972009637294929 
21 67 41 0.48264893345474186 0.48299731973494153 0.4972009637294929 
22 197 43 0.48257628580143697 0.4832405629116523 0.4972009637294929 
23 90 44 0.483072272892794 0.4835060317598432 0.4972009637294929 
24 70 43 0.48330371934042177 0.48368697799124105 0.4972009637294929 
25 129 46 0.4833141170152071 0.4837860616594486 0.4972009637294929 
26 214 46 0.4834028514601661 0.48403823133188173 0.4972009637294929 
27 147 46 0.4838016806225599 0.4841901312763709 0.4972009637294929 
28 58 47 0.4840717597792259 0.4842583150171934 0.4972009637294929 
29 133 48 0.4840397538642495 0.484327631875465 0.4972009637294929 
0 2630 7 0.44674272260893444 0.49948475118682806 0.49948475118682806 
1 240 3 0.45639512235256346 0.489147968453354 0.49948475118682806 
2 154 2 0.4629395041079606 0.48695555609622926 0.49948475118682806 
3 135 4 0.4666250395269598 0.4748097307616238 0.49948475118682806 
4 111 8 0.46863017539111745 0.4748193834176243 0.49948475118682806 
5 177 19 0.4705999486000995 0.47655896390682784 0.49948475118682806 
6 122 12 0.4726184615958988 0.47692303229804167 0.49948475118682806 
7 142 18 0.4725237032918598 0.4770800066186972 0.49948475118682806 
8 109 15 0.4746858828619107 0.4782872143037047 0.49948475118682806 
9 181 18 0.4750046027124432 0.4785056763127811 0.49948475118682806 
10 153 21 0.4760797271496549 0.47920279987354647 0.49948475118682806 
11 74 21 0.4772892212706481 0.4799820655339889 0.49948475118682806 
12 197 23 0.4773004942132726 0.47992854422747144 0.49948475118682806 
13 219 25 0.47780480545436277 0.4802710602297351 0.49948475118682806 
14 133 28 0.4784251718634958 0.48062677850147584 0.49948475118682806 
15 204 28 0.47953719658225824 0.4809528086351186 0.49948475118682806 
16 122 29 0.4800356812059173 0.48119653410382957 0.49948475118682806 
17 108 32 0.48034266518318947 0.4816008998812572 0.49948475118682806 
18 163 33 0.48092006978485846 0.48166712485908736 0.49948475118682806 
19 144 34 0.481148890592308 0.48186683781493955 0.49948475118682806 
20 188 36 0.48164547221091314 0.48256460965867376 0.49948475118682806 
21 150 36 0.4815410632959629 0.4824868000879558 0.49948475118682806 
22 188 37 0.4817207822119478 0.4826858759663334 0.49948475118682806 
23 114 42 0.48204338003139213 0.4828217340673548 0.49948475118682806 
24 213 47 0.4818370474513845 0.4828917355402357 0.49948475118682806 
25 186 51 0.4813780824376315 0.4829543580631893 0.49948475118682806 
26 109 47 0.48221311827822405 0.48283420692265167 0.49948475118682806 
27 111 45 0.48249682094234175 0.48295548394380405 0.49948475118682806 
28 105 44 0.4826616401021311 0.4830664803430306 0.49948475118682806 
29 157 44 0.482497987370609 0.4831686349627254 0.49948475118682806 
0 2824 10 0.4495242543260076 0.5116854550466768 0.5116854550466768 
1 230 3 0.4600560514446492 0.49732583907311 0.5116854550466768 
2 217 3 0.46361609988838715 0.4907058040066996 0.5116854550466768 
3 151 5 0.4666248685801843 0.48631639362907775 0.5116854550466768 
4 50 10 0.46956286599835373 0.4769685434054227 0.5116854550466768 
5 117 13 0.47138417703398033 0.4776073401930337 0.5116854550466768 
6 89 16 0.47292396288326316 0.4782180083232992 0.5116854550466768 
7 37 16 0.4745358518525053 0.47850857945765646 0.5116854550466768 
8 153 18 0.47561225291863657 0.47947743652051356 0.5116854550466768 
9 112 20 0.47654522334963895 0.4794026785259693 0.5116854550466768 
10 79 20 0.4777430249630335 0.47975844258170475 0.5116854550466768 
11 256 22 0.47863598827809384 0.48054183117133803 0.5116854550466768 
12 141 24 0.4793816763801171 0.48097419085893717 0.5116854550466768 
13 159 25 0.4799916120445974 0.48135349781478587 0.5116854550466768 
14 158 26 0.48055286878055364 0.481940289291982 0.5116854550466768 
15 142 26 0.4810563444341747 0.48233245827349047 0.5116854550466768 
16 84 28 0.4813298540868022 0.48234714569563797 0.5116854550466768 
17 153 28 0.48178587161213426 0.48280209749665665 0.5116854550466768 
18 172 30 0.4819721218328699 0.4828488856509986 0.5116854550466768 
19 104 31 0.4822162658282395 0.4831067984797873 0.5116854550466768 
20 73 31 0.48261794424944965 0.4832008164419247 0.5116854550466768 
21 176 31 0.48293440646189006 0.4834367093551336 0.5116854550466768 
22 164 33 0.48310669503929426 0.48363720990242476 0.5116854550466768 
23 208 36 0.48302669245711677 0.4838995650425398 0.5116854550466768 
24 157 36 0.483409667398756 0.48389982531160836 0.5116854550466768 
25 66 36 0.48374567878168306 0.48404334734965515 0.5116854550466768 
26 189 40 0.48324591959956686 0.48414780850966443 0.5116854550466768 
27 136 53 0.48371259005604883 0.4841298327298591 0.5116854550466768 
28 144 49 0.48384004174172746 0.4843271006650803 0.5116854550466768 
29 179 51 0.48376825834206194 0.4848183984863066 0.5116854550466768 
0 2645 14 0.4450973032417068 0.4889872123146645 0.4889872123146645 
1 188 3 0.4546879486769747 0.4782065049993003 0.4889872123146645 
2 272 3 0.4602017772640008 0.4739430968108334 0.4889872123146645 
3 150 5 0.4644272619467984 0.4745453700689771 0.4889872123146645 
4 156 7 0.46633762450900507 0.4752096854467056 0.4889872123146645 
5 140 12 0.46896598440814846 0.47557726453018 0.4889872123146645 
6 164 13 0.4704290675458374 0.475554276036482 0.4889872123146645 
7 110 18 0.4715411198170618 0.4756320225982712 0.4889872123146645 
8 100 21 0.47307611185673415 0.47653750961281927 0.4889872123146645 
9 253 22 0.4737013593842058 0.47713076996339393 0.4889872123146645 
10 108 23 0.47492629585119545 0.4772658236367292 0.4889872123146645 
11 175 23 0.4757934548380653 0.4774421515369929 0.4889872123146645 
12 165 25 0.47674464857683185 0.4778656236934571 0.4889872123146645 
13 113 25 0.4774381658222083 0.47822683388938714 0.4889872123146645 
14 115 25 0.4779339876005524 0.4784169589820445 0.4889872123146645 
15 158 27 0.47790472565247716 0.47859813077631796 0.4889872123146645 
16 136 28 0.47834732459608154 0.4788470488553501 0.4889872123146645 
17 145 29 0.4787617646140213 0.47919956233485067 0.4889872123146645 
18 148 30 0.47917923612247654 0.47959442259285273 0.4889872123146645 
19 216 33 0.47924697180919923 0.47975658705522717 0.4889872123146645 
20 54 33 0.4796306542773774 0.4798458687873266 0.4889872123146645 
21 103 32 0.47983178236995394 0.4800188111861392 0.4889872123146645 
22 110 35 0.4797224411339112 0.4801120303097449 0.4889872123146645 
23 150 34 0.480146916629692 0.48036194505739016 0.4889872123146645 
24 166 37 0.47983038136862227 0.4805238674421982 0.4889872123146645 
25 156 39 0.48042565890081634 0.480822793633927 0.4889872123146645 
26 122 45 0.48054202169833454 0.480931601739953 0.4889872123146645 
27 97 46 0.48061911266387347 0.48094909772473965 0.4889872123146645 
28 133 46 0.4808353179160735 0.48122524513096115 0.4889872123146645 
29 153 47 0.481048136523244 0.48150548070866095 0.4889872123146645 
0 2574 8 0.4475684363783379 0.4935514408357015 0.4935514408357015 
1 170 4 0.4562377842645385 0.48935903495936384 0.4935514408357015 
2 219 3 0.46206493587649555 0.47600042458282865 0.4935514408357015 
3 118 6 0.4651457641107852 0.4741644804317443 0.4935514408357015 
4 86 10 0.46797080696237303 0.4740789381373707 0.4935514408357015 
5 104 11 0.4698837750552023 0.47493554285428974 0.4935514408357015 
6 232 12 0.4711509832539009 0.4755941963089963 0.4935514408357015 
7 111 15 0.47299028773147916 0.47669751441280794 0.4935514408357015 
8 75 17 0.474124217901077 0.47892916939996005 0.4935514408357015 
9 158 26 0.47491643578509174 0.4790928314119627 0.4935514408357015 
10 66 20 0.4758003680593976 0.4794822821954716 0.4935514408357015 
11 200 22 0.47660883681612176 0.47984699045743473 0.4935514408357015 
12 87 23 0.4774497792594301 0.4801138964787425 0.4935514408357015 
13 87 23 0.47838908089114573 0.4804623664238281 0.4935514408357015 
14 156 25 0.4789683008956841 0.4806722916833686 0.4935514408357015 
15 83 25 0.47982227664216637 0.4811320853654193 0.4935514408357015 
16 174 26 0.48019298692796775 0.4816860113571588 0.4935514408357015 
17 212 28 0.4808720631366189 0.4819510763240177 0.4935514408357015 
18 152 29 0.48103573532895605 0.48200806597568335 0.4935514408357015 
19 72 30 0.48136109564087853 0.4821513789943772 0.4935514408357015 
20 129 30 0.48162025109997264 0.4823670626674138 0.4935514408357015 
21 227 33 0.4816336387401335 0.4825029405829342 0.4935514408357015 
22 160 32 0.4820250868295714 0.48276801304491257 0.4935514408357015 
23 184 31 0.48243822570800526 0.48303236863405197 0.4935514408357015 
24 186 34 0.4825372403268412 0.48318964166450495 0.4935514408357015 
25 162 36 0.4827983402145656 0.48350340199071284 0.4935514408357015 
26 213 36 0.4831227678692615 0.4838549935605112 0.4935514408357015 
27 97 41 0.4830461714340278 0.48379085666646215 0.4935514408357015 
28 124 43 0.4832047140007398 0.4839030405766839 0.4935514408357015 
29 110 42 0.48360745941200955 0.48402830894020654 0.4935514408357015 
0 3262 9 0.4499945294309958 0.498948472371997 0.498948472371997 
1 255 2 0.45757991702501527 0.49166128753017263 0.498948472371997 
2 224 2 0.462610661126358 0.48107725124749023 0.498948472371997 
3 181 4 0.4653430990408856 0.4762466858198331 0.498948472371997 
4 126 6 0.46749085522242284 0.47575092766207483 0.498948472371997 
5 193 9 0.46987905714398326 0.4767592421489909 0.498948472371997 
6 134 11 0.47175429583865464 0.47765019598368275 0.498948472371997 
7 112 13 0.47361530638244725 0.47774974000536924 0.498948472371997 
8 142 15 0.47462130728626073 0.4780981409411061 0.498948472371997 
9 121 17 0.4762534654324714 0.47852576055925905 0.498948472371997 
10 166 19 0.47733843920406743 0.4792784923441923 0.498948472371997 
11 157 22 0.4782624732464255 0.48028140715942347 0.498948472371997 
12 86 26 0.4782840443663905 0.480942978704331 0.498948472371997 
13 108 24 0.4794314110688809 0.4808640559301833 0.498948472371997 
14 200 26 0.4793016490106142 0.48116501972198095 0.498948472371997 
15 58 26 0.47982837846881077 0.481334565560421 0.498948472371997 
16 190 27 0.4801457908582958 0.481472366744044 0.498948472371997 
17 89 26 0.480926209489603 0.48189585466276735 0.498948472371997 
18 107 28 0.4812397168532246 0.4821538210902958 0.498948472371997 
19 126 30 0.4816124209616816 0.4824744475831395 0.498948472371997 
20 143 31 0.4818823619747348 0.4832961426677824 0.498948472371997 
21 121 31 0.4822015689160377 0.48348120974339037 0.498948472371997 
22 247 35 0.4820938841755584 0.4836845840100078 0.498948472371997 
23 119 33 0.48274990272530766 0.4838294462021893 0.498948472371997 
24 117 40 0.4830897958766394 0.48412138848070285 0.498948472371997 
25 120 41 0.48323675670116506 0.48432526559185085 0.498948472371997 
26 133 39 0.48370870369327057 0.4844044524010023 0.498948472371997 
27 188 41 0.4836977924368665 0.48446436360612505 0.498948472371997 
28 112 44 0.4842781865864553 0.48460401640018264 0.498948472371997 
29 233 47 0.4841458612842602 0.48476999905159757 0.498948472371997 
0 2832 9 0.4482299267842966 0.488053623961575 0.488053623961575 
1 164 3 0.45863901397267204 0.48901663380938876 0.48901663380938876 
2 138 3 0.4629687183758542 0.48194218574089365 0.48901663380938876 
3 293 5 0.4644218512779182 0.4775999847939127 0.48901663380938876 
4 83 9 0.467175294572366 0.4722532895883787 0.48901663380938876 
5 174 13 0.46821901663872145 0.4740889256671138 0.48901663380938876 
6 146 14 0.46998241807589897 0.4745533963524042 0.48901663380938876 
7 279 19 0.4703822454310354 0.47581401952885893 0.48901663380938876 
8 98 21 0.47257190738926463 0.4762685384448593 0.48901663380938876 
9 133 21 0.47350133234152986 0.47769704855068407 0.48901663380938876 
10 231 22 0.4744522256912508 0.477676958481292 0.48901663380938876 
11 219 24 0.47541933160035976 0.47922513577205944 0.48901663380938876 
12 75 26 0.47652415268101384 0.47970351276872025 0.48901663380938876 
13 246 29 0.4766540414365486 0.4801880500215004 0.48901663380938876 
14 89 29 0.47789299318296163 0.48082833337338404 0.48901663380938876 
15 166 31 0.47856500458042894 0.48112170757999917 0.48901663380938876 
16 68 40 0.4794090905635327 0.48147065178393 0.48901663380938876 
17 239 31 0.48000447791809214 0.48168573857322594 0.48901663380938876 
18 135 32 0.4807286301695423 0.4819506060997529 0.48901663380938876 
19 202 33 0.48136865653392874 0.4824508598686999 0.48901663380938876 
20 168 34 0.48173768356532143 0.48286239468536724 0.48901663380938876 
21 198 39 0.4817521436423561 0.48302051964728765 0.48901663380938876 
22 120 35 0.4825805476145967 0.483305623444531 0.48901663380938876 
23 123 37 0.48283406688081 0.48366589545950356 0.48901663380938876 
24 191 40 0.4825683884377358 0.4837088078075145 0.48901663380938876 
25 179 42 0.48322508213182636 0.4839721826440506 0.48901663380938876 
26 211 42 0.48327923986234295 0.4840775561017555 0.48901663380938876 
27 61 40 0.483667997098936 0.48414731941086075 0.48901663380938876 
28 220 44 0.4837344570291322 0.48441596649186786 0.48901663380938876 
29 157 49 0.484042350953095 0.484444714815689 0.48901663380938876 
0 2813 9 0.44878297647614995 0.49416339113643093 0.49416339113643093 
1 164 3 0.45573355198460375 0.4890723565035034 0.49416339113643093 
2 138 2 0.4612796311571891 0.47422784543590435 0.49416339113643093 
3 162 4 0.46397129068021187 0.4731756422345761 0.49416339113643093 
4 85 6 0.4653956564525679 0.472593066746826 0.49416339113643093 
5 195 10 0.46789351744778385 0.47404869654583753 0.49416339113643093 
6 118 12 0.47045473915654307 0.4743892105736267 0.49416339113643093 
7 100 13 0.47219400700964537 0.4761518213364973 0.49416339113643093 
8 100 16 0.47338939382332657 0.47668560832002943 0.49416339113643093 
9 117 18 0.474789826193274 0.477369050905154 0.49416339113643093 
10 165 18 0.4757271203260344 0.4779465420177849 0.49416339113643093 
11 75 20 0.47652212348421025 0.47858343103265294 0.49416339113643093 
12 101 20 0.47708128538239863 0.4788333065932511 0.49416339113643093 
13 110 21 0.4777282010420285 0.47914917890886166 0.49416339113643093 
14 135 22 0.47834461851149224 0.47992326103115673 0.49416339113643093 
15 54 23 0.478766643435336 0.48031595027260976 0.49416339113643093 
16 133 25 0.47917144999713884 0.48063732602669773 0.49416339113643093 
17 138 25 0.4797569907504928 0.481137465473097 0.49416339113643093 
18 79 25 0.48021295932151836 0.48164685306511434 0.49416339113643093 
19 187 26 0.4805121106816804 0.4816214412316528 0.49416339113643093 
20 68 26 0.48097067972822627 0.48192978477188986 0.49416339113643093 
21 137 27 0.4813550688704345 0.48225377458874263 0.49416339113643093 
22 78 28 0.481654067029083 0.48269140821198997 0.49416339113643093 
23 153 30 0.48193970764038496 0.48291497182795173 0.49416339113643093 
24 129 29 0.4822429676717349 0.48304740763150267 0.49416339113643093 
25 130 29 0.4826711775062648 0.48327876327173225 0.49416339113643093 
26 180 32 0.4828041773970407 0.4834684023509981 0.49416339113643093 
27 125 31 0.4829817765289382 0.48352730253288434 0.49416339113643093 
28 70 33 0.4831150324024761 0.4835082584591337 0.49416339113643093 
29 164 35 0.48278311574104593 0.4836082510110294 0.49416339113643093 
0 2821 9 0.44805838872750314 0.49286597806475324 0.49286597806475324 
1 241 3 0.4559537515749895 0.49393636141914393 0.49393636141914393 
2 286 3 0.46153528556224876 0.48162375250036077 0.49393636141914393 
3 260 6 0.4651472083212322 0.47440285160789075 0.49393636141914393 
4 247 12 0.46780229770902004 0.4751702473954668 0.49393636141914393 
5 213 17 0.4698611487442526 0.4749037941299392 0.49393636141914393 
6 102 21 0.47150895416337235 0.4761244891438957 0.49393636141914393 
7 180 24 0.47313463529074257 0.4768848103804666 0.49393636141914393 
8 140 31 0.47455126057197866 0.47742272367340577 0.49393636141914393 
9 164 33 0.47571394949596146 0.4779646531311889 0.49393636141914393 
10 234 34 0.47658858464104026 0.4783097996043728 0.49393636141914393 
11 165 37 0.4773857856524913 0.4788353645823253 0.49393636141914393 
12 106 37 0.4781913709219426 0.4791270561731719 0.49393636141914393 
13 214 39 0.47859888238278914 0.4795601430481409 0.49393636141914393 
14 140 43 0.4793865580531573 0.48065771554284986 0.49393636141914393 
15 155 46 0.4796505505411258 0.48092709441240333 0.49393636141914393 
16 134 45 0.4802844095348457 0.48148767500200873 0.49393636141914393 
17 133 46 0.48062477628321043 0.48191360126739113 0.49393636141914393 
18 162 50 0.4807880236702215 0.48228624737267756 0.49393636141914393 
19 229 52 0.48129413531014653 0.48277747298166335 0.49393636141914393 
20 141 53 0.48190268731258834 0.4829898444645098 0.49393636141914393 
21 203 53 0.48234631606684525 0.48315631859691766 0.49393636141914393 
22 58 55 0.48277636492527987 0.4833729766707754 0.49393636141914393 
23 99 54 0.4831253350598942 0.48348507124308576 0.49393636141914393 
24 161 55 0.483231258743193 0.48359750426647735 0.49393636141914393 
25 66 55 0.4834342978599655 0.48364484744834646 0.49393636141914393 
26 149 57 0.4834433072057426 0.483675460242064 0.49393636141914393 
27 151 59 0.48322935682490487 0.48367901042036027 0.49393636141914393 
28 73 59 0.48344717282152105 0.48362956268378926 0.49393636141914393 
29 112 60 0.48341674680826535 0.48370448552017703 0.49393636141914393 
0 2620 7 0.44805306828117586 0.49947080765184393 0.49947080765184393 
1 189 3 0.45807689540140395 0.4808746552620031 0.49947080765184393 
2 256 3 0.4621086070385849 0.4777933672892486 0.49947080765184393 
3 250 4 0.4644919654233203 0.4737154526828724 0.49947080765184393 
4 171 6 0.4671038195271472 0.47336484248856536 0.49947080765184393 
5 103 10 0.4688659975515011 0.47459765719847957 0.49947080765184393 
6 148 13 0.4709290397801502 0.47496748057435767 0.49947080765184393 
7 110 14 0.4724218731590037 0.47750798810541195 0.49947080765184393 
8 147 18 0.47376795807807703 0.4778959034527607 0.49947080765184393 
9 98 19 0.4748654175329006 0.47836604449641984 0.49947080765184393 
10 75 21 0.4756072912717782 0.478722636565809 0.49947080765184393 
11 127 22 0.47694233243148965 0.47953046565879826 0.49947080765184393 
12 104 22 0.477986398190378 0.47977876890571414 0.49947080765184393 
13 95 24 0.47865052704613503 0.4807913471319821 0.49947080765184393 
14 194 25 0.4793758891873596 0.48107554189149315 0.49947080765184393 
15 116 25 0.479672600905849 0.4811168426905246 0.49947080765184393 
16 213 35 0.4800897454756166 0.48165324730385595 0.49947080765184393 
17 131 26 0.48056873208016376 0.4815643500853913 0.49947080765184393 
18 157 27 0.4807092459576314 0.48204951049711875 0.49947080765184393 
19 87 29 0.48076290600665667 0.4822228093472689 0.49947080765184393 
20 106 28 0.48144956652092186 0.48256803254747477 0.49947080765184393 
21 135 30 0.48168500463660224 0.4829531018874161 0.49947080765184393 
22 64 30 0.4823813603129794 0.48312823143305333 0.49947080765184393 
23 141 29 0.48276073651649404 0.4833807685200334 0.49947080765184393 
24 83 34 0.4828178394536713 0.4834070130414275 0.49947080765184393 
25 43 30 0.4832739020032177 0.48351573757443955 0.49947080765184393 
26 140 32 0.48332622038889844 0.483786755461397 0.49947080765184393 
27 124 38 0.4836954387990066 0.48396585792050095 0.49947080765184393 
28 201 34 0.4835397236594985 0.48410065859227536 0.49947080765184393 
29 146 36 0.4836781314021044 0.48412364100062516 0.49947080765184393 
0 2929 9 0.4469834377430748 0.5015539383676478 0.5015539383676478 
1 166 3 0.45739589348928555 0.5015539383676478 0.5015539383676478 
2 216 2 0.461052407744334 0.5092589258021757 0.5092589258021757 
3 154 4 0.4633538459532794 0.47303680737512754 0.5092589258021757 
4 204 9 0.46585720330174446 0.47371371683061325 0.5092589258021757 
5 129 9 0.4685238419467553 0.47622032818709903 0.5092589258021757 
6 140 13 0.4706800992017986 0.4766165143865241 0.5092589258021757 
7 236 15 0.4722546814533801 0.4774888308661459 0.5092589258021757 
8 165 16 0.4739438648870991 0.4783211897342069 0.5092589258021757 
9 90 17 0.47511898188352675 0.4791462782760177 0.5092589258021757 
10 91 18 0.4761385554023683 0.48000693723935006 0.5092589258021757 
11 126 27 0.477318002515564 0.4807771386803743 0.5092589258021757 
12 167 20 0.4783857619694723 0.48115044628231307 0.5092589258021757 
13 100 22 0.4795832673764878 0.48178314133630573 0.5092589258021757 
14 103 22 0.48070089057121324 0.4821412458217992 0.5092589258021757 
15 112 23 0.4814341039635526 0.482601922831256 0.5092589258021757 
16 86 24 0.48196668749175503 0.4827778657449089 0.5092589258021757 
17 195 26 0.4814628105138477 0.4827858052084883 0.5092589258021757 
18 139 29 0.4816904693327736 0.48272335530507204 0.5092589258021757 
19 114 29 0.4824365663126074 0.48294343722859856 0.5092589258021757 
20 115 29 0.48276923441527736 0.48315929463059204 0.5092589258021757 
21 141 31 0.48265963103008735 0.48325438783656105 0.5092589258021757 
22 32 32 0.4828246776998708 0.48320696218149833 0.5092589258021757 
23 144 33 0.48291150437866537 0.48340563843036244 0.5092589258021757 
24 147 32 0.4831525990002507 0.483566525688908 0.5092589258021757 
25 224 36 0.4827484393695287 0.4835900664867515 0.5092589258021757 
26 153 40 0.4830803733908428 0.48373839160901744 0.5092589258021757 
27 144 43 0.48326763794233796 0.483807693667905 0.5092589258021757 
28 129 42 0.483433377034725 0.48386501015612304 0.5092589258021757 
29 213 42 0.48342984427231583 0.4840001404067264 0.5092589258021757 
0 2696 13 0.44611725276596154 0.4984575766672842 0.4984575766672842 
1 386 3 0.4556910577041885 0.4984575766672842 0.4984575766672842 
2 162 2 0.4624803855758748 0.4906556880461882 0.4984575766672842 
3 106 6 0.4657558548622567 0.4774252021019964 0.4984575766672842 
4 203 13 0.46823042733721926 0.47669315426443054 0.4984575766672842 
5 169 14 0.4700954481254554 0.4760422448448327 0.4984575766672842 
6 97 14 0.4725522800522799 0.4774458361129934 0.4984575766672842 
7 178 28 0.4734007074389306 0.4777055124861251 0.4984575766672842 
8 57 21 0.47445879122003043 0.478792884907014 0.4984575766672842 
9 175 22 0.47535928630518903 0.479346919817656 0.4984575766672842 
10 187 23 0.47621463538681646 0.4801101131855422 0.4984575766672842 
11 71 25 0.4771249603587776 0.4807972536068635 0.4984575766672842 
12 128 25 0.47801649522564255 0.4811206875878503 0.4984575766672842 
13 121 27 0.47883977714544296 0.48153285245136423 0.4984575766672842 
14 124 28 0.4795141743032641 0.48172143435924325 0.4984575766672842 
15 36 27 0.48050218349573576 0.481995980208799 0.4984575766672842 
16 118 30 0.4806855782687214 0.4822748200186432 0.4984575766672842 
17 114 30 0.48139214245780226 0.4824944410639397 0.4984575766672842 
18 129 32 0.48168615975455603 0.4826953118636634 0.4984575766672842 
19 177 33 0.4820440581044685 0.4828639853515119 0.4984575766672842 
20 76 33 0.4825146173654874 0.48296170223770796 0.4984575766672842 
21 167 33 0.4825289762377442 0.48320203184003824 0.4984575766672842 
22 155 38 0.48271004099033854 0.4834064266119221 0.4984575766672842 
23 173 43 0.48300803331948955 0.48351972726337333 0.4984575766672842 
24 170 51 0.4821978149479754 0.4835525884674712 0.4984575766672842 
25 162 48 0.48324348105069814 0.48371515374936036 0.4984575766672842 
26 203 49 0.4831832505656278 0.48389555161365555 0.4984575766672842 
27 178 49 0.4835139892619249 0.48403318948201524 0.4984575766672842 
28 139 50 0.4837644864564266 0.484309003389622 0.4984575766672842 
29 146 52 0.48385625570350926 0.4844904511872327 0.4984575766672842 
0 3145 9 0.44845165082924526 0.49479389116255373 0.49479389116255373 
1 293 3 0.45632238085705024 0.49286262557764116 0.49479389116255373 
2 158 3 0.4616938209700454 0.479640225480949 0.49479389116255373 
3 229 5 0.46415779900144577 0.4734393646644019 0.49479389116255373 
4 218 8 0.4666180084318475 0.4745570647261208 0.49479389116255373 
5 62 10 0.46925798818251896 0.47567444128466835 0.49479389116255373 
6 74 12 0.4702329721383894 0.4762830279848256 0.49479389116255373 
7 116 15 0.47161617726151156 0.47659458717366465 0.49479389116255373 
8 182 21 0.4727713643390923 0.4764194712050828 0.49479389116255373 
9 171 21 0.47345988409581574 0.477283060269357 0.49479389116255373 
10 71 24 0.4750643894909171 0.4777120497589816 0.49479389116255373 
11 127 24 0.47616309349250613 0.4782088671431972 0.49479389116255373 
12 193 34 0.4767783494443391 0.47845182360302285 0.49479389116255373 
13 126 27 0.47766848796082584 0.47893148735251234 0.49479389116255373 
14 98 27 0.4783551587971571 0.4794456574169278 0.49479389116255373 
15 121 30 0.47836817668133125 0.47969887464729855 0.49479389116255373 
16 182 30 0.47868922056935914 0.4798585257383219 0.49479389116255373 
17 114 31 0.47945162810605413 0.48006491100986787 0.49479389116255373 
18 152 32 0.4799021685523094 0.48027914042177944 0.49479389116255373 
19 219 33 0.4799874681286889 0.480597983812418 0.49479389116255373 
20 149 36 0.4800381333891906 0.4806988898327764 0.49479389116255373 
21 87 33 0.4805128288634235 0.48084128041291485 0.49479389116255373 
22 204 38 0.48026963281143475 0.48100469645349925 0.49479389116255373 
23 149 44 0.4808171507303714 0.48114861813146403 0.49479389116255373 
24 126 45 0.4803632190482808 0.48114861813146403 0.49479389116255373 
25 139 44 0.48093128200049123 0.4811371243846505 0.49479389116255373 
26 84 46 0.48096205585741814 0.4812512393653179 0.49479389116255373 
27 130 46 0.48115835145367447 0.4813989849011153 0.49479389116255373 
28 111 47 0.48127842258346654 0.48160238911363673 0.49479389116255373 
29 214 50 0.4813664230705975 0.48179903586925005 0.49479389116255373 
0 2799 10 0.4467211232804833 0.4984647848596503 0.4984647848596503 
1 390 3 0.4565703849126649 0.4982271917937428 0.4984647848596503 
2 261 3 0.46195679154553504 0.48527254343418647 0.4984647848596503 
3 148 5 0.4659818307271431 0.4746231929901255 0.4984647848596503 
4 118 9 0.4686063790157649 0.47489763530720674 0.4984647848596503 
5 124 12 0.47045344816554435 0.475338126539956 0.4984647848596503 
6 182 15 0.4720922063938473 0.4759785567337643 0.4984647848596503 
7 237 18 0.4739720225064966 0.47822245163031524 0.4984647848596503 
8 170 22 0.47525780216727864 0.4786350933971265 0.4984647848596503 
9 115 23 0.47643998680192534 0.4790540340844557 0.4984647848596503 
10 125 24 0.4772179687035267 0.4793765745538051 0.4984647848596503 
11 184 26 0.4781040333310413 0.47989304594764215 0.4984647848596503 
12 150 26 0.47893063763549565 0.48025565443008655 0.4984647848596503 
13 141 27 0.4795640090279166 0.48045556714547677 0.4984647848596503 
14 145 28 0.48028762759588417 0.48071610299528267 0.4984647848596503 
15 80 30 0.4805758357670421 0.4809685390130093 0.4984647848596503 
16 129 33 0.4799085373899487 0.4809131667392113 0.4984647848596503 
17 57 31 0.48066814333589397 0.48095097198931236 0.4984647848596503 
18 149 33 0.48051672539256124 0.4811235415371005 0.4984647848596503 
19 126 34 0.48071668848300797 0.48129035928983444 0.4984647848596503 
20 147 33 0.4808822356982925 0.48131527367401106 0.4984647848596503 
21 194 35 0.48105464406888304 0.481428800731854 0.4984647848596503 
22 113 41 0.4810953327704726 0.4816127169389074 0.4984647848596503 
23 113 44 0.48145669787021217 0.48179334928797296 0.4984647848596503 
24 103 45 0.4816107984468807 0.4819264162978625 0.4984647848596503 
25 164 47 0.4815470496302885 0.48211301104328685 0.4984647848596503 
26 149 47 0.48187752383458543 0.4822855443939082 0.4984647848596503 
27 250 50 0.4815818430698316 0.48290512525635865 0.4984647848596503 
28 82 49 0.48224779334280754 0.48292139611285345 0.4984647848596503 
29 211 51 0.4820602091084431 0.48309192598153927 0.4984647848596503 
0 2851 8 0.446208700021957 0.5074126333627442 0.5074126333627442 
1 199 3 0.45574629116439785 0.5074126333627442 0.5074126333627442 
2 175 3 0.46250234099989274 0.4739691255480688 0.5074126333627442 
3 125 5 0.4657159447902557 0.47437151770715136 0.5074126333627442 
4 85 9 0.46958910358578365 0.4743224457289854 0.5074126333627442 
5 211 12 0.47135252190404997 0.4761340787810632 0.5074126333627442 
6 75 14 0.47274460162977655 0.4776132257152491 0.5074126333627442 
7 225 16 0.47369953892904443 0.4781907627918235 0.5074126333627442 
8 168 18 0.47478890491689946 0.4784542230214736 0.5074126333627442 
9 90 20 0.47586915537095853 0.4785677949909406 0.5074126333627442 
10 73 21 0.4764243867241369 0.4790154187244797 0.5074126333627442 
11 159 23 0.47698622843470334 0.479287186084311 0.5074126333627442 
12 88 24 0.4781720376438417 0.48067947411227113 0.5074126333627442 
13 124 25 0.4789064172269248 0.4800163982881782 0.5074126333627442 
14 57 26 0.47952800793435907 0.48038068645516535 0.5074126333627442 
15 50 26 0.48012577084427954 0.4807129312842541 0.5074126333627442 
16 153 28 0.48029580630942986 0.48200819798576033 0.5074126333627442 
17 152 28 0.48081906069953384 0.48246043101528724 0.5074126333627442 
18 174 30 0.4806800375714525 0.4824225100016504 0.5074126333627442 
19 169 33 0.48118502119124884 0.48249399576648316 0.5074126333627442 
20 154 34 0.4815914167132208 0.4820836706253865 0.5074126333627442 
21 126 33 0.4819203981947945 0.4832743109069335 0.5074126333627442 
22 130 36 0.4819873734130369 0.4824895171547548 0.5074126333627442 
23 162 38 0.48222478861880236 0.4826521082127052 0.5074126333627442 
24 184 42 0.48208970688170294 0.4828295359521621 0.5074126333627442 
25 139 48 0.4824704144053898 0.483006172477579 0.5074126333627442 
26 182 48 0.48274127386229554 0.4831104184086113 0.5074126333627442 
27 182 54 0.4821513200080843 0.48413920760300644 0.5074126333627442 
28 166 54 0.4829337523862153 0.48335956431440097 0.5074126333627442 
29 124 54 0.48312821633991604 0.4835114914717129 0.5074126333627442 
0 2960 9 0.4469849381531044 0.4900461501912372 0.4900461501912372 
1 242 3 0.45660538998643047 0.4900461501912372 0.4900461501912372 
2 140 3 0.461057536554106 0.4831072320398334 0.4900461501912372 
3 216 5 0.46545255022972165 0.48052138462249855 0.4900461501912372 
4 179 10 0.4679366241129999 0.47477977704136515 0.4900461501912372 
5 267 13 0.46929927692191 0.4759825692682034 0.4900461501912372 
6 66 13 0.470779046342336 0.47635543317061496 0.4900461501912372 
7 188 16 0.4727899122105932 0.47714354654791247 0.4900461501912372 
8 192 19 0.47430301138351993 0.4777425273293917 0.4900461501912372 
9 127 22 0.47553650381071433 0.4785362182344989 0.4900461501912372 
10 59 23 0.4765772310767807 0.4797091739239735 0.4900461501912372 
11 160 23 0.47730000376680565 0.4800106070145828 0.4900461501912372 
12 134 24 0.47808070275551 0.48026692701828244 0.4900461501912372 
13 148 25 0.4786022801503109 0.480477007967842 0.4900461501912372 
14 108 28 0.4795679123400371 0.48111367102395775 0.4900461501912372 
15 297 29 0.48001287519037766 0.48164729697079733 0.4900461501912372 
16 127 30 0.48095507811649746 0.4820566257062711 0.4900461501912372 
17 225 41 0.4806673850439709 0.4827968072426536 0.4900461501912372 
18 80 32 0.48158199614065056 0.4833138529870109 0.4900461501912372 
19 126 33 0.4819895991794698 0.4831913480433677 0.4900461501912372 
20 112 35 0.4822688671669415 0.48364095475474356 0.4900461501912372 
21 58 34 0.48254615888696534 0.4838930531808834 0.4900461501912372 
22 118 35 0.4828234273748574 0.48413132970056905 0.4900461501912372 
23 151 35 0.4831076036616866 0.4843553829372495 0.4900461501912372 
24 153 38 0.4832659911872071 0.4844704711412307 0.4900461501912372 
25 107 43 0.4838374697551734 0.48482056428499976 0.4900461501912372 
26 117 47 0.48404107463261686 0.48492810808257714 0.4900461501912372 
27 168 53 0.4835420771446926 0.48500404530039215 0.4900461501912372 
28 111 48 0.4843320603872277 0.48512418505968435 0.4900461501912372 
29 169 50 0.48408563375023733 0.4852301997673979 0.4900461501912372 
0 2709 9 0.4464005183201287 0.4926590419606325 0.4926590419606325 
1 216 3 0.45592915769824854 0.48605490635309523 0.4926590419606325 
2 218 3 0.4602967503089312 0.4745850537631149 0.4926590419606325 
3 193 4 0.46322177575422097 0.4741021074683472 0.4926590419606325 
4 223 5 0.4663542238731526 0.47467902993637956 0.4926590419606325 
5 192 9 0.46880113860162725 0.47513543482068393 0.4926590419606325 
6 137 12 0.471435952525491 0.4754254122423264 0.4926590419606325 
7 138 15 0.47312990596553556 0.47650014500320526 0.4926590419606325 
8 205 15 0.4743287700499246 0.4772574699116447 0.4926590419606325 
9 136 17 0.4758271378392634 0.478192125364727 0.4926590419606325 
10 198 20 0.4767449137570578 0.47871949737279507 0.4926590419606325 
11 103 22 0.47768850571158133 0.47925366731469776 0.4926590419606325 
12 142 23 0.47812877173129087 0.4796651444952062 0.4926590419606325 
13 112 24 0.47893031692589483 0.48010825922464395 0.4926590419606325 
14 108 25 0.47962097075522664 0.48057049994316114 0.4926590419606325 
15 40 26 0.4799952750861878 0.48091418798591057 0.4926590419606325 
16 27 27 0.48038331986349 0.48117439867964973 0.4926590419606325 
17 221 27 0.4806903032143197 0.4815857333358043 0.4926590419606325 
18 128 28 0.4811823498302877 0.48177084846524054 0.4926590419606325 
19 92 28 0.48154436041554666 0.481940892643399 0.4926590419606325 
20 96 29 0.48169500196521087 0.4820509545956188 0.4926590419606325 
21 144 29 0.48178872237888437 0.4823124424675178 0.4926590419606325 
22 176 30 0.48202536737580465 0.48266162961458847 0.4926590419606325 
23 188 31 0.4821908940403492 0.48321698529129276 0.4926590419606325 
24 119 34 0.48252565414195103 0.48341642084929665 0.4926590419606325 
25 85 35 0.48271524840310376 0.4835260596769229 0.4926590419606325 
26 81 35 0.4830182182545948 0.48366777481529555 0.4926590419606325 
27 64 36 0.483132237632966 0.4838423378236182 0.4926590419606325 
28 137 39 0.48334162860323926 0.48407127696935504 0.4926590419606325 
29 83 41 0.4836159091393265 0.4842376264432897 0.4926590419606325 
0 2583 7 0.44789946500909117 0.5001674624314025 0.5001674624314025 
1 175 3 0.45724614820449216 0.4869967052834338 0.5001674624314025 
2 190 2 0.4632170881737242 0.48015245349546654 0.5001674624314025 
3 160 4 0.4670539968496199 0.4740289714013227 0.5001674624314025 
4 82 8 0.4696993409173864 0.4758327667078838 0.5001674624314025 
5 135 10 0.4707835279230946 0.47624131869236086 0.5001674624314025 
6 212 14 0.47228521626985076 0.4777814724312844 0.5001674624314025 
7 133 14 0.47409909912123255 0.478137845156969 0.5001674624314025 
8 126 18 0.475208755268161 0.47886945829194455 0.5001674624314025 
9 92 19 0.4766252757350986 0.479405302239014 0.5001674624314025 
10 36 19 0.47754553169776925 0.47984485454629766 0.5001674624314025 
11 107 20 0.47834007882457974 0.4800527399873618 0.5001674624314025 
12 142 23 0.4785230946307981 0.4805153137737387 0.5001674624314025 
13 141 23 0.47937763597749994 0.48083098645339184 0.5001674624314025 
14 63 24 0.48016249355528606 0.480916404509659 0.5001674624314025 
15 173 26 0.4803314477545249 0.48123921500673406 0.5001674624314025 
16 109 24 0.48061998892968694 0.48135232407379724 0.5001674624314025 
17 124 27 0.48088325284406735 0.4817451976315882 0.5001674624314025 
18 71 26 0.4811099023791224 0.4817528491444859 0.5001674624314025 
19 159 27 0.48127231252770364 0.48203571271103707 0.5001674624314025 
20 108 28 0.481745007046729 0.48264345326948876 0.5001674624314025 
21 128 29 0.482102648670802 0.4829007220607229 0.5001674624314025 
22 176 29 0.48215110693890273 0.48316367078412414 0.5001674624314025 
23 45 30 0.4824620777575705 0.4831666431985838 0.5001674624314025 
24 65 33 0.48268028672346985 0.4833632655181743 0.5001674624314025 
25 137 36 0.4824893589173748 0.48347722244267105 0.5001674624314025 
26 76 32 0.48309271624461814 0.48345119823371596 0.5001674624314025 
27 83 33 0.48296268112009644 0.483521460641301 0.5001674624314025 
28 74 32 0.4830483811442739 0.48350886881894906 0.5001674624314025 
29 44 32 0.4832154996865113 0.48363324516959016 0.5001674624314025 