0 421 3 0.7961989727903804 0.9330258696994154 0.9330258696994154 
1 61 1 0.8350224772034704 0.9330258696994154 0.9330258696994154 
2 131 1 0.8731378729069253 0.9330258696994154 0.9330258696994154 
3 56 1 0.8916780222021875 0.9330258696994154 0.9330258696994154 
4 103 0 0.9106238232160568 0.9330258696994154 0.9330258696994154 
5 19 1 0.9209278363732875 0.9330258696994154 0.9330258696994154 
6 7 1 0.9244139975393092 0.9330258696994154 0.9330258696994154 
7 17 1 0.9170849655008567 0.9330258696994154 0.9330258696994154 
8 33 0 0.9161477966286852 0.9330258696994154 0.9330258696994154 
9 22 0 0.9135033625984841 0.9330258696994154 0.9330258696994154 
10 65 1 0.9150871592923986 0.9330258696994154 0.9330258696994154 
11 14 0 0.9185003301334573 0.9330258696994154 0.9330258696994154 
12 16 1 0.9178901944218768 0.9330258696994154 0.9330258696994154 
13 7 2 0.9246862541381904 0.9330258696994154 0.9330258696994154 
14 10 0 0.9172688308465707 0.9330258696994154 0.9330258696994154 
15 11 1 0.9160634876889538 0.9330258696994154 0.9330258696994154 
16 28 1 0.9158340044009732 0.9330258696994154 0.9330258696994154 
17 19 1 0.9207358686909489 0.9330258696994154 0.9330258696994154 
18 21 1 0.9174937089132135 0.9330258696994154 0.9330258696994154 
19 17 0 0.9239601638104262 0.9330258696994154 0.9330258696994154 
20 18 1 0.9218183492075583 0.9330258696994154 0.9330258696994154 
21 26 0 0.9175737455666879 0.9330258696994154 0.9330258696994154 
22 95 1 0.9122915134871835 0.9330258696994154 0.9330258696994154 
23 26 0 0.9178980290672163 0.9330258696994154 0.9330258696994154 
24 10 0 0.9190526549041982 0.9330258696994154 0.9330258696994154 
25 11 1 0.9235162020187733 0.9330258696994154 0.9330258696994154 
26 23 0 0.9171776880220507 0.9330258696994154 0.9330258696994154 
27 11 0 0.9229072521647889 0.9330258696994154 0.9330258696994154 
28 9 0 0.9179707991407696 0.9330258696994154 0.9330258696994154 
29 4 0 0.9176022968553897 0.9330258696994154 0.9330258696994154 
0 306 3 0.7954411139844609 0.9330258696994154 0.9330258696994154 
1 90 1 0.8309757650627332 0.9330258696994154 0.9330258696994154 
2 164 1 0.8640793660251955 0.9662968724574172 0.9662968724574172 
3 265 1 0.8874007753965079 0.9662968724574172 0.9662968724574172 
4 15 1 0.9147920802787972 0.9330258696994154 0.9662968724574172 
5 22 0 0.9100388449497961 0.9330258696994154 0.9662968724574172 
6 98 1 0.9123582974250353 0.9330258696994154 0.9662968724574172 
7 28 0 0.9128984797117288 0.9330258696994154 0.9662968724574172 
8 12 1 0.9163990390073472 0.9330258696994154 0.9662968724574172 
9 20 1 0.9158331612379194 0.9330258696994154 0.9662968724574172 
10 14 1 0.9172092533080085 0.9330258696994154 0.9662968724574172 
11 13 1 0.9226888987787509 0.9330258696994154 0.9662968724574172 
12 31 0 0.9186750729072157 0.9330258696994154 0.9662968724574172 
13 14 3 0.9199785137901564 0.9330258696994154 0.9662968724574172 
14 4 1 0.9253782418810181 0.9330258696994154 0.9662968724574172 
15 10 0 0.9204532738851102 0.9330258696994154 0.9662968724574172 
16 30 1 0.9139500318853537 0.9330258696994154 0.9662968724574172 
17 12 1 0.9195448811707192 0.9330258696994154 0.9662968724574172 
18 21 0 0.9212513880331845 0.9330258696994154 0.9662968724574172 
19 35 1 0.914181752743354 0.9330258696994154 0.9662968724574172 
20 51 1 0.9199877198179114 0.9330258696994154 0.9662968724574172 
21 49 1 0.9104883647762254 0.9330258696994154 0.9662968724574172 
22 9 1 0.9168126762975122 0.9330258696994154 0.9662968724574172 
23 14 1 0.9251709401749829 0.9330258696994154 0.9662968724574172 
24 37 0 0.913307712259825 0.9330258696994154 0.9662968724574172 
25 20 0 0.9166269787081007 0.9330258696994154 0.9662968724574172 
26 12 1 0.9173308947886056 0.9330258696994154 0.9662968724574172 
27 39 0 0.9086363402017105 0.9330258696994154 0.9662968724574172 
28 16 0 0.9217484982372329 0.9330258696994154 0.9662968724574172 
29 9 1 0.9214142745937817 0.9330258696994154 0.9662968724574172 
0 351 3 0.8020491040590773 0.9330258696994154 0.9330258696994154 
1 197 2 0.8321386711962827 0.9330258696994154 0.9330258696994154 
2 123 1 0.8652041928004184 0.9330258696994154 0.9330258696994154 
3 155 1 0.8874436929322347 0.9330258696994154 0.9330258696994154 
4 223 2 0.8907306364087346 0.9330258696994154 0.9330258696994154 
5 47 1 0.9079502318122866 0.9330258696994154 0.9330258696994154 
6 36 1 0.9140003560022576 0.9330258696994154 0.9330258696994154 
7 36 0 0.9192211881964958 0.9330258696994154 0.9330258696994154 
8 11 1 0.9155269401979315 0.9330258696994154 0.9330258696994154 
9 15 1 0.9157420085970357 0.9330258696994154 0.9330258696994154 
10 88 1 0.9181392119653674 0.9330258696994154 0.9330258696994154 
11 11 0 0.9192892024014359 0.9330258696994154 0.9330258696994154 
12 24 1 0.911838701041026 0.9330258696994154 0.9330258696994154 
13 7 3 0.914253731714361 0.9330258696994154 0.9330258696994154 
14 8 0 0.9208991801552974 0.9330258696994154 0.9330258696994154 
15 31 1 0.9183302890546143 0.9330258696994154 0.9330258696994154 
16 10 1 0.919762839210279 0.9330258696994154 0.9330258696994154 
17 9 1 0.9181857769050528 0.9330258696994154 0.9330258696994154 
18 14 1 0.914977712960307 0.9330258696994154 0.9330258696994154 
19 22 1 0.9149868805567323 0.9330258696994154 0.9330258696994154 
20 5 1 0.923451770759194 0.9330258696994154 0.9330258696994154 
21 7 1 0.9169900917729349 0.9330258696994154 0.9330258696994154 
22 8 0 0.9176578873437689 0.9330258696994154 0.9330258696994154 
23 8 0 0.9181994291225566 0.9330258696994154 0.9330258696994154 
24 6 0 0.9201914961257771 0.9330258696994154 0.9330258696994154 
25 11 1 0.9141802593863865 0.9330258696994154 0.9330258696994154 
26 14 1 0.9202269500472937 0.9330258696994154 0.9330258696994154 
27 18 0 0.91805381842401 0.9330258696994154 0.9330258696994154 
28 14 0 0.9195506902940979 0.9330258696994154 0.9330258696994154 
29 8 0 0.9155132782968258 0.9330258696994154 0.9330258696994154 
0 312 2 0.7930083274420283 0.9330258696994154 0.9330258696994154 
1 169 1 0.8419130770944429 0.9330258696994154 0.9330258696994154 
2 134 1 0.8768593881135849 0.9330258696994154 0.9330258696994154 
3 108 1 0.8913285130759568 0.9330258696994154 0.9330258696994154 
4 11 0 0.9122910803540663 0.9330258696994154 0.9330258696994154 
5 55 1 0.9185715497601676 0.9330258696994154 0.9330258696994154 
6 9 1 0.9245101868897517 0.9330258696994154 0.9330258696994154 
7 12 1 0.9230147507041494 0.9330258696994154 0.9330258696994154 
8 7 1 0.9184934009677782 0.9330258696994154 0.9330258696994154 
9 14 0 0.9177380729756777 0.9330258696994154 0.9330258696994154 
10 25 0 0.9188603108486616 0.9330258696994154 0.9330258696994154 
11 11 1 0.916883013464371 0.9330258696994154 0.9330258696994154 
12 2 1 0.9244449925376615 0.9330258696994154 0.9330258696994154 
13 16 3 0.9204895738382218 0.9330258696994154 0.9330258696994154 
14 15 1 0.9201009822749119 0.9330258696994154 0.9330258696994154 
15 47 1 0.9187227515377688 0.9330258696994154 0.9330258696994154 
16 6 1 0.9228147664059919 0.9330258696994154 0.9330258696994154 
17 32 1 0.9141164952536165 0.9330258696994154 0.9330258696994154 
18 6 0 0.9233469143910572 0.9330258696994154 0.9330258696994154 
19 12 1 0.918598270247417 0.9330258696994154 0.9330258696994154 
20 18 1 0.9169955194892678 0.9330258696994154 0.9330258696994154 
21 9 1 0.9202914149965491 0.9330258696994154 0.9330258696994154 
22 8 1 0.9191666111667619 0.9330258696994154 0.9330258696994154 
23 17 1 0.9222732972447365 0.9330258696994154 0.9330258696994154 
24 6 1 0.9249179432194317 0.9330258696994154 0.9330258696994154 
25 21 1 0.9180436101613342 0.9330258696994154 0.9330258696994154 
26 22 0 0.9262299793657821 0.9330258696994154 0.9330258696994154 
27 10 1 0.9204042487117661 0.9330258696994154 0.9330258696994154 
28 23 1 0.9190601824213132 0.9330258696994154 0.9330258696994154 
29 18 1 0.9160228144507194 0.9330258696994154 0.9330258696994154 
0 214 3 0.7927372946723326 0.9330258696994154 0.9330258696994154 
1 112 1 0.8337006472914702 0.9330258696994154 0.9330258696994154 
2 39 1 0.8766401065499326 0.9330258696994154 0.9330258696994154 
3 60 1 0.9038705123968697 0.9330258696994154 0.9330258696994154 
4 45 1 0.9097654121148712 0.9330258696994154 0.9330258696994154 
5 25 0 0.9204965110886362 0.9330258696994154 0.9330258696994154 
6 27 0 0.9234031386782807 0.9330258696994154 0.9330258696994154 
7 11 0 0.9117880881467448 0.9330258696994154 0.9330258696994154 
8 76 1 0.9124707343979188 0.9330258696994154 0.9330258696994154 
9 20 0 0.9221238373031032 0.9330258696994154 0.9330258696994154 
10 22 1 0.9197623752581074 0.9330258696994154 0.9330258696994154 
11 9 0 0.9186161958271033 0.9330258696994154 0.9330258696994154 
12 13 0 0.9170091180607257 0.9330258696994154 0.9330258696994154 
13 17 2 0.9135935676759633 0.9330258696994154 0.9330258696994154 
14 26 0 0.9087681446737084 0.9330258696994154 0.9330258696994154 
15 8 0 0.9181550803341229 0.9330258696994154 0.9330258696994154 
16 26 1 0.9164644452691304 0.9330258696994154 0.9330258696994154 
17 6 0 0.9222967269024521 0.9330258696994154 0.9330258696994154 
18 10 1 0.91985681488793 0.9330258696994154 0.9330258696994154 
19 25 0 0.9135823335564048 0.9330258696994154 0.9330258696994154 
20 18 1 0.91269287785816 0.9330258696994154 0.9330258696994154 
21 10 0 0.9187362421777382 0.9330258696994154 0.9330258696994154 
22 13 0 0.923982128969696 0.9330258696994154 0.9330258696994154 
23 18 1 0.9203799996370323 0.9330258696994154 0.9330258696994154 
24 17 0 0.9203354275526479 0.9330258696994154 0.9330258696994154 
25 14 1 0.9161411850919617 0.9330258696994154 0.9330258696994154 
26 17 1 0.9140657612635599 0.9330258696994154 0.9330258696994154 
27 10 0 0.9231197311938457 0.9330258696994154 0.9330258696994154 
28 17 1 0.911574755156626 0.9330258696994154 0.9330258696994154 
29 12 1 0.9187078766731619 0.9330258696994154 0.9330258696994154 
0 330 3 0.7888074387251734 0.9330258696994154 0.9330258696994154 
1 145 2 0.8324984248464871 0.9330258696994154 0.9330258696994154 
2 83 1 0.8730332960129844 0.9330258696994154 0.9330258696994154 
3 100 1 0.8930415315285936 0.9330258696994154 0.9330258696994154 
4 71 0 0.9133021361915508 0.9330258696994154 0.9330258696994154 
5 88 0 0.9094760722134688 0.9330258696994154 0.9330258696994154 
6 8 1 0.9252965320664672 0.9330258696994154 0.9330258696994154 
7 21 1 0.9215387747682278 0.9330258696994154 0.9330258696994154 
8 32 1 0.9181633500830328 0.9330258696994154 0.9330258696994154 
9 17 0 0.9180673160175992 0.9330258696994154 0.9330258696994154 
10 9 0 0.9169554551125253 0.9330258696994154 0.9330258696994154 
11 20 1 0.913155289535807 0.9330258696994154 0.9330258696994154 
12 5 1 0.9190443153264664 0.9330258696994154 0.9330258696994154 
13 10 2 0.9225608173421418 0.9330258696994154 0.9330258696994154 
14 6 0 0.9255676823281738 0.9330258696994154 0.9330258696994154 
15 10 1 0.9241265265242933 0.9330258696994154 0.9330258696994154 
16 14 1 0.9150663271404939 0.9330258696994154 0.9330258696994154 
17 40 1 0.9192212915251384 0.9330258696994154 0.9330258696994154 
18 33 1 0.9169578334180608 0.9330258696994154 0.9330258696994154 
19 12 1 0.9209076021843172 0.9330258696994154 0.9330258696994154 
20 9 1 0.922241968559011 0.9330258696994154 0.9330258696994154 
21 22 1 0.9165888222187502 0.9330258696994154 0.9330258696994154 
22 16 1 0.9198255561223705 0.9330258696994154 0.9330258696994154 
23 20 0 0.9158054671082638 0.9330258696994154 0.9330258696994154 
24 30 1 0.9217681447653052 0.9330258696994154 0.9330258696994154 
25 8 1 0.9174061206255406 0.9330258696994154 0.9330258696994154 
26 17 1 0.913248056432304 0.9330258696994154 0.9330258696994154 
27 28 0 0.9151733349307893 0.9330258696994154 0.9330258696994154 
28 15 1 0.9164141156221285 0.9330258696994154 0.9330258696994154 
29 15 1 0.9160737336996857 0.9330258696994154 0.9330258696994154 
0 270 2 0.7886733459569726 0.9330258696994154 0.9330258696994154 
1 86 1 0.8337032199021208 0.9330258696994154 0.9330258696994154 
2 102 1 0.8658259182405895 0.9330258696994154 0.9330258696994154 
3 120 1 0.8945933983689742 0.9330258696994154 0.9330258696994154 
4 157 0 0.9027294617340206 0.9330258696994154 0.9330258696994154 
5 26 1 0.9091207388699177 0.9330258696994154 0.9330258696994154 
6 5 1 0.9217206444280399 0.9330258696994154 0.9330258696994154 
7 10 0 0.9169739588894243 0.9330258696994154 0.9330258696994154 
8 23 1 0.9126392249029636 0.9330258696994154 0.9330258696994154 
9 7 0 0.9227912911273843 0.9330258696994154 0.9330258696994154 
10 7 1 0.9223288499023945 0.9330258696994154 0.9330258696994154 
11 11 0 0.9196150051110402 0.9330258696994154 0.9330258696994154 
12 12 0 0.9205628073904761 0.9330258696994154 0.9330258696994154 
13 16 2 0.9149546904897419 0.9330258696994154 0.9330258696994154 
14 108 0 0.917500025565747 0.9330258696994154 0.9330258696994154 
15 21 1 0.9126785108118289 0.9330258696994154 0.9330258696994154 
16 23 1 0.9199934172531888 0.9330258696994154 0.9330258696994154 
17 9 1 0.9227459345272238 0.9330258696994154 0.9330258696994154 
18 8 1 0.9206743837739509 0.9330258696994154 0.9330258696994154 
19 4 1 0.9271928127536799 0.9330258696994154 0.9330258696994154 
20 6 0 0.922433055132754 0.9330258696994154 0.9330258696994154 
21 15 0 0.9193749101200482 0.9330258696994154 0.9330258696994154 
22 13 1 0.9174902312607894 0.9330258696994154 0.9330258696994154 
23 11 1 0.9204998499333799 0.9330258696994154 0.9330258696994154 
24 5 1 0.9189558475180272 0.9330258696994154 0.9330258696994154 
25 17 0 0.9131573544276702 0.9330258696994154 0.9330258696994154 
26 12 0 0.9217999511497851 0.9330258696994154 0.9330258696994154 
27 8 0 0.9165566142429042 0.9330258696994154 0.9330258696994154 
28 14 0 0.9154369478026054 0.9330258696994154 0.9330258696994154 
29 8 0 0.9204671587269105 0.9330258696994154 0.9330258696994154 
0 245 3 0.7917545051038491 0.9330258696994154 0.9330258696994154 
1 98 2 0.8275160629985909 0.9330258696994154 0.9330258696994154 
2 67 1 0.8508709435597633 0.9330258696994154 0.9330258696994154 
3 138 1 0.8792147922041152 0.9330258696994154 0.9330258696994154 
4 359 1 0.8974956054183744 0.9330258696994154 0.9330258696994154 
5 210 1 0.9064348450453901 0.9330258696994154 0.9330258696994154 
6 40 0 0.9164827461244824 0.9330258696994154 0.9330258696994154 
7 65 0 0.9204840103109236 0.9330258696994154 0.9330258696994154 
8 13 0 0.9213451375561398 0.9330258696994154 0.9330258696994154 
9 24 1 0.9170747673690995 0.9330258696994154 0.9330258696994154 
10 6 0 0.9232502360362651 0.9330258696994154 0.9330258696994154 
11 12 1 0.918381518678061 0.9330258696994154 0.9330258696994154 
12 10 1 0.9183418969907473 0.9330258696994154 0.9330258696994154 
13 9 3 0.922240188221287 0.9330258696994154 0.9330258696994154 
14 11 1 0.9205940386402941 0.9330258696994154 0.9330258696994154 
15 29 1 0.9107528557271908 0.9330258696994154 0.9330258696994154 
16 14 0 0.9170443562839978 0.9330258696994154 0.9330258696994154 
17 17 1 0.920838423814063 0.9330258696994154 0.9330258696994154 
18 8 0 0.9222645129714314 0.9330258696994154 0.9330258696994154 
19 9 0 0.9197785329314639 0.9330258696994154 0.9330258696994154 
20 22 0 0.9176669380908775 0.9330258696994154 0.9330258696994154 
21 20 1 0.9149407560461937 0.9330258696994154 0.9330258696994154 
22 2 1 0.9253464113547325 0.9330258696994154 0.9330258696994154 
23 14 0 0.9125207306445513 0.9330258696994154 0.9330258696994154 
24 20 0 0.9169831111388014 0.9330258696994154 0.9330258696994154 
25 24 1 0.9135116640222676 0.9330258696994154 0.9330258696994154 
26 16 1 0.9154036629382938 0.9330258696994154 0.9330258696994154 
27 26 1 0.9148694347823942 0.9330258696994154 0.9330258696994154 
28 11 1 0.92270259931047 0.9330258696994154 0.9330258696994154 
29 9 1 0.9198266666270876 0.9330258696994154 0.9330258696994154 
0 312 4 0.8060663820292265 0.9330258696994154 0.9330258696994154 
1 185 2 0.8592020127903283 0.9330258696994154 0.9330258696994154 
2 29 1 0.8934326850607345 0.9330258696994154 0.9330258696994154 
3 104 1 0.8995499610830733 0.9330258696994154 0.9330258696994154 
4 97 1 0.9143309066910043 0.9330258696994154 0.9330258696994154 
5 15 1 0.9231769573393731 0.9330258696994154 0.9330258696994154 
6 26 0 0.9158850758011785 0.9330258696994154 0.9330258696994154 
7 24 1 0.9205304750471044 0.9330258696994154 0.9330258696994154 
8 14 1 0.9185402909194254 0.9330258696994154 0.9330258696994154 
9 26 1 0.9134900369891146 0.9330258696994154 0.9330258696994154 
10 68 1 0.9134296892262951 0.9330258696994154 0.9330258696994154 
11 17 0 0.9159118573880195 0.9330258696994154 0.9330258696994154 
12 21 1 0.92391745410329 0.9330258696994154 0.9330258696994154 
13 13 3 0.9170116432579702 0.9330258696994154 0.9330258696994154 
14 55 0 0.9142496651537697 0.9330258696994154 0.9330258696994154 
15 13 1 0.9151015907517872 0.9330258696994154 0.9330258696994154 
16 12 0 0.9198731764110054 0.9330258696994154 0.9330258696994154 
17 9 0 0.9205114191037453 0.9330258696994154 0.9330258696994154 
18 19 1 0.9092180361577902 0.9330258696994154 0.9330258696994154 
19 3 1 0.9193521646463989 0.9330258696994154 0.9330258696994154 
20 5 1 0.9239132516902852 0.9330258696994154 0.9330258696994154 
21 5 0 0.923428102584807 0.9330258696994154 0.9330258696994154 
22 11 0 0.9185330227826902 0.9330258696994154 0.9330258696994154 
23 6 1 0.9215523642087589 0.9330258696994154 0.9330258696994154 
24 6 1 0.9185584871418121 0.9330258696994154 0.9330258696994154 
25 19 0 0.9162831282216061 0.9330258696994154 0.9330258696994154 
26 12 0 0.9209118706854431 0.9330258696994154 0.9330258696994154 
27 26 1 0.9158360826553686 0.9330258696994154 0.9330258696994154 
28 7 0 0.9169911409240661 0.9330258696994154 0.9330258696994154 
29 14 1 0.9118723144860303 0.9330258696994154 0.9330258696994154 
0 298 3 0.7940113827398185 0.9330258696994154 0.9330258696994154 
1 120 1 0.8383224783035333 0.9330258696994154 0.9330258696994154 
2 93 1 0.8653782044234053 0.9330258696994154 0.9330258696994154 
3 64 1 0.8850474988581635 0.9330258696994154 0.9330258696994154 
4 42 1 0.9030959107212613 0.9330258696994154 0.9330258696994154 
5 74 1 0.905166083489767 0.9330258696994154 0.9330258696994154 
6 35 1 0.9150320639951461 0.9330258696994154 0.9330258696994154 
7 6 1 0.9243003009527423 0.9330258696994154 0.9330258696994154 
8 30 1 0.920852810267515 0.9330258696994154 0.9330258696994154 
9 22 1 0.9209069718814936 0.9330258696994154 0.9330258696994154 
10 19 0 0.9187401396649183 0.9330258696994154 0.9330258696994154 
11 15 0 0.9222265520354922 0.9330258696994154 0.9330258696994154 
12 9 1 0.9212386637655647 0.9330258696994154 0.9330258696994154 
13 86 2 0.9105987170807255 0.9330258696994154 0.9330258696994154 
14 12 0 0.915490946243678 0.9330258696994154 0.9330258696994154 
15 20 1 0.921946248940602 0.9330258696994154 0.9330258696994154 
16 18 1 0.9117951037614409 0.9330258696994154 0.9330258696994154 
17 8 1 0.9192957633024542 0.9330258696994154 0.9330258696994154 
18 32 1 0.9164117638674552 0.9330258696994154 0.9330258696994154 
19 10 1 0.9215170223823834 0.9330258696994154 0.9330258696994154 
20 11 0 0.9223967070845176 0.9330258696994154 0.9330258696994154 
21 15 1 0.9231016739761024 0.9330258696994154 0.9330258696994154 
22 16 0 0.9179658183112573 0.9330258696994154 0.9330258696994154 
23 5 0 0.9198732596222112 0.9330258696994154 0.9330258696994154 
24 18 1 0.9168438437114073 0.9330258696994154 0.9330258696994154 
25 32 0 0.913337396021667 0.9330258696994154 0.9330258696994154 
26 25 0 0.9202345401383455 0.9330258696994154 0.9330258696994154 
27 12 1 0.9173055976426951 0.9330258696994154 0.9330258696994154 
28 15 0 0.9186925786816841 0.9330258696994154 0.9330258696994154 
29 15 1 0.919587194038716 0.9330258696994154 0.9330258696994154 
0 472 3 0.7856684337609878 0.9330258696994154 0.9330258696994154 
1 59 2 0.8255507368055214 0.9330258696994154 0.9330258696994154 
2 152 1 0.8563183205879755 0.9330258696994154 0.9330258696994154 
3 145 0 0.8840102994305906 0.9330258696994154 0.9330258696994154 
4 58 0 0.9013573700104864 0.9330258696994154 0.9330258696994154 
5 49 0 0.9101930395589644 0.9330258696994154 0.9330258696994154 
6 23 1 0.9156567905884365 0.9330258696994154 0.9330258696994154 
7 6 0 0.9194413595041635 0.9330258696994154 0.9330258696994154 
8 22 1 0.9087678483374743 0.9330258696994154 0.9330258696994154 
9 15 0 0.9172966536788689 0.9330258696994154 0.9330258696994154 
10 15 1 0.9182042340252657 0.9330258696994154 0.9330258696994154 
11 12 0 0.9218175774123482 0.9330258696994154 0.9330258696994154 
12 15 0 0.9207289670623463 0.9330258696994154 0.9330258696994154 
13 10 3 0.9159792603477386 0.9330258696994154 0.9330258696994154 
14 14 1 0.9138574471737801 0.9330258696994154 0.9330258696994154 
15 31 1 0.9210882217737314 0.9330258696994154 0.9330258696994154 
16 4 1 0.920087135280643 0.9330258696994154 0.9330258696994154 
17 18 1 0.9215566844639009 0.9330258696994154 0.9330258696994154 
18 14 1 0.9205605694664513 0.9330258696994154 0.9330258696994154 
19 17 0 0.917373389033366 0.9330258696994154 0.9330258696994154 
20 12 1 0.9205507487186191 0.9330258696994154 0.9330258696994154 
21 9 1 0.9243044658858348 0.9330258696994154 0.9330258696994154 
22 9 0 0.9236665062806569 0.9330258696994154 0.9330258696994154 
23 19 1 0.9129678903273483 0.9330258696994154 0.9330258696994154 
24 10 0 0.9094753073289407 0.9330258696994154 0.9330258696994154 
25 15 1 0.9158448285958967 0.9330258696994154 0.9330258696994154 
26 9 1 0.9172492053880673 0.9330258696994154 0.9330258696994154 
27 11 0 0.9142556587988259 0.9330258696994154 0.9330258696994154 
28 8 0 0.916470265733291 0.9330258696994154 0.9330258696994154 
29 9 1 0.9162564711796903 0.9330258696994154 0.9330258696994154 
0 317 3 0.7943466285392244 0.9330258696994154 0.9330258696994154 
1 149 2 0.8294689831050687 0.9330258696994154 0.9330258696994154 
2 96 1 0.866322815989446 0.9330258696994154 0.9330258696994154 
3 150 1 0.8898389772417186 0.9330258696994154 0.9330258696994154 
4 80 1 0.9075950491516288 0.9330258696994154 0.9330258696994154 
5 11 1 0.9196060652531947 0.9330258696994154 0.9330258696994154 
6 12 0 0.9183325603935637 0.9330258696994154 0.9330258696994154 
7 32 1 0.9171242228125681 0.9330258696994154 0.9330258696994154 
8 13 0 0.9180588704049044 0.9330258696994154 0.9330258696994154 
9 14 1 0.9164038584685383 0.9330258696994154 0.9330258696994154 
10 49 1 0.9179414655297726 0.9330258696994154 0.9330258696994154 
11 14 0 0.9186888962755905 0.9330258696994154 0.9330258696994154 
12 22 1 0.9222097600787632 0.9330258696994154 0.9330258696994154 
13 12 3 0.9236018622321386 0.9330258696994154 0.9330258696994154 
14 11 0 0.921038419504225 0.9330258696994154 0.9330258696994154 
15 7 1 0.9194511437397148 0.9330258696994154 0.9330258696994154 
16 11 0 0.9209362830124824 0.9330258696994154 0.9330258696994154 
17 24 1 0.9161830667513783 0.9330258696994154 0.9330258696994154 
18 18 0 0.917173370947668 0.9330258696994154 0.9330258696994154 
19 17 0 0.9235759567797133 0.9330258696994154 0.9330258696994154 
20 23 1 0.917724227033375 0.9330258696994154 0.9330258696994154 
21 21 1 0.9145746348368364 0.9330258696994154 0.9330258696994154 
22 10 1 0.9176979163284866 0.9330258696994154 0.9330258696994154 
23 15 0 0.915121867329296 0.9330258696994154 0.9330258696994154 
24 20 1 0.9132068182315856 0.9330258696994154 0.9330258696994154 
25 25 0 0.9135654601727332 0.9330258696994154 0.9330258696994154 
26 22 1 0.9152535967227411 0.9330258696994154 0.9330258696994154 
27 12 0 0.9183575321492086 0.9330258696994154 0.9330258696994154 
28 12 0 0.9188769951394229 0.9330258696994154 0.9330258696994154 
29 19 1 0.9184288888967493 0.9330258696994154 0.9330258696994154 
0 412 4 0.7830193805949434 0.9330258696994154 0.9330258696994154 
1 127 2 0.8343568761699047 0.9330258696994154 0.9330258696994154 
2 171 2 0.8566567122316867 0.9330258696994154 0.9330258696994154 
3 40 0 0.8813576903261985 0.9330258696994154 0.9330258696994154 
4 32 1 0.8976251136698141 0.9330258696994154 0.9330258696994154 
5 31 1 0.9078810294738971 0.9330258696994154 0.9330258696994154 
6 14 0 0.9197911455024714 0.9330258696994154 0.9330258696994154 
7 14 1 0.9259491663145829 0.9330258696994154 0.9330258696994154 
8 21 1 0.9163098565767587 0.9330258696994154 0.9330258696994154 
9 12 0 0.9165202700323224 0.9330258696994154 0.9330258696994154 
10 23 0 0.9152685090964308 0.9330258696994154 0.9330258696994154 
11 15 1 0.9131266008385336 0.9330258696994154 0.9330258696994154 
12 7 1 0.9195266294760813 0.9330258696994154 0.9330258696994154 
13 25 2 0.9161994405766117 0.9330258696994154 0.9330258696994154 
14 12 0 0.9178413177913705 0.9330258696994154 0.9330258696994154 
15 8 1 0.921756193473119 0.9330258696994154 0.9330258696994154 
16 19 1 0.9137977822821288 0.9330258696994154 0.9330258696994154 
17 21 0 0.9141860225250117 0.9330258696994154 0.9330258696994154 
18 23 1 0.9107639696310117 0.9330258696994154 0.9330258696994154 
19 16 1 0.9172675721873321 0.9330258696994154 0.9330258696994154 
20 8 1 0.9187636494472795 0.9330258696994154 0.9330258696994154 
21 18 1 0.9118676488209002 0.9330258696994154 0.9330258696994154 
22 5 1 0.9173646744005921 0.9330258696994154 0.9330258696994154 
23 55 1 0.9158358041513215 0.9330258696994154 0.9330258696994154 
24 10 1 0.920124705764226 0.9330258696994154 0.9330258696994154 
25 21 0 0.9194250923238098 0.9330258696994154 0.9330258696994154 
26 2 1 0.9258897028270396 0.9330258696994154 0.9330258696994154 
27 7 0 0.9220516643106944 0.9330258696994154 0.9330258696994154 
28 18 0 0.9136130542203496 0.9330258696994154 0.9330258696994154 
29 18 1 0.9237962931061162 0.9330258696994154 0.9330258696994154 
0 264 3 0.8000356235044557 0.9330258696994154 0.9330258696994154 
1 186 1 0.8375998735441975 0.9330258696994154 0.9330258696994154 
2 211 1 0.8762534722956282 0.9330258696994154 0.9330258696994154 
3 37 0 0.9013980171951684 0.9330258696994154 0.9330258696994154 
4 60 1 0.9159357233510483 0.9330258696994154 0.9330258696994154 
5 52 0 0.9132855983486086 0.9330258696994154 0.9330258696994154 
6 23 1 0.9177782973208238 0.9330258696994154 0.9330258696994154 
7 10 1 0.9182158417729103 0.9330258696994154 0.9330258696994154 
8 22 1 0.9208185802123251 0.9330258696994154 0.9330258696994154 
9 5 0 0.9238400192036138 0.9330258696994154 0.9330258696994154 
10 12 1 0.9201896767836379 0.9330258696994154 0.9330258696994154 
11 40 1 0.9183619281094886 0.9330258696994154 0.9330258696994154 
12 14 1 0.9232994966307114 0.9330258696994154 0.9330258696994154 
13 13 3 0.922318313610375 0.9330258696994154 0.9330258696994154 
14 22 1 0.9061826806864753 0.9330258696994154 0.9330258696994154 
15 10 1 0.9171000732147416 0.9330258696994154 0.9330258696994154 
16 18 0 0.9169442151168219 0.9330258696994154 0.9330258696994154 
17 16 1 0.9160010907491832 0.9330258696994154 0.9330258696994154 
18 22 1 0.9128970890866621 0.9330258696994154 0.9330258696994154 
19 7 0 0.9221485477441265 0.9330258696994154 0.9330258696994154 
20 29 1 0.9177220486403966 0.9330258696994154 0.9330258696994154 
21 17 1 0.9159043562765242 0.9330258696994154 0.9330258696994154 
22 4 0 0.9204168118062931 0.9330258696994154 0.9330258696994154 
23 14 1 0.9158582349534201 0.9330258696994154 0.9330258696994154 
24 19 0 0.922336288993424 0.9330258696994154 0.9330258696994154 
25 4 1 0.9197821405509217 0.9330258696994154 0.9330258696994154 
26 8 1 0.9206232121449196 0.9330258696994154 0.9330258696994154 
27 14 1 0.920981526107326 0.9330258696994154 0.9330258696994154 
28 17 1 0.9123485200857833 0.9330258696994154 0.9330258696994154 
29 21 1 0.9139536355036855 0.9330258696994154 0.9330258696994154 
0 345 3 0.7998407806175517 0.9330258696994154 0.9330258696994154 
1 134 2 0.8431607756473254 0.9330258696994154 0.9330258696994154 
2 176 1 0.8625301519281807 0.9330258696994154 0.9330258696994154 
3 47 1 0.8933188929230633 0.9330258696994154 0.9330258696994154 
4 103 1 0.9083978907254849 0.9330258696994154 0.9330258696994154 
5 8 1 0.9213708713703049 0.9330258696994154 0.9330258696994154 
6 15 1 0.9190685384466442 0.9330258696994154 0.9330258696994154 
7 6 1 0.9244736997590968 0.9330258696994154 0.9330258696994154 
8 18 1 0.9195586450661358 0.9330258696994154 0.9330258696994154 
9 24 0 0.9161334345044745 0.9330258696994154 0.9330258696994154 
10 11 0 0.915059204831929 0.9330258696994154 0.9330258696994154 
11 15 1 0.9193994235431713 0.9330258696994154 0.9330258696994154 
12 9 1 0.9165069437535514 0.9330258696994154 0.9330258696994154 
13 23 2 0.9154614568083246 0.9330258696994154 0.9330258696994154 
14 10 1 0.9200443540395044 0.9330258696994154 0.9330258696994154 
15 30 1 0.9169307158848254 0.9330258696994154 0.9330258696994154 
16 11 0 0.9148053140239916 0.9330258696994154 0.9330258696994154 
17 16 1 0.9190658108228612 0.9330258696994154 0.9330258696994154 
18 24 1 0.91425385785752 0.9330258696994154 0.9330258696994154 
19 19 0 0.9145972395575787 0.9330258696994154 0.9330258696994154 
20 15 1 0.92491681600937 0.9330258696994154 0.9330258696994154 
21 24 1 0.9189318770638731 0.9330258696994154 0.9330258696994154 
22 32 1 0.9151420990335631 0.9330258696994154 0.9330258696994154 
23 12 0 0.9169832013832118 0.9330258696994154 0.9330258696994154 
24 4 0 0.921752640331457 0.9330258696994154 0.9330258696994154 
25 10 0 0.9162009326087664 0.9330258696994154 0.9330258696994154 
26 5 1 0.9220259035551909 0.9330258696994154 0.9330258696994154 
27 8 1 0.9202929056852615 0.9330258696994154 0.9330258696994154 
28 17 0 0.9194546284492447 0.9330258696994154 0.9330258696994154 
29 9 0 0.922867197972283 0.9330258696994154 0.9330258696994154 
0 234 3 0.7970718217394733 0.9330258696994154 0.9330258696994154 
1 209 2 0.8362431758995419 0.9330258696994154 0.9330258696994154 
2 121 1 0.8760469760744494 0.9330258696994154 0.9330258696994154 
3 52 0 0.9014669786798762 0.9330258696994154 0.9330258696994154 
4 178 1 0.9089375670858173 0.9330258696994154 0.9330258696994154 
5 51 0 0.9144617681208405 0.9330258696994154 0.9330258696994154 
6 122 0 0.9106862350900807 0.9330258696994154 0.9330258696994154 
7 8 1 0.922557461893032 0.9330258696994154 0.9330258696994154 
8 18 0 0.9176906065011129 0.9330258696994154 0.9330258696994154 
9 13 0 0.9185128184545924 0.9330258696994154 0.9330258696994154 
10 8 1 0.9173437311692894 0.9330258696994154 0.9330258696994154 
11 11 0 0.9220903842141667 0.9330258696994154 0.9330258696994154 
12 4 1 0.925243645776555 0.9330258696994154 0.9330258696994154 
13 7 2 0.9189275091409808 0.9330258696994154 0.9330258696994154 
14 27 0 0.9144442174467493 0.9330258696994154 0.9330258696994154 
15 34 1 0.9129342326555193 0.9330258696994154 0.9330258696994154 
16 17 1 0.9137609240815511 0.9330258696994154 0.9330258696994154 
17 16 1 0.9185199018766377 0.9330258696994154 0.9330258696994154 
18 7 0 0.920746644669294 0.9330258696994154 0.9330258696994154 
19 15 1 0.9166959664356245 0.9330258696994154 0.9330258696994154 
20 7 0 0.9219420740044416 0.9330258696994154 0.9330258696994154 
21 11 1 0.9165636749735697 0.9330258696994154 0.9330258696994154 
22 54 0 0.9213601059197144 0.9330258696994154 0.9330258696994154 
23 20 1 0.917637903680466 0.9330258696994154 0.9330258696994154 
24 20 0 0.9227679927782995 0.9330258696994154 0.9330258696994154 
25 12 1 0.9167862411703841 0.9330258696994154 0.9330258696994154 
26 36 0 0.9180914152135496 0.9330258696994154 0.9330258696994154 
27 23 1 0.9124340006692058 0.9330258696994154 0.9330258696994154 
28 13 1 0.9155316163394309 0.9330258696994154 0.9330258696994154 
29 14 0 0.9163313659820485 0.9330258696994154 0.9330258696994154 
0 389 2 0.7900225341505807 0.9330258696994154 0.9330258696994154 
1 215 2 0.824980019353806 0.9330258696994154 0.9330258696994154 
2 174 1 0.8689335124885441 0.9330258696994154 0.9330258696994154 
3 56 1 0.8986163398300455 0.9330258696994154 0.9330258696994154 
4 44 1 0.9091001188655906 0.9330258696994154 0.9330258696994154 
5 11 0 0.921976422259934 0.9330258696994154 0.9330258696994154 
6 14 0 0.9238116691524286 0.9330258696994154 0.9330258696994154 
7 12 1 0.9180003523583256 0.9330258696994154 0.9330258696994154 
8 6 0 0.9216034339033008 0.9330258696994154 0.9330258696994154 
9 13 0 0.9221759234646943 0.9330258696994154 0.9330258696994154 
10 11 1 0.9157020748557031 0.9330258696994154 0.9330258696994154 
11 10 0 0.922396577074464 0.9330258696994154 0.9330258696994154 
12 18 1 0.9166274990401019 0.9330258696994154 0.9330258696994154 
13 12 3 0.9205489968914198 0.9330258696994154 0.9330258696994154 
14 23 0 0.9195787391040753 0.9330258696994154 0.9330258696994154 
15 26 0 0.9124814642330673 0.9330258696994154 0.9330258696994154 
16 38 0 0.9159715996946893 0.9330258696994154 0.9330258696994154 
17 11 1 0.9191679003193304 0.9330258696994154 0.9330258696994154 
18 9 0 0.921947686465416 0.9330258696994154 0.9330258696994154 
19 7 0 0.9215127196648315 0.9330258696994154 0.9330258696994154 
20 12 0 0.9195241458768298 0.9330258696994154 0.9330258696994154 
21 34 1 0.9136111741406597 0.9330258696994154 0.9330258696994154 
22 22 0 0.9145965524263197 0.9330258696994154 0.9330258696994154 
23 17 0 0.9170019355451441 0.9330258696994154 0.9330258696994154 
24 21 0 0.91655800535872 0.9330258696994154 0.9330258696994154 
25 12 0 0.9122240734098841 0.9330258696994154 0.9330258696994154 
26 20 1 0.9172254843225772 0.9330258696994154 0.9330258696994154 
27 16 0 0.9157822080529442 0.9330258696994154 0.9330258696994154 
28 26 0 0.9136681648726213 0.9330258696994154 0.9330258696994154 
29 10 0 0.919311167725917 0.9330258696994154 0.9330258696994154 
0 337 3 0.7879777413447645 0.9330258696994154 0.9330258696994154 
1 453 2 0.8299118799125751 0.9330258696994154 0.9330258696994154 
2 36 1 0.8678043096465861 0.9330258696994154 0.9330258696994154 
3 82 1 0.8901975136339512 0.9330258696994154 0.9330258696994154 
4 123 0 0.9063441153452564 0.9330258696994154 0.9330258696994154 
5 12 1 0.9128965861924278 0.9330258696994154 0.9330258696994154 
6 19 1 0.9162165590115773 0.9330258696994154 0.9330258696994154 
7 60 1 0.9191708791247264 0.9330258696994154 0.9330258696994154 
8 18 1 0.9206826503075222 0.9330258696994154 0.9330258696994154 
9 14 0 0.9199237694535328 0.9330258696994154 0.9330258696994154 
10 26 1 0.9153485566248889 0.9330258696994154 0.9330258696994154 
11 15 0 0.9121168896903771 0.9330258696994154 0.9330258696994154 
12 11 1 0.9157612775266983 0.9330258696994154 0.9330258696994154 
13 76 3 0.9158580687103722 0.9330258696994154 0.9330258696994154 
14 18 1 0.9142347544535555 0.9330258696994154 0.9330258696994154 
15 18 1 0.9131004087787662 0.9330258696994154 0.9330258696994154 
16 25 1 0.9221864615396982 0.9330258696994154 0.9330258696994154 
17 31 1 0.9135562574401105 0.9330258696994154 0.9330258696994154 
18 30 1 0.9196856253915953 0.9330258696994154 0.9330258696994154 
19 22 1 0.9192404827696014 0.9330258696994154 0.9330258696994154 
20 6 0 0.9233764975668106 0.9330258696994154 0.9330258696994154 
21 11 1 0.9235351744159521 0.9330258696994154 0.9330258696994154 
22 19 1 0.9158306283444613 0.9330258696994154 0.9330258696994154 
23 27 1 0.91381194533562 0.9330258696994154 0.9330258696994154 
24 27 1 0.9174326571851458 0.9330258696994154 0.9330258696994154 
25 8 1 0.9214607041106158 0.9330258696994154 0.9330258696994154 
26 20 1 0.9161546840855445 0.9330258696994154 0.9330258696994154 
27 13 1 0.9201740093533377 0.9330258696994154 0.9330258696994154 
28 16 1 0.9233603304685042 0.9330258696994154 0.9330258696994154 
29 5 1 0.9238983512262803 0.9330258696994154 0.9330258696994154 
0 408 3 0.7954683126677193 0.9330258696994154 0.9330258696994154 
1 30 1 0.8321112575198681 0.9330258696994154 0.9330258696994154 
2 171 1 0.8456463294381323 0.9330258696994154 0.9330258696994154 
3 108 1 0.8756393483799656 0.9330258696994154 0.9330258696994154 
4 64 0 0.8990334040854823 0.9330258696994154 0.9330258696994154 
5 132 1 0.9071609920719531 0.9330258696994154 0.9330258696994154 
6 213 1 0.9131128216922494 0.9330258696994154 0.9330258696994154 
7 24 0 0.912847520533283 0.9330258696994154 0.9330258696994154 
8 22 0 0.9155009925757944 0.9330258696994154 0.9330258696994154 
9 8 1 0.9180062596713409 0.9330258696994154 0.9330258696994154 
10 11 0 0.9157150216863337 0.9330258696994154 0.9330258696994154 
11 10 0 0.9220926828193424 0.9330258696994154 0.9330258696994154 
12 19 1 0.9097149245847538 0.9330258696994154 0.9330258696994154 
13 8 2 0.9184789126643751 0.9330258696994154 0.9330258696994154 
14 28 1 0.9214532079994885 0.9330258696994154 0.9330258696994154 
15 16 1 0.9112379644570981 0.9330258696994154 0.9330258696994154 
16 8 1 0.9171235463296417 0.9330258696994154 0.9330258696994154 
17 12 0 0.9217105284002045 0.9330258696994154 0.9330258696994154 
18 21 0 0.9164851326236659 0.9330258696994154 0.9330258696994154 
19 28 0 0.9149711896835151 0.9330258696994154 0.9330258696994154 
20 6 1 0.9168200228497425 0.9330258696994154 0.9330258696994154 
21 10 0 0.9200911735305105 0.9330258696994154 0.9330258696994154 
22 3 0 0.9176532543330453 0.9330258696994154 0.9330258696994154 
23 11 1 0.920598535396995 0.9330258696994154 0.9330258696994154 
24 5 1 0.9194309770777491 0.9330258696994154 0.9330258696994154 
25 6 1 0.9147892024282299 0.9330258696994154 0.9330258696994154 
26 18 0 0.9114175345254627 0.9330258696994154 0.9330258696994154 
27 9 0 0.9151433575772354 0.9330258696994154 0.9330258696994154 
28 6 0 0.9225921336279825 0.9330258696994154 0.9330258696994154 
29 14 1 0.9209908971025931 0.9330258696994154 0.9330258696994154 
0 334 3 0.7981640550336546 0.9330258696994154 0.9330258696994154 
1 142 1 0.8410855456273986 0.9330258696994154 0.9330258696994154 
2 22 1 0.8689103886983527 0.9330258696994154 0.9330258696994154 
3 197 1 0.886850668202449 0.9330258696994154 0.9330258696994154 
4 141 1 0.9089781630841915 0.9330258696994154 0.9330258696994154 
5 43 0 0.9085280352751731 0.9330258696994154 0.9330258696994154 
6 31 0 0.9085075739848688 0.9330258696994154 0.9330258696994154 
7 22 0 0.9252007995824231 0.9330258696994154 0.9330258696994154 
8 8 1 0.9203868063115886 0.9330258696994154 0.9330258696994154 
9 21 0 0.9160674657656067 0.9330258696994154 0.9330258696994154 
10 9 1 0.9184171435123636 0.9330258696994154 0.9330258696994154 
11 11 0 0.9194920779188333 0.9330258696994154 0.9330258696994154 
12 12 1 0.9178876057531826 0.9330258696994154 0.9330258696994154 
13 14 3 0.9246863474389159 0.9330258696994154 0.9330258696994154 
14 10 1 0.9238254777639654 0.9330258696994154 0.9330258696994154 
15 9 1 0.9218945569809562 0.9330258696994154 0.9330258696994154 
16 23 1 0.91838383081911 0.9330258696994154 0.9330258696994154 
17 19 1 0.9158393907947062 0.9330258696994154 0.9330258696994154 
18 35 1 0.9165465283181394 0.9330258696994154 0.9330258696994154 
19 20 1 0.9168706094715203 0.9330258696994154 0.9330258696994154 
20 29 1 0.9165042778918076 0.9330258696994154 0.9330258696994154 
21 9 0 0.9128305845807944 0.9330258696994154 0.9330258696994154 
22 9 0 0.9170815184174194 0.9330258696994154 0.9330258696994154 
23 29 1 0.9168515073954588 0.9330258696994154 0.9330258696994154 
24 11 1 0.919228284797199 0.9330258696994154 0.9330258696994154 
25 14 0 0.9242815231044245 0.9330258696994154 0.9330258696994154 
26 8 1 0.9208336583173946 0.9330258696994154 0.9330258696994154 
27 10 1 0.9223988383487477 0.9330258696994154 0.9330258696994154 
28 12 0 0.9210455025235863 0.9330258696994154 0.9330258696994154 
29 12 0 0.9200131380073846 0.9330258696994154 0.9330258696994154 
0 267 3 0.8040552772158074 0.9330258696994154 0.9330258696994154 
1 218 2 0.8448315453801848 0.9330258696994154 0.9330258696994154 
2 84 1 0.8705532948460666 0.9330258696994154 0.9330258696994154 
3 93 0 0.893332723981331 0.9330258696994154 0.9330258696994154 
4 43 1 0.9099419557889652 0.9330258696994154 0.9330258696994154 
5 74 1 0.9106027885859674 0.9330258696994154 0.9330258696994154 
6 13 1 0.9149622084753923 0.9330258696994154 0.9330258696994154 
7 9 0 0.9217653879770386 0.9330258696994154 0.9330258696994154 
8 14 0 0.9189770061648465 0.9330258696994154 0.9330258696994154 
9 10 1 0.9212601189470025 0.9330258696994154 0.9330258696994154 
10 14 1 0.9186868899809832 0.9330258696994154 0.9330258696994154 
11 8 1 0.9229501023248714 0.9330258696994154 0.9330258696994154 
12 13 0 0.9171768476365294 0.9330258696994154 0.9330258696994154 
13 15 3 0.917162905441652 0.9330258696994154 0.9330258696994154 
14 7 1 0.9197377033326711 0.9330258696994154 0.9330258696994154 
15 31 1 0.9202992806089483 0.9330258696994154 0.9330258696994154 
16 26 1 0.9195385173571025 0.9330258696994154 0.9330258696994154 
17 19 1 0.9202076631970302 0.9330258696994154 0.9330258696994154 
18 48 1 0.9150639381009504 0.9330258696994154 0.9330258696994154 
19 33 1 0.9119676911135735 0.9330258696994154 0.9330258696994154 
20 16 1 0.9216642298722765 0.9330258696994154 0.9330258696994154 
21 67 1 0.9183857309477551 0.9330258696994154 0.9330258696994154 
22 19 1 0.9150040949759135 0.9330258696994154 0.9330258696994154 
23 12 0 0.9200696098419614 0.9330258696994154 0.9330258696994154 
24 55 1 0.9184166927716996 0.9330258696994154 0.9330258696994154 
25 28 1 0.9174390424475263 0.9330258696994154 0.9330258696994154 
26 26 1 0.9142446277206194 0.9330258696994154 0.9330258696994154 
27 22 1 0.921922813310703 0.9330258696994154 0.9330258696994154 
28 27 1 0.919467708312791 0.9330258696994154 0.9330258696994154 
29 20 1 0.9175822279923956 0.9330258696994154 0.9330258696994154 
0 265 3 0.795644966250804 0.9330258696994154 0.9330258696994154 
1 241 1 0.8324239195359433 0.9330258696994154 0.9330258696994154 
2 124 2 0.8698534368962679 0.9330258696994154 0.9330258696994154 
3 85 1 0.900970676390487 0.9330258696994154 0.9330258696994154 
4 65 1 0.9097805968545226 0.9330258696994154 0.9330258696994154 
5 42 0 0.9148675668304156 0.9330258696994154 0.9330258696994154 
6 11 0 0.9169389573894382 0.9330258696994154 0.9330258696994154 
7 15 1 0.9136509629991594 0.9330258696994154 0.9330258696994154 
8 25 1 0.9138433199359551 0.9330258696994154 0.9330258696994154 
9 13 1 0.92009758707961 0.9330258696994154 0.9330258696994154 
10 21 1 0.9184528917468536 0.9330258696994154 0.9330258696994154 
11 17 1 0.9192294302700723 0.9330258696994154 0.9330258696994154 
12 6 1 0.921922349911688 0.9330258696994154 0.9330258696994154 
13 21 2 0.9143588714974209 0.9330258696994154 0.9330258696994154 
14 39 1 0.9204616068820357 0.9330258696994154 0.9330258696994154 
15 6 0 0.9214024561977024 0.9330258696994154 0.9330258696994154 
16 22 0 0.9165217906739458 0.9330258696994154 0.9330258696994154 
17 26 1 0.9176547366417945 0.9330258696994154 0.9330258696994154 
18 59 0 0.9233313252218083 0.9330258696994154 0.9330258696994154 
19 5 1 0.9266629914557367 0.9330258696994154 0.9330258696994154 
20 7 0 0.922372237086062 0.9330258696994154 0.9330258696994154 
21 14 1 0.9203666120462506 0.9330258696994154 0.9330258696994154 
22 16 1 0.9164465705081664 0.9330258696994154 0.9330258696994154 
23 16 1 0.9157607804383346 0.9330258696994154 0.9330258696994154 
24 18 1 0.9159577503326193 0.9330258696994154 0.9330258696994154 
25 30 0 0.9161392327897256 0.9330258696994154 0.9330258696994154 
26 14 1 0.9182922447563676 0.9330258696994154 0.9330258696994154 
27 36 1 0.9161383798998557 0.9330258696994154 0.9330258696994154 
28 9 0 0.9152597776771656 0.9330258696994154 0.9330258696994154 
29 16 0 0.9161817846241784 0.9330258696994154 0.9330258696994154 
0 321 4 0.7816923751166996 0.9330258696994154 0.9330258696994154 
1 387 3 0.8292929689736925 0.9330258696994154 0.9330258696994154 
2 97 1 0.8707021281695593 0.9330258696994154 0.9330258696994154 
3 44 1 0.8938571035466151 0.9330258696994154 0.9330258696994154 
4 167 0 0.9103297021228727 0.9330258696994154 0.9330258696994154 
5 84 0 0.9153877932402846 0.9330258696994154 0.9330258696994154 
6 73 1 0.9203469770016675 0.9330258696994154 0.9330258696994154 
7 13 0 0.918013824311182 0.9330258696994154 0.9330258696994154 
8 9 1 0.9170398844343975 0.9330258696994154 0.9330258696994154 
9 4 0 0.9228577725300464 0.9330258696994154 0.9330258696994154 
10 4 0 0.924726309576279 0.9330258696994154 0.9330258696994154 
11 11 0 0.921430348852325 0.9330258696994154 0.9330258696994154 
12 23 0 0.9115757091921612 0.9330258696994154 0.9330258696994154 
13 13 3 0.9158176080857368 0.9330258696994154 0.9330258696994154 
14 5 0 0.9207183084757732 0.9330258696994154 0.9330258696994154 
15 15 1 0.91809448989473 0.9330258696994154 0.9330258696994154 
16 21 1 0.9175916880142279 0.9330258696994154 0.9330258696994154 
17 7 1 0.9211439986072858 0.9330258696994154 0.9330258696994154 
18 10 0 0.9149600185611821 0.9330258696994154 0.9330258696994154 
19 14 0 0.9196237955154436 0.9330258696994154 0.9330258696994154 
20 10 0 0.917718434827832 0.9330258696994154 0.9330258696994154 
21 9 1 0.9198084926837902 0.9330258696994154 0.9330258696994154 
22 4 1 0.9201633754064845 0.9330258696994154 0.9330258696994154 
23 15 0 0.913957362515265 0.9330258696994154 0.9330258696994154 
24 14 1 0.9181990255222428 0.9330258696994154 0.9330258696994154 
25 13 1 0.9148580128215654 0.9330258696994154 0.9330258696994154 
26 7 0 0.9202875158457167 0.9330258696994154 0.9330258696994154 
27 6 1 0.917049629633329 0.9330258696994154 0.9330258696994154 
28 25 1 0.9147443989560011 0.9330258696994154 0.9330258696994154 
29 20 0 0.9139005588622794 0.9330258696994154 0.9330258696994154 
0 254 3 0.7873758213665488 0.9330258696994154 0.9330258696994154 
1 112 2 0.8207906356652696 0.9330258696994154 0.9330258696994154 
2 40 1 0.8565077138539773 0.9330258696994154 0.9330258696994154 
3 64 1 0.8706321719379873 0.9330258696994154 0.9330258696994154 
4 260 1 0.8764685195996939 0.9330258696994154 0.9330258696994154 
5 179 1 0.8877776008714107 0.9330258696994154 0.9330258696994154 
6 53 1 0.9090816771067395 0.9330258696994154 0.9330258696994154 
7 228 1 0.9114950585642048 0.9330258696994154 0.9330258696994154 
8 51 1 0.9206399073111706 0.9330258696994154 0.9330258696994154 
9 15 0 0.9180889954631669 0.9330258696994154 0.9330258696994154 
10 18 1 0.9151988255820217 0.9330258696994154 0.9330258696994154 
11 18 0 0.9167569305956501 0.9330258696994154 0.9330258696994154 
12 8 1 0.9245499872015113 0.9330258696994154 0.9330258696994154 
13 7 3 0.9171839639226367 0.9330258696994154 0.9330258696994154 
14 18 1 0.9200182450813174 0.9330258696994154 0.9330258696994154 
15 10 1 0.9254708234339992 0.9330258696994154 0.9330258696994154 
16 12 1 0.9186539245428976 0.9330258696994154 0.9330258696994154 
17 14 0 0.9224741844452644 0.9330258696994154 0.9330258696994154 
18 18 0 0.9217275984732257 0.9330258696994154 0.9330258696994154 
19 8 1 0.9211949927498959 0.9330258696994154 0.9330258696994154 
20 13 0 0.9191817914648497 0.9330258696994154 0.9330258696994154 
21 17 1 0.9199682430971303 0.9330258696994154 0.9330258696994154 
22 18 0 0.9150045477835911 0.9330258696994154 0.9330258696994154 
23 19 0 0.919513137748085 0.9330258696994154 0.9330258696994154 
24 21 0 0.9112536896852396 0.9330258696994154 0.9330258696994154 
25 13 0 0.9152668252208662 0.9330258696994154 0.9330258696994154 
26 18 1 0.9147424749072744 0.9330258696994154 0.9330258696994154 
27 12 0 0.915919600515942 0.9330258696994154 0.9330258696994154 
28 18 0 0.9225519928844926 0.9330258696994154 0.9330258696994154 
29 22 1 0.9115078405612264 0.9330258696994154 0.9330258696994154 
0 374 3 0.7986914509116442 0.9330258696994154 0.9330258696994154 
1 182 2 0.8487379593063615 0.9330258696994154 0.9330258696994154 
2 102 1 0.8809610842983515 0.9330258696994154 0.9330258696994154 
3 130 1 0.8986900181669261 0.9330258696994154 0.9330258696994154 
4 37 1 0.9085007376044852 0.9330258696994154 0.9330258696994154 
5 21 1 0.9099113062331715 0.9330258696994154 0.9330258696994154 
6 16 0 0.9080325663622388 0.9330258696994154 0.9330258696994154 
7 22 1 0.908165730824853 0.9330258696994154 0.9330258696994154 
8 16 1 0.922122871736414 0.9330258696994154 0.9330258696994154 
9 40 1 0.9173363082530882 0.9330258696994154 0.9330258696994154 
10 47 1 0.914997974362629 0.9330258696994154 0.9330258696994154 
11 44 1 0.9165765743872321 0.9330258696994154 0.9330258696994154 
12 12 0 0.9201303478142095 0.9330258696994154 0.9330258696994154 
13 29 3 0.9191831794861092 0.9330258696994154 0.9330258696994154 
14 12 1 0.9234976782837822 0.9330258696994154 0.9330258696994154 
15 20 1 0.9207704045289629 0.9330258696994154 0.9330258696994154 
16 15 1 0.922021750031617 0.9330258696994154 0.9330258696994154 
17 11 1 0.9168995496433655 0.9330258696994154 0.9330258696994154 
18 6 0 0.9212323329709791 0.9330258696994154 0.9330258696994154 
19 15 1 0.9142797618123081 0.9330258696994154 0.9330258696994154 
20 19 1 0.9191034935697379 0.9330258696994154 0.9330258696994154 
21 25 1 0.9157001447154248 0.9330258696994154 0.9330258696994154 
22 6 0 0.9223864425740541 0.9330258696994154 0.9330258696994154 
23 22 0 0.9164714836631689 0.9330258696994154 0.9330258696994154 
24 14 0 0.9171458576022617 0.9330258696994154 0.9330258696994154 
25 11 1 0.9187673542145075 0.9330258696994154 0.9330258696994154 
26 16 0 0.9202917924136009 0.9330258696994154 0.9330258696994154 
27 8 0 0.9178160359339188 0.9330258696994154 0.9330258696994154 
28 3 1 0.9227846726973151 0.9330258696994154 0.9330258696994154 
29 4 1 0.9209429467691684 0.9330258696994154 0.9330258696994154 
0 391 3 0.7890585760000345 0.9330258696994154 0.9330258696994154 
1 46 2 0.8390368950893101 0.9330258696994154 0.9330258696994154 
2 77 1 0.8763035359131547 0.9330258696994154 0.9330258696994154 
3 110 1 0.8998121539193151 0.9330258696994154 0.9330258696994154 
4 40 1 0.9158112031361375 0.9330258696994154 0.9330258696994154 
5 64 1 0.9128395058430686 0.9330258696994154 0.9330258696994154 
6 37 1 0.9168229305777494 0.9330258696994154 0.9330258696994154 
7 13 0 0.9178676718896642 0.9330258696994154 0.9330258696994154 
8 18 1 0.9212087856257806 0.9330258696994154 0.9330258696994154 
9 7 1 0.9221049194117859 0.9330258696994154 0.9330258696994154 
10 10 1 0.9152646243058713 0.9330258696994154 0.9330258696994154 
11 14 1 0.9153596633301905 0.9330258696994154 0.9330258696994154 
12 33 1 0.9202160589418701 0.9330258696994154 0.9330258696994154 
13 13 2 0.9152131879604333 0.9330258696994154 0.9330258696994154 
14 14 1 0.9133470862044849 0.9330258696994154 0.9330258696994154 
15 18 1 0.9152083837267743 0.9330258696994154 0.9330258696994154 
16 26 1 0.9087192817592795 0.9330258696994154 0.9330258696994154 
17 21 1 0.9110363425946653 0.9330258696994154 0.9330258696994154 
18 18 1 0.9145843465042869 0.9330258696994154 0.9330258696994154 
19 16 0 0.9155199069583521 0.9330258696994154 0.9330258696994154 
20 13 1 0.9220660856837166 0.9330258696994154 0.9330258696994154 
21 26 0 0.9143307044162625 0.9330258696994154 0.9330258696994154 
22 10 1 0.9223258603959945 0.9330258696994154 0.9330258696994154 
23 9 0 0.9237634468153566 0.9330258696994154 0.9330258696994154 
24 32 0 0.9202675998797821 0.9330258696994154 0.9330258696994154 
25 26 1 0.9173812389866535 0.9330258696994154 0.9330258696994154 
26 15 0 0.9206191662989224 0.9330258696994154 0.9330258696994154 
27 14 0 0.9162109640196917 0.9330258696994154 0.9330258696994154 
28 41 1 0.9110210400521378 0.9330258696994154 0.9330258696994154 
29 11 0 0.92086105960357 0.9330258696994154 0.9330258696994154 
0 326 3 0.7917332742987311 0.9330258696994154 0.9330258696994154 
1 101 1 0.8338515856487256 0.9330258696994154 0.9330258696994154 
2 54 1 0.8677821631652644 0.9330258696994154 0.9330258696994154 
3 121 0 0.8882225652996977 0.9330258696994154 0.9330258696994154 
4 64 1 0.9052327646135839 0.9330258696994154 0.9330258696994154 
5 9 0 0.91702858964118 0.9330258696994154 0.9330258696994154 
6 41 1 0.9209125262780468 0.9330258696994154 0.9330258696994154 
7 10 1 0.9131334499130979 0.9330258696994154 0.9330258696994154 
8 14 1 0.9157224250754742 0.9330258696994154 0.9330258696994154 
9 16 1 0.9171713660463733 0.9330258696994154 0.9330258696994154 
10 19 1 0.9148182082194606 0.9330258696994154 0.9330258696994154 
11 7 1 0.9203714783397507 0.9330258696994154 0.9330258696994154 
12 8 1 0.9191407521995419 0.9330258696994154 0.9330258696994154 
13 8 3 0.9184783904198086 0.9330258696994154 0.9330258696994154 
14 9 1 0.9116408271675885 0.9330258696994154 0.9330258696994154 
15 10 1 0.9203633086826916 0.9330258696994154 0.9330258696994154 
16 13 1 0.9165715794253374 0.9330258696994154 0.9330258696994154 
17 17 1 0.9189119411136857 0.9330258696994154 0.9330258696994154 
18 36 1 0.9114113484339404 0.9330258696994154 0.9330258696994154 
19 10 0 0.9190235490034797 0.9330258696994154 0.9330258696994154 
20 16 1 0.9186599092566903 0.9330258696994154 0.9330258696994154 
21 21 0 0.9110453017274932 0.9330258696994154 0.9330258696994154 
22 12 1 0.9106245544456096 0.9330258696994154 0.9330258696994154 
23 13 0 0.9228860280845239 0.9330258696994154 0.9330258696994154 
24 22 1 0.921194079007217 0.9330258696994154 0.9330258696994154 
25 5 1 0.9251824203679305 0.9330258696994154 0.9330258696994154 
26 14 1 0.9182582371875632 0.9330258696994154 0.9330258696994154 
27 10 0 0.9201130887009912 0.9330258696994154 0.9330258696994154 
28 10 0 0.9140459486074148 0.9330258696994154 0.9330258696994154 
29 7 0 0.9190744559759517 0.9330258696994154 0.9330258696994154 
0 345 3 0.7896916829014871 0.9330258696994154 0.9330258696994154 
1 175 2 0.8128845991555399 0.9330258696994154 0.9330258696994154 
2 34 1 0.8495747198325145 0.9330258696994154 0.9330258696994154 
3 52 1 0.8703875787901937 0.9330258696994154 0.9330258696994154 
4 135 1 0.8965244623953569 0.9330258696994154 0.9330258696994154 
5 74 1 0.8980245168285531 0.9330258696994154 0.9330258696994154 
6 217 1 0.9055104878702531 0.9330258696994154 0.9330258696994154 
7 11 0 0.9123757915307635 0.9330258696994154 0.9330258696994154 
8 77 1 0.9144502773131875 0.9330258696994154 0.9330258696994154 
9 8 1 0.9188653944418472 0.9330258696994154 0.9330258696994154 
10 17 1 0.9177612024156308 0.9330258696994154 0.9330258696994154 
11 8 1 0.9204861887583426 0.9330258696994154 0.9330258696994154 
12 16 0 0.9161452843488195 0.9330258696994154 0.9330258696994154 
13 20 3 0.9161264712976782 0.9330258696994154 0.9330258696994154 
14 24 1 0.9187174399868807 0.9330258696994154 0.9330258696994154 
15 13 0 0.921910465666537 0.9330258696994154 0.9330258696994154 
16 17 1 0.9235420471414179 0.9330258696994154 0.9330258696994154 
17 8 1 0.92359452975727 0.9330258696994154 0.9330258696994154 
18 16 1 0.9232182089364751 0.9330258696994154 0.9330258696994154 
19 26 1 0.9179992145426935 0.9330258696994154 0.9330258696994154 
20 9 0 0.9230377840943708 0.9330258696994154 0.9330258696994154 
21 7 1 0.918228616404444 0.9330258696994154 0.9330258696994154 
22 20 1 0.9180023358108419 0.9330258696994154 0.9330258696994154 
23 17 1 0.9193199160144535 0.9330258696994154 0.9330258696994154 
24 26 1 0.915754715375013 0.9330258696994154 0.9330258696994154 
25 16 0 0.9201389183810399 0.9330258696994154 0.9330258696994154 
26 12 1 0.9176811593924589 0.9330258696994154 0.9330258696994154 
27 8 1 0.920547820237115 0.9330258696994154 0.9330258696994154 
28 10 1 0.9147515764383659 0.9330258696994154 0.9330258696994154 
29 10 1 0.9207271494034636 0.9330258696994154 0.9330258696994154 
0 435 3 0.7956141203302411 0.9330258696994154 0.9330258696994154 
1 284 1 0.8248247413327785 0.9330258696994154 0.9330258696994154 
2 86 1 0.8615273632583417 0.9330258696994154 0.9330258696994154 
3 131 1 0.8858046193844139 0.9330258696994154 0.9330258696994154 
4 235 0 0.8958030143847805 0.9330258696994154 0.9330258696994154 
5 50 1 0.9152256460521501 0.9330258696994154 0.9330258696994154 
6 44 1 0.9170961027868729 0.9330258696994154 0.9330258696994154 
7 23 1 0.9209075963497082 0.9330258696994154 0.9330258696994154 
8 13 0 0.9167124492169111 0.9330258696994154 0.9330258696994154 
9 7 0 0.9201058241630925 0.9330258696994154 0.9330258696994154 
10 13 0 0.9176257594993912 0.9330258696994154 0.9330258696994154 
11 8 0 0.9175475334773633 0.9330258696994154 0.9330258696994154 
12 45 1 0.9172286445088758 0.9330258696994154 0.9330258696994154 
13 17 3 0.9156536607839624 0.9330258696994154 0.9330258696994154 
14 11 0 0.9145616927672015 0.9330258696994154 0.9330258696994154 
15 12 1 0.9118633136817041 0.9330258696994154 0.9330258696994154 
16 8 1 0.9253918399215076 0.9330258696994154 0.9330258696994154 
17 17 1 0.9235780316054361 0.9330258696994154 0.9330258696994154 
18 9 1 0.9155424316473026 0.9330258696994154 0.9330258696994154 
19 11 1 0.9174207850742985 0.9330258696994154 0.9330258696994154 
20 21 0 0.9207442213010935 0.9330258696994154 0.9330258696994154 
21 18 1 0.9194899910632851 0.9330258696994154 0.9330258696994154 
22 12 0 0.9186730210572711 0.9330258696994154 0.9330258696994154 
23 13 3 0.9166131235260871 0.9330258696994154 0.9330258696994154 
24 15 0 0.9198717891985031 0.9330258696994154 0.9330258696994154 
25 20 0 0.9154780579785463 0.9330258696994154 0.9330258696994154 
26 13 0 0.9083098979446814 0.9330258696994154 0.9330258696994154 
27 9 1 0.9166085958765163 0.9330258696994154 0.9330258696994154 
28 27 0 0.9160167050287056 0.9330258696994154 0.9330258696994154 
29 24 0 0.9189336494722725 0.9330258696994154 0.9330258696994154 
0 279 3 0.7898087814612081 0.9330258696994154 0.9330258696994154 
1 301 1 0.8319880103484476 0.9330258696994154 0.9330258696994154 
2 83 1 0.8708921208464884 0.9330258696994154 0.9330258696994154 
3 330 1 0.8865665777369083 0.9330258696994154 0.9330258696994154 
4 83 1 0.9028279586641133 0.9330258696994154 0.9330258696994154 
5 43 1 0.906422032679821 0.9330258696994154 0.9330258696994154 
6 6 1 0.92097940501378 0.9330258696994154 0.9330258696994154 
7 15 1 0.9205375749155696 0.9330258696994154 0.9330258696994154 
8 14 1 0.9213511514773783 0.9330258696994154 0.9330258696994154 
9 5 1 0.9196787079428106 0.9330258696994154 0.9330258696994154 
10 14 0 0.9206680584731521 0.9330258696994154 0.9330258696994154 
11 12 1 0.918587843832142 0.9330258696994154 0.9330258696994154 
12 8 1 0.9191555593933373 0.9330258696994154 0.9330258696994154 
13 8 3 0.9220864006833154 0.9330258696994154 0.9330258696994154 
14 18 1 0.9137999975870325 0.9330258696994154 0.9330258696994154 
15 13 1 0.919250388043697 0.9330258696994154 0.9330258696994154 
16 20 1 0.9203619397415275 0.9330258696994154 0.9330258696994154 
17 14 1 0.9171124734840924 0.9330258696994154 0.9330258696994154 
18 22 1 0.9203835703731467 0.9330258696994154 0.9330258696994154 
19 11 1 0.9124683000104069 0.9330258696994154 0.9330258696994154 
20 12 1 0.919201855600246 0.9330258696994154 0.9330258696994154 
21 11 0 0.9201694581676592 0.9330258696994154 0.9330258696994154 
22 8 0 0.9194664921994951 0.9330258696994154 0.9330258696994154 
23 21 1 0.9186244963289831 0.9330258696994154 0.9330258696994154 
24 8 1 0.9223611103515096 0.9330258696994154 0.9330258696994154 
25 25 0 0.9188386443214567 0.9330258696994154 0.9330258696994154 
26 18 1 0.9187420109756608 0.9330258696994154 0.9330258696994154 
27 22 1 0.91572994788157 0.9330258696994154 0.9330258696994154 
28 25 1 0.91615031857383 0.9330258696994154 0.9330258696994154 
29 17 1 0.9211581148059852 0.9330258696994154 0.9330258696994154 
