0 1451 4 0.6051853838190235 0.74776658497111 0.74776658497111 
1 111 3 0.599431584222391 0.74776658497111 0.74776658497111 
2 47 2 0.5786620576861986 0.6849688134565574 0.74776658497111 
3 56 2 0.5554230628398407 0.7479044317672419 0.7479044317672419 
4 39 2 0.5470040685506893 0.7458107406460273 0.7479044317672419 
5 10 2 0.5475653423671784 0.7463927558584851 0.7479044317672419 
6 34 2 0.5308122332197001 0.7478875444867532 0.7479044317672419 
7 108 4 0.5224012360062527 0.7522797344063386 0.7522797344063386 
8 38 2 0.5176936117867842 0.7531351388530694 0.7531351388530694 
9 16 2 0.5157411688357623 0.7447521083853643 0.7531351388530694 
10 83 2 0.5147575833293219 0.7447521083853643 0.7531351388530694 
11 22 2 0.5087539177645154 0.5907953007093297 0.7531351388530694 
12 31 4 0.5091697421692991 0.6647396703037745 0.7531351388530694 
13 22 2 0.5026807106808882 0.6220858686655977 0.7531351388530694 
14 27 2 0.5006250478101502 0.5653661506134463 0.7531351388530694 
15 23 2 0.5004302926403376 0.5382051460256089 0.7531351388530694 
16 88 2 0.5019996851625868 0.5354379520802189 0.7531351388530694 
17 6 2 0.5002622642722319 0.5775297738144407 0.7531351388530694 
18 94 2 0.5011595212425913 0.6343788285340934 0.7531351388530694 
19 62 2 0.5007663387723248 0.634886307166572 0.7531351388530694 
20 225 2 0.5033024700041918 0.6439842896677618 0.7531351388530694 
21 61 2 0.5088509026800111 0.6832221945200524 0.7531351388530694 
22 69 2 0.5051772822248624 0.6832221945200524 0.7531351388530694 
23 41 1 0.5050549313670735 0.681884792155317 0.7531351388530694 
24 20 1 0.5112895403181676 0.681884792155317 0.7531351388530694 
25 32 2 0.5238243625983708 0.6929812032480087 0.7531351388530694 
26 51 1 0.5320626555064796 0.683769753158332 0.7531351388530694 
27 79 1 0.5278698263067628 0.6432867229008934 0.7531351388530694 
28 80 2 0.5228960182934561 0.6432867229008934 0.7531351388530694 
29 56 1 0.520093901302151 0.6411751167020076 0.7531351388530694 
0 1838 5 0.5988082147363893 0.7476239479487433 0.7476239479487433 
1 37 3 0.5932380936253426 0.7489420555183784 0.7489420555183784 
2 175 3 0.5702456652586791 0.7458460855292389 0.7489420555183784 
3 48 1 0.5483819281987958 0.7458460855292389 0.7489420555183784 
4 79 2 0.5293890836855742 0.6350909329718325 0.7489420555183784 
5 71 3 0.5057123774060515 0.6357299392375284 0.7489420555183784 
6 101 3 0.5015056959966308 0.6347176781909608 0.7489420555183784 
7 12 3 0.5022218293984592 0.6352304987037813 0.7489420555183784 
8 28 3 0.5010920274533112 0.5985830206336058 0.7489420555183784 
9 43 2 0.5027966139961515 0.6003335789950238 0.7489420555183784 
10 36 3 0.5039267573653257 0.6000323076150662 0.7489420555183784 
11 36 3 0.5045108421555782 0.599227756181037 0.7489420555183784 
12 61 4 0.5000594805225488 0.5541524037908834 0.7489420555183784 
13 23 2 0.4977946229378692 0.5816741443130955 0.7489420555183784 
14 49 2 0.5005996941022208 0.629867603545506 0.7489420555183784 
15 21 2 0.501444024762448 0.596762205962459 0.7489420555183784 
16 43 2 0.5064298934377444 0.5691934154866234 0.7489420555183784 
17 45 2 0.5048191041260742 0.569125875882883 0.7489420555183784 
18 35 2 0.5066425316797789 0.5691934154866234 0.7489420555183784 
19 33 2 0.5072943099504933 0.5694953478537731 0.7489420555183784 
20 41 1 0.5068589348725934 0.535330180287059 0.7489420555183784 
21 66 2 0.5062206979823645 0.5328370951540441 0.7489420555183784 
22 30 1 0.5066061577630439 0.5286127780767651 0.7489420555183784 
23 46 2 0.5078154381572172 0.5577383305522545 0.7489420555183784 
24 18 2 0.5099395535768688 0.5468750899923587 0.7489420555183784 
25 25 2 0.5132491248947431 0.6574401302174331 0.7489420555183784 
26 53 2 0.5163064968653839 0.6579285307058336 0.7489420555183784 
27 42 3 0.5158008237209222 0.5638450965642801 0.7489420555183784 
28 11 3 0.5148038939559121 0.5737359204496093 0.7489420555183784 
29 24 3 0.5162789593150613 0.539759488285666 0.7489420555183784 
0 1433 4 0.602126774062068 0.756494248186408 0.756494248186408 
1 50 2 0.6078316402036232 0.756494248186408 0.756494248186408 
2 118 2 0.600393273105377 0.756494248186408 0.756494248186408 
3 101 2 0.5831608244622237 0.7483496233743896 0.756494248186408 
4 29 2 0.5709972660648129 0.7465300542328507 0.756494248186408 
5 31 3 0.5644743620133926 0.7478603481405426 0.756494248186408 
6 26 3 0.5480416311145923 0.6842967500157457 0.756494248186408 
7 38 2 0.5506189455481248 0.7520545004443675 0.756494248186408 
8 25 3 0.5306296803289162 0.6845523849789006 0.756494248186408 
9 110 2 0.5213920014671922 0.6862474418512521 0.756494248186408 
10 34 2 0.5261621869127119 0.6854477785515888 0.756494248186408 
11 155 2 0.5276572208881146 0.6852127072459095 0.756494248186408 
12 78 3 0.523481202321597 0.635947420937843 0.756494248186408 
13 107 2 0.5235254844202936 0.6408744719482979 0.756494248186408 
14 68 2 0.5226320379512722 0.6858393999552432 0.756494248186408 
15 21 2 0.5297247485814602 0.6838051288961887 0.756494248186408 
16 58 1 0.5296643951093053 0.6353064121561929 0.756494248186408 
17 51 1 0.5288459909899391 0.641531543287472 0.756494248186408 
18 82 2 0.5202991004958305 0.6829515623545319 0.756494248186408 
19 83 2 0.5162207453524936 0.599786886620977 0.756494248186408 
20 25 2 0.5135964637668079 0.5766291269698024 0.756494248186408 
21 90 2 0.5065467129272777 0.553607356661848 0.756494248186408 
22 30 2 0.5031786025696497 0.5925636412417665 0.756494248186408 
23 144 2 0.501297093362677 0.6002138035950151 0.756494248186408 
24 19 2 0.5039704341680433 0.5669796047537917 0.756494248186408 
25 77 2 0.5013753306230281 0.632228278901198 0.756494248186408 
26 66 2 0.5034718876227354 0.632228278901198 0.756494248186408 
27 49 2 0.5064739346760357 0.6385677913993109 0.756494248186408 
28 17 2 0.513629577123483 0.6388251916567111 0.756494248186408 
29 40 1 0.5196028490121893 0.7501904326568859 0.756494248186408 
0 1873 4 0.601829788198557 0.7557266270002589 0.7557266270002589 
1 37 2 0.6063101580251531 0.7551936216794191 0.7557266270002589 
2 93 2 0.5905467679289295 0.7485027820061071 0.7557266270002589 
3 133 2 0.5672324595801457 0.7495268753781262 0.7557266270002589 
4 38 2 0.5567561764469628 0.7497135386823833 0.7557266270002589 
5 95 3 0.5248390170797039 0.7495268753781262 0.7557266270002589 
6 130 3 0.506447729639844 0.6844444496398426 0.7557266270002589 
7 15 4 0.5061964475181127 0.6323440065830166 0.7557266270002589 
8 50 4 0.5056123805412933 0.600510706043583 0.7557266270002589 
9 62 2 0.5129609042566083 0.6016446859643149 0.7557266270002589 
10 30 2 0.5173202549810351 0.6011899207010675 0.7557266270002589 
11 23 2 0.5121941665345277 0.637893732057111 0.7557266270002589 
12 177 4 0.5149091513009729 0.6039536459008487 0.7557266270002589 
13 78 3 0.5096915098566718 0.6012204762384655 0.7557266270002589 
14 136 2 0.5105484511243228 0.6013158878092869 0.7557266270002589 
15 68 2 0.5098737056935208 0.60116628283325 0.7557266270002589 
16 25 1 0.5092699722524041 0.5765767332384523 0.7557266270002589 
17 53 1 0.5052016270190253 0.6402732803081965 0.7557266270002589 
18 98 2 0.4971429254625503 0.5713487407635921 0.7557266270002589 
19 38 2 0.49992657191578915 0.6411188209857995 0.7557266270002589 
20 82 1 0.5050266398595247 0.6332120892455902 0.7557266270002589 
21 87 2 0.5089950429502784 0.7481655058905795 0.7557266270002589 
22 44 2 0.5134741822353653 0.640455496836757 0.7557266270002589 
23 154 1 0.5200662680851267 0.6407973771786373 0.7557266270002589 
24 79 2 0.5253786921863015 0.6371427721226584 0.7557266270002589 
25 155 2 0.5238934470152166 0.6410102417594437 0.7557266270002589 
26 28 2 0.5296953017850992 0.6893198867571814 0.7557266270002589 
27 53 1 0.5247139351106952 0.6893198867571814 0.7557266270002589 
28 51 1 0.5171055724465308 0.6865612660675262 0.7557266270002589 
29 116 1 0.529376078652738 0.6868081796477732 0.7557266270002589 
0 1459 5 0.5987707776509679 0.751825596313489 0.751825596313489 
1 57 2 0.6046815827308687 0.7495597220488082 0.751825596313489 
2 74 2 0.5983730208433634 0.7502884327660788 0.751825596313489 
3 17 2 0.5778855841546878 0.7522047482724257 0.7522047482724257 
4 75 3 0.5703958513128417 0.7522047482724257 0.7522047482724257 
5 96 2 0.5591723572602018 0.7507863921375493 0.7522047482724257 
6 39 2 0.5617549979808178 0.7518412797216703 0.7522047482724257 
7 37 2 0.5662922450823716 0.7465235142045649 0.7522047482724257 
8 51 2 0.5658231336557618 0.6873571527375433 0.7522047482724257 
9 21 1 0.547960070685081 0.7516896025851316 0.7522047482724257 
10 31 2 0.5311080401882028 0.7516404060211003 0.7522047482724257 
11 72 2 0.5322601348538528 0.7558662868826915 0.7558662868826915 
12 15 4 0.5237576762316389 0.6916301757715805 0.7558662868826915 
13 25 2 0.516360640321961 0.6052125201750875 0.7558662868826915 
14 11 2 0.504305149543333 0.5649105440476807 0.7558662868826915 
15 9 2 0.5033939847606154 0.5600661125998254 0.7558662868826915 
16 30 2 0.5036146756911148 0.6341114802380496 0.7558662868826915 
17 72 2 0.5070754260642718 0.6342847304112998 0.7558662868826915 
18 63 2 0.5052831857412597 0.6013976592079737 0.7558662868826915 
19 24 2 0.5052465744460363 0.6885217891592088 0.7558662868826915 
20 70 2 0.5047624706156678 0.6886083692457889 0.7558662868826915 
21 35 2 0.50067692477564 0.688685589323009 0.7558662868826915 
22 67 2 0.49749727493553636 0.5722771202638812 0.7558662868826915 
23 76 3 0.49794216024753524 0.5512702025452851 0.7558662868826915 
24 116 3 0.5007879575004324 0.6768667263843136 0.7558662868826915 
25 20 4 0.5014279809102586 0.569659206176713 0.7558662868826915 
26 25 4 0.50024368203494 0.5253881265804126 0.7558662868826915 
27 18 5 0.5008321178624402 0.5159568243752102 0.7558662868826915 
28 36 5 0.5017307675929615 0.5075740404364786 0.7558662868826915 
29 34 6 0.502075092720589 0.5077441458769827 0.7558662868826915 
0 1462 4 0.6029440122480878 0.7500537910551774 0.7500537910551774 
1 73 2 0.6065351255609438 0.7500537910551774 0.7500537910551774 
2 59 2 0.5827928453906426 0.7440726585099967 0.7500537910551774 
3 81 3 0.5471291910468952 0.6822792946040614 0.7500537910551774 
4 85 2 0.5294339963876182 0.7464402487015978 0.7500537910551774 
5 82 2 0.5244385335391489 0.6836318411479047 0.7500537910551774 
6 19 3 0.5214809341343195 0.7497852800843603 0.7500537910551774 
7 62 2 0.5138360380655052 0.68402866654473 0.7500537910551774 
8 90 2 0.5187838164491805 0.6842037365727413 0.7500537910551774 
9 40 2 0.5085208890982919 0.6851189357994394 0.7500537910551774 
10 78 2 0.5019496382734335 0.6010712569094481 0.7500537910551774 
11 13 2 0.49690568076800423 0.5968414350413725 0.7500537910551774 
12 67 4 0.4991414158829785 0.5992829991690815 0.7500537910551774 
13 21 2 0.4967748885324382 0.602468329641053 0.7500537910551774 
14 108 2 0.49439265141032107 0.598281902839113 0.7500537910551774 
15 20 3 0.4945161465361177 0.5721426408129133 0.7500537910551774 
16 75 3 0.49510379748895483 0.5696387291674568 0.7500537910551774 
17 138 2 0.49641118994876676 0.6023316179305453 0.7500537910551774 
18 65 2 0.49922814696922635 0.6025921974594176 0.7500537910551774 
19 72 2 0.5025880770127246 0.6041831626561622 0.7500537910551774 
20 104 2 0.5039006135838645 0.6011068998721842 0.7500537910551774 
21 138 2 0.5036962959028929 0.6014648538565823 0.7500537910551774 
22 50 2 0.49986227334773076 0.5732719134517444 0.7500537910551774 
23 40 1 0.49729302899247757 0.5503527505274441 0.7500537910551774 
24 47 1 0.4959045138227803 0.56962199544243 0.7500537910551774 
25 85 1 0.498174536861193 0.6357863434873797 0.7500537910551774 
26 41 1 0.5029713366537255 0.6377872825508324 0.7500537910551774 
27 39 1 0.5067787655549914 0.7525768871962366 0.7525768871962366 
28 46 1 0.5076223965375289 0.7537776549228011 0.7537776549228011 
29 78 1 0.511243030813946 0.7537776549228011 0.7537776549228011 
0 1642 4 0.6018323957605908 0.7523985838703029 0.7523985838703029 
1 48 2 0.6084859918618681 0.7523985838703029 0.7523985838703029 
2 90 2 0.6046555173824268 0.7502884327660788 0.7523985838703029 
3 43 2 0.5893601278279197 0.7502884327660788 0.7523985838703029 
4 59 3 0.562903344819488 0.7490953054193794 0.7523985838703029 
5 48 3 0.5466374013741523 0.6843002237938615 0.7523985838703029 
6 61 4 0.535235572851075 0.6831004335276312 0.7523985838703029 
7 26 3 0.5189333741551144 0.6356797210724834 0.7523985838703029 
8 17 4 0.5089272029164514 0.6845825638165524 0.7523985838703029 
9 84 4 0.5088639540656196 0.6399560827783524 0.7523985838703029 
10 22 4 0.5049988658490415 0.6408420185480092 0.7523985838703029 
11 41 4 0.5094446716502066 0.641245765318035 0.7523985838703029 
12 43 7 0.5032964078249672 0.6370183212131016 0.7523985838703029 
13 90 4 0.4977221844838692 0.6374053850027641 0.7523985838703029 
14 79 4 0.4994575480084618 0.6374053850027641 0.7523985838703029 
15 59 4 0.498265094793444 0.6374053850027641 0.7523985838703029 
16 36 3 0.4987046125053449 0.6396108171761042 0.7523985838703029 
17 42 2 0.498311818521559 0.6396108171761042 0.7523985838703029 
18 23 3 0.4960948430385387 0.5507012454851102 0.7523985838703029 
19 109 3 0.49527360091294925 0.6574923154778188 0.7523985838703029 
20 26 4 0.49625036629971797 0.6589075668930703 0.7523985838703029 
21 62 3 0.4952465544493749 0.6341307554282921 0.7523985838703029 
22 106 4 0.4982923560013277 0.6353482878958246 0.7523985838703029 
23 108 4 0.5009776610569425 0.6632536094148492 0.7523985838703029 
24 72 5 0.5037005153773896 0.6381443376323369 0.7523985838703029 
25 54 4 0.5043313563075944 0.6381443376323369 0.7523985838703029 
26 91 4 0.5057498731369696 0.6381443376323369 0.7523985838703029 
27 34 4 0.5088976124624487 0.6382982785190364 0.7523985838703029 
28 54 3 0.507593606761615 0.6382982785190364 0.7523985838703029 
29 46 3 0.5106967966000344 0.6359162081533818 0.7523985838703029 
0 1764 4 0.6019182788884733 0.7543209167329893 0.7543209167329893 
1 49 2 0.6113573626254237 0.7536675078801842 0.7543209167329893 
2 71 2 0.6228678207660011 0.75388523024415 0.7543209167329893 
3 93 2 0.6178155806520915 0.75388523024415 0.7543209167329893 
4 23 2 0.609243245025166 0.7582122900576729 0.7582122900576729 
5 143 2 0.5930601167317624 0.7484101857453822 0.7582122900576729 
6 65 2 0.5773548912007638 0.7481634534942764 0.7582122900576729 
7 73 2 0.5576269423280517 0.7481565484992191 0.7582122900576729 
8 11 3 0.5687061289238958 0.753763407093109 0.7582122900576729 
9 63 2 0.5710788743658816 0.6872492589118419 0.7582122900576729 
10 57 2 0.5643235671045587 0.7515206039974307 0.7582122900576729 
11 88 2 0.5670318878298454 0.7497779993084778 0.7582122900576729 
12 117 3 0.5651573037372025 0.6869233221617186 0.7582122900576729 
13 71 1 0.5788457569650355 0.6884072595375406 0.7582122900576729 
14 148 2 0.5985199841601534 0.6884713621016431 0.7582122900576729 
15 19 1 0.5885316402838009 0.7504256011543604 0.7582122900576729 
16 37 1 0.5558970579456548 0.6865367122654715 0.7582122900576729 
17 61 1 0.5400525690430832 0.6869827192164228 0.7582122900576729 
18 141 2 0.5403575302800049 0.6823761575252266 0.7582122900576729 
19 69 1 0.5406657069979101 0.6859054111714818 0.7582122900576729 
20 42 1 0.5405529894659125 0.6061064410983779 0.7582122900576729 
21 18 2 0.5300207348013234 0.6856107863395458 0.7582122900576729 
22 33 1 0.5134293069037433 0.633847922153711 0.7582122900576729 
23 15 1 0.5082346654036849 0.598732845858931 0.7582122900576729 
24 25 2 0.5082198063109554 0.5728189557478717 0.7582122900576729 
25 45 2 0.4991175522285127 0.5729822727020406 0.7582122900576729 
26 91 2 0.5016892795390708 0.573343023062791 0.7582122900576729 
27 26 2 0.5024299272796782 0.5741533434219313 0.7582122900576729 
28 106 2 0.5026078341701142 0.5742447926259202 0.7582122900576729 
29 35 2 0.5024852103811949 0.5716802519061023 0.7582122900576729 
0 1461 4 0.6074455388803074 0.749759058502907 0.749759058502907 
1 260 2 0.6193412206168118 0.749759058502907 0.749759058502907 
2 28 1 0.608094331256147 0.6846966479340149 0.749759058502907 
3 111 2 0.5867369697396687 0.7484470020035372 0.749759058502907 
4 42 1 0.5683900192501273 0.7484470020035372 0.749759058502907 
5 18 2 0.5421892319774038 0.6864106865639618 0.749759058502907 
6 42 3 0.5496014558756044 0.7498733439427525 0.7498733439427525 
7 17 3 0.5356925581214536 0.6834204727002441 0.7498733439427525 
8 38 3 0.5244654747243616 0.6840354411164403 0.7498733439427525 
9 36 3 0.5259756871791608 0.6840688859324938 0.7498733439427525 
10 42 2 0.5251934411398121 0.6350399020889824 0.7498733439427525 
11 18 2 0.5234168664788439 0.6359083365496849 0.7498733439427525 
12 60 4 0.5298555408953194 0.6389247957824858 0.7498733439427525 
13 27 1 0.5349734387523397 0.6391665752795845 0.7498733439427525 
14 25 2 0.5301537663839853 0.6471769167386096 0.7498733439427525 
15 36 2 0.5296834955083848 0.6109522906702335 0.7498733439427525 
16 55 2 0.5067218490189578 0.5987452906352949 0.7498733439427525 
17 16 2 0.5049939785583759 0.6362082395771917 0.7498733439427525 
18 45 2 0.5089297266523323 0.6874454500303125 0.7498733439427525 
19 55 1 0.5110553484051548 0.6390487108998777 0.7498733439427525 
20 30 1 0.5216250724878428 0.6829007090113159 0.7498733439427525 
21 22 2 0.5159462182292806 0.6365034623361826 0.7498733439427525 
22 42 1 0.5074408725102759 0.6842854758182308 0.7498733439427525 
23 26 2 0.5040745609199707 0.6847138295955497 0.7498733439427525 
24 44 2 0.5010618383762157 0.63520195380967 0.7498733439427525 
25 51 2 0.5026494651818241 0.7473654653374798 0.7498733439427525 
26 43 2 0.5016424308646732 0.7473654653374798 0.7498733439427525 
27 24 2 0.5055988102406322 0.74830562201366 0.7498733439427525 
28 22 2 0.5102050340545986 0.6834384715507111 0.7498733439427525 
29 10 2 0.5103178882228111 0.6354541503291465 0.7498733439427525 
0 1670 4 0.6084111937630404 0.7508891894033243 0.7508891894033243 
1 113 2 0.6073504526717722 0.7489635684658575 0.7508891894033243 
2 75 2 0.5976973506851403 0.7489635684658575 0.7508891894033243 
3 14 2 0.5762580141550696 0.7482415007042804 0.7508891894033243 
4 50 2 0.5696995340462119 0.7504020548186263 0.7508891894033243 
5 12 2 0.5582727304405466 0.6905537173185876 0.7508891894033243 
6 144 2 0.5547698453607363 0.6900326987144527 0.7508891894033243 
7 98 2 0.5571484021567853 0.6866390377733868 0.7508891894033243 
8 33 2 0.558426490171869 0.702430977460994 0.7508891894033243 
9 38 3 0.5601129020250223 0.7026176560750921 0.7508891894033243 
10 64 2 0.544536991067639 0.6398282461977693 0.7508891894033243 
11 70 1 0.5393092253895121 0.6394997041953135 0.7508891894033243 
12 20 3 0.5265144252719832 0.6862092291233238 0.7508891894033243 
13 13 2 0.5257491234565438 0.6873238572982384 0.7508891894033243 
14 28 1 0.5339274659162895 0.7508647240182003 0.7508891894033243 
15 59 3 0.5321399099234739 0.6374564953480196 0.7508891894033243 
16 44 2 0.5281197089002974 0.6056373858512789 0.7508891894033243 
17 104 2 0.5150614938307253 0.6399523626698839 0.7508891894033243 
18 69 2 0.5130750707567704 0.6399523626698839 0.7508891894033243 
19 59 1 0.5130280677854839 0.6385806418288775 0.7508891894033243 
20 30 2 0.5200723440942343 0.6637439384934849 0.7508891894033243 
21 49 1 0.5234940671630923 0.6412346015791486 0.7508891894033243 
22 22 1 0.5223194682941896 0.6369711579297186 0.7508891894033243 
23 59 2 0.5139391575439336 0.6394311493887056 0.7508891894033243 
24 126 2 0.5173692020738648 0.6305925246421396 0.7508891894033243 
25 116 1 0.5134874041723054 0.6822491541492055 0.7508891894033243 
26 30 1 0.51098471702845 0.63446886488058 0.7508891894033243 
27 58 2 0.5156619454274654 0.6904377369699134 0.7508891894033243 
28 11 1 0.5195500965298524 0.6877780365924112 0.7508891894033243 
29 46 2 0.5091726570311953 0.6333311433965174 0.7508891894033243 
0 1807 5 0.6027963889835558 0.7552116640170459 0.7552116640170459 
1 42 3 0.611983249987572 0.7552116640170459 0.7552116640170459 
2 72 3 0.6013065600040635 0.7465965563891179 0.7552116640170459 
3 45 3 0.5677497720919964 0.7448078700815186 0.7552116640170459 
4 27 4 0.5359243326968863 0.7463000104090846 0.7552116640170459 
5 99 4 0.5206117072418498 0.7463000104090846 0.7552116640170459 
6 84 5 0.5044204330247102 0.6342421883503707 0.7552116640170459 
7 71 7 0.4958579043880979 0.5663781670091633 0.7552116640170459 
8 36 6 0.4926562977205042 0.5732177767628013 0.7552116640170459 
9 35 5 0.49079774480197924 0.5369382575944872 0.7552116640170459 
10 56 5 0.4919843456439217 0.5730678331232921 0.7552116640170459 
11 79 5 0.49179918578517595 0.5694966191105877 0.7552116640170459 
12 46 6 0.492581106957918 0.6339475027786403 0.7552116640170459 
13 71 4 0.4933844223458956 0.5694731759765828 0.7552116640170459 
14 14 3 0.4955527559333208 0.6402890711513282 0.7552116640170459 
15 88 3 0.49606921942627763 0.5728018737330011 0.7552116640170459 
16 76 3 0.4963612553658677 0.6354121325067094 0.7552116640170459 
17 31 3 0.4979957417203967 0.573739106944299 0.7552116640170459 
18 96 3 0.4982567054757023 0.5781525332024262 0.7552116640170459 
19 25 2 0.49893554977969584 0.5318269235340204 0.7552116640170459 
20 36 3 0.4999088898001307 0.5324947777963268 0.7552116640170459 
21 45 3 0.4993923893574587 0.5433748509610828 0.7552116640170459 
22 28 2 0.5023922804717439 0.5633503586179903 0.7552116640170459 
23 39 2 0.5038464728422978 0.6043170656999334 0.7552116640170459 
24 28 3 0.5051906213059684 0.5703699262041366 0.7552116640170459 
25 63 3 0.5027540807292464 0.5501820722084064 0.7552116640170459 
26 38 2 0.5042271175701651 0.5206697466456024 0.7552116640170459 
27 14 2 0.5053681818795774 0.5978152186042143 0.7552116640170459 
28 47 3 0.5036744286832249 0.5973628053012897 0.7552116640170459 
29 4 2 0.5033112389336614 0.5973628053012897 0.7552116640170459 
0 1754 4 0.5984609717644129 0.751154673154359 0.751154673154359 
1 139 2 0.601793556905862 0.7470511961006774 0.751154673154359 
2 67 2 0.6022431457449351 0.7470511961006774 0.751154673154359 
3 88 3 0.5880574042007842 0.7481650058129479 0.751154673154359 
4 90 3 0.5518675627898192 0.6848920745033937 0.751154673154359 
5 92 4 0.529008673598683 0.7502636720488112 0.751154673154359 
6 46 4 0.5251367961494662 0.7527375517733659 0.7527375517733659 
7 9 3 0.521852610324814 0.7593898684217247 0.7593898684217247 
8 35 2 0.5191361639604674 0.6455103639172202 0.7593898684217247 
9 41 2 0.530513691180999 0.650905556213695 0.7593898684217247 
10 14 2 0.5264965163514901 0.6083541342268186 0.7593898684217247 
11 41 3 0.5132148291599704 0.5763908572003476 0.7593898684217247 
12 20 4 0.5099614967136253 0.5768035543011 0.7593898684217247 
13 72 2 0.5072773437121895 0.5827649728270697 0.7593898684217247 
14 53 6 0.5056588442018259 0.5788954652078069 0.7593898684217247 
15 78 2 0.5068976096071995 0.5742134803390674 0.7593898684217247 
16 54 2 0.5072285917622518 0.6355688923787088 0.7593898684217247 
17 250 2 0.5115617894362564 0.6381067331236536 0.7593898684217247 
18 30 2 0.5192262704085863 0.755807675123309 0.7593898684217247 
19 19 2 0.5267896587143676 0.6940548979424358 0.7593898684217247 
20 10 1 0.5381874527298676 0.7473654104008349 0.7593898684217247 
21 33 2 0.543972575833331 0.7584319465929259 0.7593898684217247 
22 35 2 0.5295042967379079 0.7584319465929259 0.7593898684217247 
23 67 2 0.5193138049653371 0.6473905985656178 0.7593898684217247 
24 40 2 0.5125398736731135 0.5985145256404417 0.7593898684217247 
25 15 2 0.5149659396599103 0.602572284000555 0.7593898684217247 
26 46 2 0.513937288312326 0.5749268514073668 0.7593898684217247 
27 10 2 0.5219803930189493 0.7486931246392592 0.7593898684217247 
28 35 1 0.5276425434276236 0.7486931246392592 0.7593898684217247 
29 89 2 0.5238468859771254 0.7486931246392592 0.7593898684217247 
0 1713 3 0.6050182044739107 0.7512273958500021 0.7512273958500021 
1 68 3 0.6022055509348507 0.7499739012604545 0.7512273958500021 
2 58 3 0.5930854624138803 0.750473913339351 0.7512273958500021 
3 57 3 0.575784595333194 0.7542433780993103 0.7542433780993103 
4 52 3 0.5463105059038837 0.7543019898586929 0.7543019898586929 
5 40 4 0.5385749586414118 0.7543019898586929 0.7543019898586929 
6 64 4 0.541873392708407 0.7593796962995272 0.7593796962995272 
7 65 3 0.5428439872464764 0.7592382933573054 0.7593796962995272 
8 125 2 0.5432016525540017 0.7644208891563091 0.7644208891563091 
9 77 2 0.5377476739161063 0.7545049778710855 0.7644208891563091 
10 226 2 0.539821177495887 0.7546542890329015 0.7644208891563091 
11 62 2 0.5436760163117598 0.7546542890329015 0.7644208891563091 
12 151 3 0.5385855739979628 0.7546542890329015 0.7644208891563091 
13 47 2 0.5371142315663638 0.7546542890329015 0.7644208891563091 
14 32 2 0.5485248064479642 0.7538792681821798 0.7644208891563091 
15 67 2 0.5730087444331431 0.7558007559286471 0.7644208891563091 
16 12 1 0.5453654674235313 0.6861154550739221 0.7644208891563091 
17 41 2 0.5420979725043685 0.7512196217405889 0.7644208891563091 
18 142 2 0.5409577031434734 0.7526304587089944 0.7644208891563091 
19 15 2 0.559250237272145 0.7529090967842358 0.7644208891563091 
20 135 2 0.5414754965267453 0.7526304587089944 0.7644208891563091 
21 30 2 0.5205211493509578 0.6460168028100443 0.7644208891563091 
22 178 2 0.5232389182933066 0.6878053715701122 0.7644208891563091 
23 31 1 0.5224135555476952 0.6882094119741526 0.7644208891563091 
24 38 2 0.5257448639801282 0.6885268722916129 0.7644208891563091 
25 253 1 0.5332813057549226 0.6366823235880676 0.7644208891563091 
26 58 1 0.5352378579700043 0.6838073434379726 0.7644208891563091 
27 56 2 0.5168666282427926 0.6640930908999403 0.7644208891563091 
28 53 2 0.5138749240659592 0.6805395455627027 0.7644208891563091 
29 159 2 0.512815736243533 0.6806372972733576 0.7644208891563091 
0 1522 4 0.6094624874789057 0.7473831454922989 0.7473831454922989 
1 66 3 0.6104611577040234 0.7477974857313127 0.7477974857313127 
2 116 2 0.6037829037306931 0.7474863865645381 0.7477974857313127 
3 57 2 0.5859998329112058 0.747213470264547 0.7477974857313127 
4 150 2 0.5640953363268298 0.7467468856901855 0.7477974857313127 
5 115 2 0.5434115055704843 0.6865623393232243 0.7477974857313127 
6 67 2 0.5399758277419088 0.6857003540862391 0.7477974857313127 
7 15 2 0.5339295978323381 0.7502636720488112 0.7502636720488112 
8 42 2 0.5417482568964103 0.6888420925417506 0.7502636720488112 
9 63 2 0.5461338770557024 0.6867268840742183 0.7502636720488112 
10 23 2 0.5535765913477662 0.6869152992335638 0.7502636720488112 
11 80 2 0.5305364580418755 0.6432340891476781 0.7502636720488112 
12 81 3 0.5264259939718472 0.6431120547082181 0.7502636720488112 
13 122 1 0.5201784356215055 0.6212958592389375 0.7502636720488112 
14 78 1 0.5257504546503574 0.6371055447812437 0.7502636720488112 
15 104 2 0.5236297444622717 0.6372160245792236 0.7502636720488112 
16 73 2 0.5197788831070642 0.6862970561371542 0.7502636720488112 
17 197 1 0.5282964877867348 0.6862970561371542 0.7502636720488112 
18 127 1 0.5330453749671455 0.6848316475679909 0.7502636720488112 
19 17 1 0.5296396335440205 0.6806401567301315 0.7502636720488112 
20 28 1 0.5181508823308826 0.6047671794798484 0.7502636720488112 
21 43 1 0.5137523016512187 0.6057047382561345 0.7502636720488112 
22 104 1 0.5170040382682091 0.6342840161117698 0.7502636720488112 
23 39 1 0.5183433918493364 0.6867674576204066 0.7502636720488112 
24 16 1 0.5173245307341212 0.6041679176801421 0.7502636720488112 
25 85 1 0.5158041926375571 0.682339363630508 0.7502636720488112 
26 30 1 0.5194736626965547 0.6349564930382706 0.7502636720488112 
27 131 1 0.5251103900552957 0.664623801526995 0.7502636720488112 
28 52 1 0.535722282663316 0.6826855428969106 0.7502636720488112 
29 51 1 0.534347685821502 0.6830327651191328 0.7502636720488112 
0 1850 4 0.6057083855335101 0.7493904409047201 0.7493904409047201 
1 69 3 0.6069909513366875 0.7495811179328762 0.7495811179328762 
2 105 3 0.5958783851755179 0.7495811179328762 0.7495811179328762 
3 255 2 0.5772087018940941 0.7483995379225847 0.7495811179328762 
4 20 2 0.5581323278769348 0.7472032561004772 0.7495811179328762 
5 49 2 0.5415420485307301 0.6842075180698637 0.7495811179328762 
6 52 3 0.5417020049280256 0.7454304758070438 0.7495811179328762 
7 28 3 0.5409391661711213 0.6961049689542449 0.7495811179328762 
8 110 2 0.5347897770229403 0.6877892623593906 0.7495811179328762 
9 14 3 0.5335778803968917 0.6883947303580544 0.7495811179328762 
10 59 3 0.5399035618464185 0.6472407312415205 0.7495811179328762 
11 12 3 0.5169068430580651 0.6094938690101004 0.7495811179328762 
12 19 4 0.5062739893483428 0.5604484378361663 0.7495811179328762 
13 27 3 0.5057728099507923 0.5999343686962271 0.7495811179328762 
14 55 2 0.5071590398950482 0.6364337292316713 0.7495811179328762 
15 28 2 0.5085968097442052 0.572679995106689 0.7495811179328762 
16 48 2 0.5073830501651806 0.5575262763869643 0.7495811179328762 
17 31 2 0.5013606111800167 0.5871443968739682 0.7495811179328762 
18 21 2 0.5005061625319063 0.5399871830232315 0.7495811179328762 
19 34 2 0.5003314588813627 0.5238681033888939 0.7495811179328762 
20 53 3 0.4994068407204113 0.5963850349994465 0.7495811179328762 
21 53 3 0.4991845478226745 0.5159843928711161 0.7495811179328762 
22 22 3 0.4996261542824474 0.5327199283658439 0.7495811179328762 
23 30 4 0.5014091474763527 0.5377757829924955 0.7495811179328762 
24 44 3 0.5025217140504613 0.538629889419819 0.7495811179328762 
25 18 4 0.5037405299617687 0.5714929399245088 0.7495811179328762 
26 17 4 0.5029020123916441 0.5718268294138706 0.7495811179328762 
27 74 4 0.5030670141487031 0.6352717135786302 0.7495811179328762 
28 24 5 0.5024932406397293 0.597617278537593 0.7495811179328762 
29 39 5 0.5038804396497596 0.5994904607592837 0.7495811179328762 
0 1560 4 0.6040848582137033 0.7520642909988327 0.7520642909988327 
1 73 2 0.6110331562167185 0.7520642909988327 0.7520642909988327 
2 79 2 0.6066591832517053 0.74937128352493 0.7520642909988327 
3 100 3 0.5865890687297687 0.747482723376881 0.7520642909988327 
4 71 3 0.5755036573950799 0.747482723376881 0.7520642909988327 
5 45 3 0.562018747378252 0.7495280997697067 0.7520642909988327 
6 28 3 0.5523674112011961 0.6865620642742145 0.7520642909988327 
7 29 3 0.5138174117827042 0.6874284813279721 0.7520642909988327 
8 10 3 0.5088400490293485 0.685960177265079 0.7520642909988327 
9 85 4 0.5067779872529713 0.7500033871416222 0.7520642909988327 
10 40 2 0.5109066957080981 0.6859008230390581 0.7520642909988327 
11 9 2 0.5151055356209828 0.6898250982443249 0.7520642909988327 
12 80 5 0.5154493265405836 0.658014653109722 0.7520642909988327 
13 77 2 0.5101465964746144 0.6199002829677023 0.7520642909988327 
14 99 2 0.5086868023642556 0.5887500684826502 0.7520642909988327 
15 34 2 0.5125330932164658 0.597592619362006 0.7520642909988327 
16 16 2 0.5044462242667543 0.5980895105167188 0.7520642909988327 
17 84 2 0.502131349464146 0.6812340396507054 0.7520642909988327 
18 69 3 0.5005125488912203 0.6326487583179998 0.7520642909988327 
19 50 2 0.4999394323970161 0.6328572219410975 0.7520642909988327 
20 33 2 0.4989859472562472 0.5708123867645627 0.7520642909988327 
21 42 3 0.49516990794557636 0.5154940481563705 0.7520642909988327 
22 54 3 0.49660345687431734 0.5215060525574238 0.7520642909988327 
23 32 2 0.4957304645365078 0.5120436585318271 0.7520642909988327 
24 38 3 0.49737430425189993 0.5091866081851354 0.7520642909988327 
25 34 3 0.4976432848007605 0.5128502987290907 0.7520642909988327 
26 37 2 0.49917392529737287 0.5128502987290907 0.7520642909988327 
27 45 3 0.5006469785993175 0.5517655440777416 0.7520642909988327 
28 47 3 0.501765264342602 0.5713987444854082 0.7520642909988327 
29 124 3 0.5019219653979119 0.5531099367012121 0.7520642909988327 
0 1658 4 0.6073037818718242 0.7620764923670447 0.7620764923670447 
1 293 4 0.6048873461806157 0.7497105244956648 0.7620764923670447 
2 188 2 0.5958651778404669 0.7483035881072431 0.7620764923670447 
3 62 3 0.5681327440824843 0.7518176440934904 0.7620764923670447 
4 65 2 0.5542506838914386 0.7481611230149883 0.7620764923670447 
5 47 2 0.5532809401129711 0.7471979391087561 0.7620764923670447 
6 25 3 0.5398382851480904 0.7490798209383596 0.7620764923670447 
7 92 3 0.5361355951837884 0.7561082119698894 0.7620764923670447 
8 150 3 0.525908797667569 0.7487653070220405 0.7620764923670447 
9 34 2 0.527932278787468 0.7480358069968539 0.7620764923670447 
10 26 2 0.5289440017075596 0.6339429141456732 0.7620764923670447 
11 45 3 0.5186005554551051 0.6249482384899568 0.7620764923670447 
12 31 4 0.5143834918304064 0.6249482384899568 0.7620764923670447 
13 67 3 0.5072946793798448 0.5754784408666752 0.7620764923670447 
14 48 3 0.500321654742001 0.5763779780192398 0.7620764923670447 
15 92 3 0.49855308578908597 0.5875881484391576 0.7620764923670447 
16 37 3 0.5000178434844744 0.5829086872878814 0.7620764923670447 
17 62 3 0.4979789151439665 0.5575398380805633 0.7620764923670447 
18 110 3 0.4998772601363946 0.5883984899402188 0.7620764923670447 
19 28 3 0.5010766467869086 0.5716853572551898 0.7620764923670447 
20 56 3 0.49973911202827176 0.5521976306523866 0.7620764923670447 
21 32 3 0.5000012128775648 0.6014914927150823 0.7620764923670447 
22 29 3 0.4997306134759237 0.5540847100446277 0.7620764923670447 
23 33 3 0.49866195075664954 0.5251342426190704 0.7620764923670447 
24 47 3 0.5014693174867066 0.6335337474126554 0.7620764923670447 
25 25 3 0.5051911202387032 0.6814740046967201 0.7620764923670447 
26 40 3 0.5064058204388042 0.7488110768770879 0.7620764923670447 
27 56 3 0.5077200705047613 0.63149956894058 0.7620764923670447 
28 6 3 0.5089490736115444 0.6318792408918601 0.7620764923670447 
29 20 3 0.5108873473711679 0.6326232885109077 0.7620764923670447 
0 1383 4 0.6030437358065565 0.7594563953231914 0.7594563953231914 
1 90 2 0.6076315728414948 0.7497895837486436 0.7594563953231914 
2 52 2 0.5977151297437946 0.7480111697872471 0.7594563953231914 
3 80 1 0.5952847706274742 0.7486997191362941 0.7594563953231914 
4 43 1 0.5730021416965637 0.7450312654350104 0.7594563953231914 
5 143 2 0.5416255690437681 0.6882619302828243 0.7594563953231914 
6 152 2 0.5345468439157395 0.6844967416279251 0.7594563953231914 
7 54 2 0.5295185617390791 0.7147728951973933 0.7594563953231914 
8 39 2 0.5264790908875698 0.6594593248020805 0.7594563953231914 
9 84 2 0.5301845174189926 0.7206742329720415 0.7594563953231914 
10 89 2 0.5165306825541919 0.720655224752641 0.7594563953231914 
11 29 3 0.5096482769632943 0.6227388213375809 0.7594563953231914 
12 7 4 0.519069239801083 0.6385415402815678 0.7594563953231914 
13 30 2 0.5253004618310021 0.6385415402815678 0.7594563953231914 
14 71 2 0.5252559498532419 0.6836624997403197 0.7594563953231914 
15 38 1 0.5170120213840894 0.6835307393393982 0.7594563953231914 
16 17 2 0.5163903638630114 0.7478872797506101 0.7594563953231914 
17 55 2 0.5156748714440438 0.7478872797506101 0.7594563953231914 
18 49 2 0.5157036906554623 0.6397688156893718 0.7594563953231914 
19 63 2 0.5157865004971053 0.6877334054062403 0.7594563953231914 
20 132 2 0.5157278738737618 0.605306806569031 0.7594563953231914 
21 56 3 0.5096420735258996 0.5993609222810216 0.7594563953231914 
22 99 1 0.5058202352301099 0.7496735928304374 0.7594563953231914 
23 55 1 0.5067714116512833 0.7496735928304374 0.7594563953231914 
24 30 2 0.514657295027163 0.7475977437153962 0.7594563953231914 
25 16 2 0.5163090706966333 0.6860301748515442 0.7594563953231914 
26 35 1 0.5268165389705909 0.7520560014260392 0.7594563953231914 
27 42 2 0.5150833765405841 0.7520560014260392 0.7594563953231914 
28 18 1 0.5093227985569154 0.7520560014260392 0.7594563953231914 
29 45 2 0.5077231636701648 0.7535399279479067 0.7594563953231914 
0 1849 4 0.6077652723292319 0.7515122105335561 0.7515122105335561 
1 87 3 0.609607007264812 0.7515122105335561 0.7515122105335561 
2 67 3 0.6007941295578818 0.7505737688091673 0.7515122105335561 
3 27 3 0.5827934699454576 0.7487623315422911 0.7515122105335561 
4 94 3 0.5702160529682146 0.7492662711463035 0.7515122105335561 
5 35 3 0.5570567856363889 0.7491590855781838 0.7515122105335561 
6 78 2 0.5420933801849579 0.7491590855781838 0.7515122105335561 
7 80 3 0.5346898355329932 0.7504982871606967 0.7515122105335561 
8 41 3 0.531560469433887 0.6854341261465722 0.7515122105335561 
9 134 2 0.5225137691649288 0.6406497977799123 0.7515122105335561 
10 36 3 0.5137596389970237 0.6377000995179944 0.7515122105335561 
11 63 3 0.5083208105096315 0.637998945970687 0.7515122105335561 
12 45 5 0.5078869965515846 0.603182330369941 0.7515122105335561 
13 72 3 0.5135473056982225 0.6378410226519677 0.7515122105335561 
14 99 2 0.5192581547143695 0.6378410226519677 0.7515122105335561 
15 41 2 0.5093476168332377 0.6824192099663817 0.7515122105335561 
16 107 2 0.5033607543520362 0.6824688131409848 0.7515122105335561 
17 7 2 0.49814032880008186 0.6827890763184635 0.7515122105335561 
18 96 3 0.5020059920753994 0.6827890763184635 0.7515122105335561 
19 63 3 0.511787045520431 0.6345462312006185 0.7515122105335561 
20 51 3 0.5001395918453325 0.6371752347027634 0.7515122105335561 
21 97 3 0.4933951271348374 0.5214571720745917 0.7515122105335561 
22 24 3 0.4909441627099103 0.5384180676304391 0.7515122105335561 
23 50 3 0.49245967497386317 0.6915629496392321 0.7515122105335561 
24 63 3 0.4933901887376599 0.5957588838792505 0.7515122105335561 
25 37 3 0.49903148377078277 0.7563894277834348 0.7563894277834348 
26 31 3 0.5035536259013373 0.7593296945163873 0.7593296945163873 
27 18 3 0.5044207856384919 0.6469059140285824 0.7593296945163873 
28 48 2 0.5047855854303203 0.7475650219463675 0.7593296945163873 
29 24 2 0.5072588428653487 0.6831710825524282 0.7593296945163873 
0 1539 5 0.6057464405793834 0.7546994722366673 0.7546994722366673 
1 95 2 0.6149962578330056 0.7546994722366673 0.7546994722366673 
2 42 2 0.6165550388658907 0.7516389261323071 0.7546994722366673 
3 60 1 0.5905020133076229 0.7516389261323071 0.7546994722366673 
4 148 2 0.576586237113452 0.7546473095264552 0.7546994722366673 
5 79 2 0.5536980827826988 0.7524853089438269 0.7546994722366673 
6 174 2 0.553755917211842 0.7534400690117204 0.7546994722366673 
7 75 2 0.5418888674701102 0.640551918383438 0.7546994722366673 
8 43 2 0.5286306733779856 0.6406766029313409 0.7546994722366673 
9 16 2 0.5228522992691691 0.6380000393841111 0.7546994722366673 
10 97 1 0.521287794714591 0.6367386342841642 0.7546994722366673 
11 92 1 0.5212217301798944 0.6370864603711207 0.7546994722366673 
12 48 3 0.5113363334600016 0.6376381845090517 0.7546994722366673 
13 83 2 0.506848225567971 0.5735573557042326 0.7546994722366673 
14 103 2 0.5048520557037006 0.6040329129959112 0.7546994722366673 
15 200 2 0.5066695013013395 0.6828265293255245 0.7546994722366673 
16 141 2 0.5118556405998779 0.6829291565833241 0.7546994722366673 
17 69 1 0.5209121051283055 0.6397596204976198 0.7546994722366673 
18 24 1 0.5348148973182539 0.7506374890324827 0.7546994722366673 
19 46 1 0.5371668684454186 0.7506374890324827 0.7546994722366673 
20 25 1 0.5344471691158064 0.7506374890324827 0.7546994722366673 
21 63 2 0.5531883184894331 0.7506374890324827 0.7546994722366673 
22 125 1 0.5386665505118003 0.7506374890324827 0.7546994722366673 
23 49 1 0.5435915955505497 0.7506374890324827 0.7546994722366673 
24 56 1 0.547911549882814 0.6868354056991494 0.7546994722366673 
25 47 1 0.5520646371666352 0.6862589344876938 0.7546994722366673 
26 122 1 0.5432097872128043 0.6853489612246724 0.7546994722366673 
27 36 2 0.5253576309434652 0.7522247107079583 0.7546994722366673 
28 31 1 0.5336405241054103 0.6891261558007435 0.7546994722366673 
29 23 1 0.5405626914023943 0.7515837745753405 0.7546994722366673 
0 1484 4 0.6100395713871111 0.750407767204063 0.750407767204063 
1 45 2 0.6107815459831103 0.74813351160206 0.750407767204063 
2 71 2 0.58559045108937 0.7462051711979828 0.750407767204063 
3 86 1 0.5626490870781239 0.6825545366391754 0.750407767204063 
4 12 2 0.5403782907916872 0.6835566293204565 0.750407767204063 
5 119 4 0.516716959408793 0.6360163102595427 0.750407767204063 
6 67 3 0.5161681521902801 0.6835153416007989 0.750407767204063 
7 62 4 0.5050338531322704 0.7157437138851354 0.750407767204063 
8 16 4 0.5005849943651506 0.7158594546258761 0.750407767204063 
9 41 4 0.4979724796754353 0.57187233363048 0.750407767204063 
10 42 5 0.4935754903644813 0.5542376610742816 0.750407767204063 
11 27 5 0.49256513308862226 0.5471123312356875 0.750407767204063 
12 14 6 0.4932452173142742 0.544058716932635 0.750407767204063 
13 64 6 0.4921042933298157 0.5373771963083477 0.750407767204063 
14 72 5 0.4929927855966988 0.5720215922539256 0.750407767204063 
15 40 5 0.49464806709526704 0.5514881336193955 0.750407767204063 
16 21 4 0.4943114333319975 0.5189375343437779 0.750407767204063 
17 30 3 0.4962967990934197 0.5408167264269658 0.750407767204063 
18 14 4 0.4968686467334171 0.5399260613417383 0.750407767204063 
19 30 3 0.4982704212513027 0.5492327989750866 0.750407767204063 
20 42 3 0.49977837110205103 0.5740534115253617 0.750407767204063 
21 27 3 0.5012903435757459 0.5740534115253617 0.750407767204063 
22 23 3 0.5017528980695968 0.6023069447717033 0.750407767204063 
23 21 3 0.503431153096697 0.6025850315347734 0.750407767204063 
24 44 2 0.5052015644517186 0.5755626020992894 0.750407767204063 
25 19 3 0.5053006446794844 0.5521821595477341 0.750407767204063 
26 23 2 0.5045619857532003 0.6362439840689301 0.750407767204063 
27 34 3 0.5020049857357364 0.6850197528263284 0.750407767204063 
28 7 3 0.5025451200222201 0.6850197528263284 0.750407767204063 
29 37 3 0.5032550109698343 0.6850197528263284 0.750407767204063 
0 1559 4 0.6010305488362093 0.7505255218387661 0.7505255218387661 
1 63 3 0.6044670512705224 0.7505255218387661 0.7505255218387661 
2 78 3 0.5944511896778414 0.7475741830155097 0.7505255218387661 
3 105 2 0.5697655307087724 0.7476557139521981 0.7505255218387661 
4 98 3 0.5472806858838751 0.7476557139521981 0.7505255218387661 
5 64 2 0.5559004326939028 0.7476453490376525 0.7505255218387661 
6 49 4 0.5237800998757202 0.6847646432111626 0.7505255218387661 
7 23 4 0.5118160113056021 0.6853871243508086 0.7505255218387661 
8 53 4 0.5057827639866997 0.6873887151532259 0.7505255218387661 
9 47 3 0.5108513103278821 0.6890846724666608 0.7505255218387661 
10 73 3 0.5080265165420628 0.6891943215894678 0.7505255218387661 
11 29 3 0.5126039390827338 0.7499544635445615 0.7505255218387661 
12 21 4 0.508474554861348 0.6838128363805178 0.7505255218387661 
13 36 1 0.5145722117196158 0.6839224855033248 0.7505255218387661 
14 13 1 0.5157672370293219 0.6841118794427188 0.7505255218387661 
15 57 1 0.5034711576288948 0.7499610059225775 0.7505255218387661 
16 87 2 0.5009315645562341 0.6388470993672456 0.7505255218387661 
17 21 1 0.5038866556583864 0.6842558777174493 0.7505255218387661 
18 47 2 0.5095271947411748 0.6895974664611826 0.7505255218387661 
19 79 2 0.5125154012686095 0.7524260580859743 0.7524260580859743 
20 19 1 0.5195610843324483 0.6416684935349838 0.7524260580859743 
21 97 1 0.5222633238162375 0.6403483553832715 0.7524260580859743 
22 173 1 0.514341903540605 0.5758314061720816 0.7524260580859743 
23 110 1 0.49801985783504327 0.547192059985958 0.7524260580859743 
24 30 1 0.49962932158116125 0.7485206854351096 0.7524260580859743 
25 92 1 0.4971091178178037 0.6831970260177936 0.7524260580859743 
26 162 3 0.49976805889267806 0.6342234609311777 0.7524260580859743 
27 54 1 0.5005472858528275 0.5985462250816865 0.7524260580859743 
28 17 1 0.5042342083695386 0.7486964887136949 0.7524260580859743 
29 80 2 0.5103933263835344 0.7486964887136949 0.7524260580859743 
0 1562 4 0.6109641674191919 0.7507956934860185 0.7507956934860185 
1 80 2 0.6144283903842302 0.7508333883216467 0.7508333883216467 
2 51 2 0.6040991197172745 0.7507956934860185 0.7508333883216467 
3 60 2 0.5837583017249395 0.7508361764577844 0.7508361764577844 
4 33 3 0.5724699602004611 0.7508361764577844 0.7508361764577844 
5 86 3 0.5581449636334703 0.7593385657536037 0.7593385657536037 
6 36 3 0.5485785642247584 0.7514964475957353 0.7593385657536037 
7 76 4 0.5415245967420501 0.7514964475957353 0.7593385657536037 
8 46 4 0.5353886925037318 0.7514964475957353 0.7593385657536037 
9 137 4 0.5421521882125626 0.7514964475957353 0.7593385657536037 
10 29 4 0.540982662456346 0.7515981212521603 0.7593385657536037 
11 30 3 0.5488240188842475 0.7514755947197149 0.7593385657536037 
12 166 5 0.5370154671667671 0.7592382933573054 0.7593385657536037 
13 35 2 0.5395705098124306 0.7592382933573054 0.7593385657536037 
14 31 2 0.5473935863689211 0.7592382933573054 0.7593385657536037 
15 93 1 0.5597363029328818 0.7644208891563091 0.7644208891563091 
16 86 2 0.5460442045062724 0.7489712782090925 0.7644208891563091 
17 118 2 0.5583033861807933 0.7486937729721141 0.7644208891563091 
18 73 2 0.5346119624014026 0.6846505630955709 0.7644208891563091 
19 23 2 0.512824236755948 0.6031969408672997 0.7644208891563091 
20 155 2 0.4996419702513665 0.52409205117917 0.7644208891563091 
21 30 2 0.49680694224600813 0.5401208919121745 0.7644208891563091 
22 49 2 0.4964816125251126 0.5935821543243773 0.7644208891563091 
23 43 3 0.4971305842613454 0.5993446295938101 0.7644208891563091 
24 145 2 0.4975939841306912 0.5990225084560137 0.7644208891563091 
25 27 2 0.5003871851988607 0.5990225084560137 0.7644208891563091 
26 39 2 0.5016067402413109 0.5990225084560137 0.7644208891563091 
27 22 2 0.5023736964423267 0.5991411033114507 0.7644208891563091 
28 9 2 0.5039132040191339 0.7471099079624797 0.7644208891563091 
29 113 3 0.5015737761338566 0.6173977463922171 0.7644208891563091 
0 1714 4 0.604032259672716 0.7470337940389025 0.7470337940389025 
1 160 3 0.6110270342865943 0.7467794894468263 0.7470337940389025 
2 205 2 0.6105803109954118 0.7478757184136132 0.7478757184136132 
3 88 2 0.5787332762984141 0.7491833627467662 0.7491833627467662 
4 270 2 0.5605789978596615 0.7469494692461046 0.7491833627467662 
5 54 3 0.5276596680906549 0.7158959024903955 0.7491833627467662 
6 28 4 0.5174080934011914 0.631239062927888 0.7491833627467662 
7 35 4 0.5134079215221353 0.6314141134178982 0.7491833627467662 
8 47 4 0.509904803134625 0.6848496131290126 0.7491833627467662 
9 43 4 0.5096348971717257 0.5900729771786535 0.7491833627467662 
10 28 3 0.5085375812121682 0.5843381723533938 0.7491833627467662 
11 83 2 0.5153610847503414 0.6010355536430223 0.7491833627467662 
12 148 4 0.5123544590419545 0.6852303395575103 0.7491833627467662 
13 26 2 0.5111967846368581 0.6052008897383705 0.7491833627467662 
14 43 2 0.5101064095995614 0.5771737369846606 0.7491833627467662 
15 109 1 0.512635422874486 0.5966695494762769 0.7491833627467662 
16 112 2 0.5109371206498051 0.5982843014289584 0.7491833627467662 
17 51 2 0.5066374789860527 0.6363898737582383 0.7491833627467662 
18 50 2 0.5030382583264089 0.6006125286382111 0.7491833627467662 
19 55 2 0.5029289645673335 0.5987428114514015 0.7491833627467662 
20 45 2 0.5043771299523019 0.68566475201818 0.7491833627467662 
21 29 1 0.5046239236569882 0.6865385583149584 0.7491833627467662 
22 45 2 0.5050813320026054 0.6843561435995081 0.7491833627467662 
23 96 1 0.5075901815281305 0.6398930007944893 0.7491833627467662 
24 61 2 0.5109204069012423 0.6035426337956747 0.7491833627467662 
25 6 2 0.510750376753312 0.7544607987809715 0.7544607987809715 
26 46 1 0.510588820054154 0.6419607987809715 0.7544607987809715 
27 78 1 0.5195008632155241 0.6914706027025401 0.7544607987809715 
28 108 1 0.526284286559564 0.6899548045365266 0.7544607987809715 
29 31 2 0.5233637558958272 0.6436224826907189 0.7544607987809715 
0 1762 4 0.5972564050019229 0.7529038475398071 0.7529038475398071 
1 67 2 0.6032111507498829 0.7518508310011028 0.7529038475398071 
2 21 2 0.5851772845925097 0.74432307954361 0.7529038475398071 
3 36 3 0.566262777222458 0.7514621359045583 0.7529038475398071 
4 79 2 0.5457867916679215 0.6823200415415783 0.7529038475398071 
5 220 3 0.5258980669027123 0.6880932540209085 0.7529038475398071 
6 48 3 0.5079650535032336 0.688351251956925 0.7529038475398071 
7 109 3 0.5127273727555327 0.7558593676880296 0.7558593676880296 
8 74 3 0.503510176935665 0.6920152816665243 0.7558593676880296 
9 43 4 0.4988444067767172 0.6922628764599594 0.7558593676880296 
10 47 3 0.5017086308122736 0.6923177010213629 0.7558593676880296 
11 40 3 0.5042213698090877 0.6610615997872147 0.7558593676880296 
12 34 5 0.5041647971396265 0.661132501659024 0.7558593676880296 
13 73 3 0.5018300970308291 0.6452783166723236 0.7558593676880296 
14 78 3 0.49916516168717917 0.6844024672111977 0.7558593676880296 
15 30 3 0.5017554560491623 0.6090333190263726 0.7558593676880296 
16 73 3 0.5016136313805731 0.6196098656763445 0.7558593676880296 
17 52 3 0.5077199509156275 0.6451685355599401 0.7558593676880296 
18 64 3 0.5126304938596956 0.6141672642196985 0.7558593676880296 
19 98 2 0.5127378499122094 0.6647679102116704 0.7558593676880296 
20 23 3 0.5066629753750584 0.664883782593749 0.7558593676880296 
21 51 1 0.50868913046968 0.6650996691970853 0.7558593676880296 
22 31 2 0.5070207674107027 0.6650192839487625 0.7558593676880296 
23 139 2 0.5088136676300411 0.6229697229884302 0.7558593676880296 
24 22 2 0.5081215374254101 0.6028992174473904 0.7558593676880296 
25 27 2 0.5010301926921273 0.568565606229236 0.7558593676880296 
26 117 2 0.5050986531524052 0.6891775987300137 0.7558593676880296 
27 78 2 0.5069063132245858 0.6892680053103668 0.7558593676880296 
28 11 1 0.5067341819537039 0.6880399006690272 0.7558593676880296 
29 29 2 0.5096350522164039 0.688847981477108 0.7558593676880296 
0 1435 5 0.6032645709768717 0.7563224792550853 0.7563224792550853 
1 35 2 0.603438303629575 0.7478299950620328 0.7563224792550853 
2 151 2 0.5869691043691571 0.7468557829785549 0.7563224792550853 
3 67 2 0.5635268156753028 0.7457579272833599 0.7563224792550853 
4 51 2 0.5566872588712731 0.7462050999699185 0.7563224792550853 
5 65 2 0.5331780286039415 0.6864049093005438 0.7563224792550853 
6 88 2 0.5282128015911763 0.6875623167079512 0.7563224792550853 
7 61 2 0.5232268954566895 0.6892451345975978 0.7563224792550853 
8 21 3 0.5133377494324658 0.6441034153070773 0.7563224792550853 
9 33 3 0.5087422620253611 0.641935997898948 0.7563224792550853 
10 102 2 0.5153794183809189 0.6407932074089528 0.7563224792550853 
11 60 1 0.5114162533734185 0.6407932074089528 0.7563224792550853 
12 39 3 0.510659422573102 0.6861964999241523 0.7563224792550853 
13 34 1 0.5116790123194815 0.6864779888441624 0.7563224792550853 
14 79 1 0.5078686493514178 0.6002945626107341 0.7563224792550853 
15 16 2 0.5047849581472744 0.574904404937268 0.7563224792550853 
16 128 1 0.5037603356458216 0.6012565468778949 0.7563224792550853 
17 114 2 0.5083427731387172 0.6843700514810832 0.7563224792550853 
18 52 2 0.513493366492401 0.7500566373837192 0.7563224792550853 
19 121 1 0.5226552205002013 0.7500566373837192 0.7563224792550853 
20 156 1 0.5338462317849713 0.688739108237522 0.7563224792550853 
21 161 1 0.5382505817270005 0.6856789867043495 0.7563224792550853 
22 21 2 0.5412958321025458 0.7476173624793017 0.7563224792550853 
23 105 1 0.5554218093154302 0.7476173624793017 0.7563224792550853 
24 14 1 0.5684680377044263 0.7476173624793017 0.7563224792550853 
25 39 1 0.5574163693457969 0.7523456728376514 0.7563224792550853 
26 24 1 0.5421407647799059 0.7476173624793017 0.7563224792550853 
27 83 1 0.5355251392658621 0.63741366352751 0.7563224792550853 
28 48 1 0.5264019026170801 0.6867907117696797 0.7563224792550853 
29 125 1 0.5184006970997497 0.6025849387618233 0.7563224792550853 
0 1810 4 0.6052443750660439 0.7584378665998781 0.7584378665998781 
1 22 2 0.6077494610178413 0.7515963253677647 0.7584378665998781 
2 56 2 0.596520738647321 0.7483389143998007 0.7584378665998781 
3 41 3 0.5593815497233579 0.7500675393197849 0.7584378665998781 
4 20 4 0.5405958204578539 0.7484868967561137 0.7584378665998781 
5 63 3 0.5261962225021197 0.6868032486084523 0.7584378665998781 
6 49 3 0.526538396445201 0.6828151484323923 0.7584378665998781 
7 71 2 0.526006723836753 0.7534400690117204 0.7584378665998781 
8 122 3 0.5380986767100333 0.7525369406743604 0.7584378665998781 
9 40 2 0.5384888600359454 0.7520560014260392 0.7584378665998781 
10 40 2 0.5447459602635084 0.7534400690117204 0.7584378665998781 
11 20 2 0.5306860670437663 0.6850457857588304 0.7584378665998781 
12 62 3 0.5357424818938541 0.6569124797623881 0.7584378665998781 
13 88 2 0.5411513721913432 0.6572920518810906 0.7584378665998781 
14 110 2 0.5382008575299725 0.6574232779891458 0.7584378665998781 
15 46 1 0.5198237587771855 0.6581216906875584 0.7584378665998781 
16 91 1 0.5156636477902199 0.6581216906875584 0.7584378665998781 
17 203 1 0.5113899921802192 0.65839329562583 0.7584378665998781 
18 55 2 0.5098356570585763 0.6197866110132341 0.7584378665998781 
19 133 2 0.5125703218882651 0.68687326128124 0.7584378665998781 
20 14 2 0.5110322560647197 0.6875677057256845 0.7584378665998781 
21 118 1 0.5150941069653583 0.681662865309094 0.7584378665998781 
22 64 2 0.5223599474662968 0.6844999971165135 0.7584378665998781 
23 16 2 0.5256101705321161 0.6349464256879422 0.7584378665998781 
24 65 1 0.5272397209008702 0.6820758652046496 0.7584378665998781 
25 118 1 0.5162563547088144 0.6818826951487932 0.7584378665998781 
26 45 2 0.5156257653162718 0.6874157878316314 0.7584378665998781 
27 102 2 0.5181248760933233 0.6875961630120067 0.7584378665998781 
28 91 1 0.5278544509878994 0.6880524957959102 0.7584378665998781 
29 108 2 0.5279593306946602 0.686462495900379 0.7584378665998781 
0 1756 4 0.6004859948315413 0.7480161320718983 0.7480161320718983 
1 80 2 0.6041038230923885 0.7482012270433691 0.7482012270433691 
2 39 2 0.5969657684945431 0.750000371302959 0.750000371302959 
3 49 2 0.5909393085750758 0.750000371302959 0.750000371302959 
4 80 2 0.5801573751646729 0.750000371302959 0.750000371302959 
5 69 2 0.5598139236614564 0.746125559530264 0.750000371302959 
6 93 3 0.5492803610324511 0.7487412575806887 0.750000371302959 
7 98 3 0.5425795820031248 0.6832298952169329 0.750000371302959 
8 42 3 0.5369675223573575 0.6357875221658746 0.750000371302959 
9 100 3 0.5209314699711363 0.6877762621727744 0.750000371302959 
10 61 3 0.510294511024466 0.6879235520392316 0.750000371302959 
11 123 3 0.5067380599100058 0.6400082911305497 0.750000371302959 
12 43 4 0.5075484819322764 0.6813887754241792 0.750000371302959 
13 49 2 0.5079923947238667 0.680886183534076 0.750000371302959 
14 23 2 0.5062813639853625 0.6181380575285551 0.750000371302959 
15 114 2 0.5093684727015912 0.6184113193259005 0.750000371302959 
16 41 2 0.505692521370461 0.6593453322651218 0.750000371302959 
17 43 2 0.5137638408736912 0.6596318699079813 0.750000371302959 
18 96 1 0.514624965313945 0.6599132177829627 0.750000371302959 
19 47 1 0.5141966027220818 0.619211123570095 0.750000371302959 
20 114 2 0.5042723901751307 0.6356149142404817 0.750000371302959 
21 173 2 0.5016295630834341 0.633539773773073 0.750000371302959 
22 15 2 0.5047903131173997 0.633539773773073 0.750000371302959 
23 44 2 0.5043734618782989 0.5497876313499597 0.750000371302959 
24 133 1 0.5070314777946957 0.5967370135132903 0.750000371302959 
25 36 2 0.5108775588894024 0.6009802344029578 0.750000371302959 
26 37 1 0.5032669891979776 0.5698602106358759 0.750000371302959 
27 136 2 0.4961456484203161 0.5245550602080419 0.750000371302959 
28 115 2 0.49661971373792013 0.5164304279189091 0.750000371302959 
29 28 3 0.4970287206745544 0.5057469708029589 0.750000371302959 
0 1705 4 0.6036944105667487 0.7490146575583769 0.7490146575583769 
1 58 2 0.599896436672107 0.7460179764035392 0.7490146575583769 
2 91 2 0.5832213125621503 0.6832148502908497 0.7490146575583769 
3 114 2 0.5628549339944098 0.7526351008697847 0.7526351008697847 
4 157 2 0.5425590119803961 0.7526351008697847 0.7526351008697847 
5 51 2 0.5346369184563317 0.7526351008697847 0.7526351008697847 
6 43 2 0.5260195547201176 0.6875406406467048 0.7526351008697847 
7 37 3 0.5302388428122883 0.7526885617154173 0.7526885617154173 
8 44 2 0.5426177379122472 0.7465923346386287 0.7526885617154173 
9 8 2 0.5508998385536544 0.7478860998261694 0.7526885617154173 
10 31 1 0.5568944564000089 0.7483080467205326 0.7526885617154173 
11 15 1 0.5407871146046132 0.7486894723051165 0.7526885617154173 
12 104 3 0.5518897392158686 0.7486894723051165 0.7526885617154173 
13 64 2 0.5556183251019285 0.7486894723051165 0.7526885617154173 
14 21 2 0.539318592726668 0.7485939581972663 0.7526885617154173 
15 102 2 0.5352341672979972 0.6873311329428249 0.7526885617154173 
16 176 2 0.531118567142176 0.6834270854620402 0.7526885617154173 
17 59 2 0.5349406061262667 0.6873094184937896 0.7526885617154173 
18 108 1 0.5398966368228175 0.7506020653904443 0.7526885617154173 
19 39 2 0.526434787812325 0.6357145913344678 0.7526885617154173 
20 85 1 0.5286331130671915 0.6358479780224764 0.7526885617154173 
21 60 1 0.5379484181205035 0.6376809660996642 0.7526885617154173 
22 82 2 0.5281323655056159 0.6341036173517056 0.7526885617154173 
23 92 1 0.5139656038645503 0.6373711877937405 0.7526885617154173 
24 97 2 0.5149091510306543 0.6391844184937895 0.7526885617154173 
25 48 1 0.5123628448630485 0.6345282794316549 0.7526885617154173 
26 13 2 0.5119332418423306 0.6372588114221902 0.7526885617154173 
27 61 1 0.5215094154376532 0.6397536113341676 0.7526885617154173 
28 59 1 0.5247701506379873 0.6822912086448183 0.7526885617154173 
29 78 2 0.5292802783430318 0.689893496889738 0.7526885617154173 
0 1663 4 0.6104247086792524 0.7584804834646952 0.7584804834646952 
1 73 2 0.6153591943102681 0.7585074490957577 0.7585074490957577 
2 65 2 0.5988358817484238 0.7593204376108931 0.7593204376108931 
3 43 2 0.5764751642442877 0.7491696709784543 0.7593204376108931 
4 74 2 0.5573589972292461 0.7491696709784543 0.7593204376108931 
5 42 2 0.5449433623398647 0.7448514014696674 0.7593204376108931 
6 223 3 0.5266741357815323 0.637413718597502 0.7593204376108931 
7 84 3 0.5236158894665265 0.6371563901255917 0.7593204376108931 
8 144 2 0.5144839192364355 0.6368917271298762 0.7593204376108931 
9 57 2 0.5034479577802635 0.5988311791556087 0.7593204376108931 
10 32 3 0.5025212827125699 0.7481756206187558 0.7593204376108931 
11 32 3 0.5010594029449084 0.7506810933684674 0.7593204376108931 
12 26 4 0.4976370759463889 0.5899134215404388 0.7593204376108931 
13 42 2 0.49706806527789593 0.6027872490998926 0.7593204376108931 
14 58 3 0.49801090916619495 0.5830957046836983 0.7593204376108931 
15 49 2 0.4981476551592344 0.5985304814567252 0.7593204376108931 
16 29 3 0.4991211428878755 0.5981870573519814 0.7593204376108931 
17 20 3 0.5011808504661217 0.5679785267659824 0.7593204376108931 
18 32 2 0.5022895361520048 0.5855847227130655 0.7593204376108931 
19 15 2 0.49735103837065237 0.5607463205553275 0.7593204376108931 
20 111 2 0.5004621376552422 0.6031840832370764 0.7593204376108931 
21 64 2 0.5029240315467229 0.6005008447996977 0.7593204376108931 
22 39 2 0.5003588225324866 0.716252347979168 0.7593204376108931 
23 69 2 0.501725216933405 0.716252347979168 0.7593204376108931 
24 179 1 0.5027328037453531 0.6600023479791681 0.7593204376108931 
25 6 2 0.49961059841391386 0.6838150895287748 0.7593204376108931 
26 56 2 0.4987675139428898 0.5838847264513903 0.7593204376108931 
27 114 2 0.4987872900146946 0.5854997135314937 0.7593204376108931 
28 44 2 0.497824649076653 0.569410269856613 0.7593204376108931 
29 137 1 0.49628926226256626 0.6023373401558365 0.7593204376108931 
