0 2944 112 0.45370044234173207 0.5380253490068095 0.5380253490068095 
1 603 27 0.4713515911043232 0.5555211741461649 0.5555211741461649 
2 766 25 0.4808791795327615 0.569916330659199 0.569916330659199 
3 329 22 0.49271387993165766 0.560692478144761 0.569916330659199 
4 341 20 0.5035909220956942 0.609621381735344 0.609621381735344 
5 390 20 0.5131453104087192 0.6151390282444611 0.6151390282444611 
6 397 16 0.529171733067935 0.6289685634165101 0.6289685634165101 
7 557 17 0.5398824488419453 0.6600897700455293 0.6600897700455293 
8 289 14 0.5611427222742684 0.679839553348743 0.679839553348743 
9 575 18 0.574277574177355 0.7284057422677515 0.7284057422677515 
10 240 12 0.6018753522934602 0.7284057422677515 0.7284057422677515 
11 394 14 0.6161424578239046 0.7284057422677515 0.7284057422677515 
12 669 13 0.6216361528782307 0.7410067224065371 0.7410067224065371 
13 364 12 0.6439885013920721 0.7620136668509816 0.7620136668509816 
14 461 10 0.6607680818588817 0.7611839016084108 0.7620136668509816 
15 458 13 0.6673535770780759 0.7611839016084108 0.7620136668509816 
16 375 8 0.6865470506273639 0.7978501867121959 0.7978501867121959 
17 276 7 0.7025534661163068 0.7978501867121959 0.7978501867121959 
18 524 11 0.7050273743211964 0.8118556785395836 0.8118556785395836 
19 530 12 0.7120743454974278 0.8118556785395836 0.8118556785395836 
20 762 15 0.7131247677646841 0.8118556785395836 0.8118556785395836 
21 604 10 0.732876321109938 0.8118556785395836 0.8118556785395836 
22 359 8 0.7553436507151342 0.8118556785395836 0.8118556785395836 
23 434 9 0.7610863113595903 0.8118556785395836 0.8118556785395836 
24 427 9 0.7743622653998398 0.8118556785395836 0.8118556785395836 
25 609 8 0.7663087851719053 0.8118556785395836 0.8118556785395836 
26 496 7 0.7756052872695344 0.8118556785395836 0.8118556785395836 
27 611 9 0.7730185859272412 0.8118556785395836 0.8118556785395836 
28 313 7 0.7918319005944635 0.8118556785395836 0.8118556785395836 
29 251 8 0.7964789582752327 0.8118556785395836 0.8118556785395836
0 2838 119 0.45028705018477055 0.5089233331976085 0.5089233331976085 
1 535 44 0.4657060778315138 0.516962895517514 0.516962895517514 
2 558 29 0.47895641537317024 0.542068765140392 0.542068765140392 
3 697 26 0.4862505680355642 0.5360669694432245 0.542068765140392 
4 486 22 0.49405704275296364 0.5654482155592695 0.5654482155592695 
5 410 23 0.5027912059062182 0.5966552174693963 0.5966552174693963 
6 252 23 0.5142691165493235 0.5966552174693963 0.5966552174693963 
7 526 22 0.526214182490078 0.6319312078931711 0.6319312078931711 
8 356 19 0.5437352658968144 0.6588833923322808 0.6588833923322808 
9 505 26 0.5562316372311062 0.6639928826082236 0.6639928826082236 
10 523 25 0.5759979525650952 0.718052233213206 0.718052233213206 
11 370 24 0.595711209592188 0.7190638254379296 0.7190638254379296 
12 301 18 0.6156818803963682 0.7576614587581512 0.7576614587581512 
13 461 22 0.6298509418201279 0.7584621816215192 0.7584621816215192 
14 638 29 0.6406850239777853 0.7576614587581512 0.7584621816215192 
15 482 28 0.6585342637363535 0.7606762871741178 0.7606762871741178 
16 563 28 0.6792896957755573 0.7879596406206133 0.7879596406206133 
17 194 21 0.7090347640292588 0.7879596406206133 0.7879596406206133 
18 372 22 0.7199865483745538 0.7879596406206133 0.7879596406206133 
19 266 20 0.729683571974207 0.7879596406206133 0.7879596406206133 
20 370 22 0.7391897496574477 0.7879596406206133 0.7879596406206133 
21 540 22 0.7389891709077798 0.7879596406206133 0.7879596406206133 
22 440 17 0.7485601695187334 0.8118556785395836 0.8118556785395836 
23 520 17 0.7501532225709362 0.8118556785395836 0.8118556785395836 
24 494 16 0.7553569215723698 0.8118556785395836 0.8118556785395836 
25 325 12 0.7695991354459342 0.8118556785395836 0.8118556785395836 
26 405 10 0.7725671698679909 0.8118556785395836 0.8118556785395836 
27 316 15 0.7754198156844584 0.8118556785395836 0.8118556785395836 
28 633 8 0.7828135757518594 0.8118556785395836 0.8118556785395836 
29 405 9 0.7836132871253609 0.8118556785395836 0.8118556785395836

0 2594 110 0.4526653242197673 0.5453536482322905 0.5453536482322905 
1 528 45 0.4664968352528139 0.5800715118843955 0.5800715118843955 
2 512 26 0.4807533503001171 0.5901203926092471 0.5901203926092471 
3 428 20 0.49146890925445497 0.5901203926092471 0.5901203926092471 
4 650 23 0.5015143780024668 0.6184635548798992 0.6184635548798992 
5 372 15 0.5139949722173605 0.6301344831813733 0.6301344831813733 
6 281 15 0.5288625752220873 0.6754027565746468 0.6754027565746468 
7 482 13 0.5442485939420506 0.7056960276673759 0.7056960276673759 
8 586 18 0.551705716676602 0.7056960276673759 0.7056960276673759 
9 540 13 0.5752644941688423 0.7037805820019303 0.7056960276673759 
10 280 13 0.5925062315116602 0.7037805820019303 0.7056960276673759 
11 266 14 0.6138254220942561 0.7700574794977572 0.7700574794977572 
12 431 15 0.6349379373749415 0.7739423646637129 0.7739423646637129 
13 446 13 0.6529409216630429 0.7739423646637129 0.7739423646637129 
14 375 11 0.6764981836630529 0.7739423646637129 0.7739423646637129 
15 295 10 0.7040558969887708 0.7739423646637129 0.7739423646637129 
16 380 12 0.7122804937855757 0.7739423646637129 0.7739423646637129 
17 557 11 0.7236194434127691 0.7739423646637129 0.7739423646637129 
18 337 11 0.7402913306562064 0.7739423646637129 0.7739423646637129 
19 306 13 0.7474812816379715 0.7739423646637129 0.7739423646637129 
20 362 13 0.7418991219369198 0.7739423646637129 0.7739423646637129 
21 490 12 0.747415480525297 0.7739423646637129 0.7739423646637129 
22 348 13 0.7500248448275396 0.7739423646637129 0.7739423646637129 
23 391 13 0.7466028636227869 0.7739423646637129 0.7739423646637129 
24 736 16 0.7331227026787763 0.7739423646637129 0.7739423646637129 
25 412 14 0.743447448380965 0.7739423646637129 0.7739423646637129 
26 258 10 0.7583275241074587 0.7739423646637129 0.7739423646637129 
27 380 12 0.7499607809589535 0.7739423646637129 0.7739423646637129 
28 249 10 0.7578776114976413 0.7739423646637129 0.7739423646637129 
29 308 11 0.7523677537163788 0.7739423646637129 0.7739423646637129
0 2776 106 0.4497649558375697 0.5334705524955603 0.5334705524955603 
1 692 32 0.47067765855713567 0.5831140710067866 0.5831140710067866 
2 603 25 0.48252414534846516 0.5966994147483 0.5966994147483 
3 451 22 0.4956250882412153 0.5908117069789662 0.5966994147483 
4 567 24 0.5046733600737139 0.6094319061637483 0.6094319061637483 
5 478 20 0.5200871505059598 0.6133585965162237 0.6133585965162237 
6 269 16 0.5358608016562313 0.6571236205546853 0.6571236205546853 
7 441 15 0.5510842770788347 0.7209991970581022 0.7209991970581022 
8 428 15 0.5701391547686072 0.7092865097488245 0.7209991970581022 
9 304 18 0.5874061986005273 0.7209991970581022 0.7209991970581022 
10 395 16 0.6098673843117894 0.7209991970581022 0.7209991970581022 
11 421 13 0.6277240163894657 0.7209991970581022 0.7209991970581022 
12 302 12 0.6446336813339011 0.7400964192803244 0.7400964192803244 
13 493 12 0.6617386049821995 0.7400964192803244 0.7400964192803244 
14 466 12 0.6708198459469983 0.7400964192803244 0.7400964192803244 
15 393 11 0.6851215900198387 0.7419482711321762 0.7419482711321762 
16 245 9 0.7017282089408637 0.7419482711321762 0.7419482711321762 
17 334 9 0.7036449766390391 0.7419482711321763 0.7419482711321763 
18 298 8 0.7173580836181479 0.8118556785395836 0.8118556785395836 
19 215 5 0.726470796807821 0.8118556785395836 0.8118556785395836 
20 562 7 0.7187302293711052 0.8118556785395836 0.8118556785395836 
21 372 13 0.726141584232409 0.8118556785395836 0.8118556785395836 
22 383 17 0.7227455662563415 0.8118556785395836 0.8118556785395836 
23 473 10 0.7346479516864177 0.8118556785395836 0.8118556785395836 
24 213 6 0.7537580092347632 0.8118556785395836 0.8118556785395836 
25 464 10 0.7625327622655617 0.8118556785395836 0.8118556785395836 
26 393 6 0.7789889191627287 0.8118556785395836 0.8118556785395836 
27 332 9 0.7849143211617305 0.8118556785395836 0.8118556785395836 
28 350 10 0.786272777905049 0.8118556785395836 0.8118556785395836 
29 381 9 0.782679157460434 0.8118556785395836 0.8118556785395836
0 2822 106 0.4520664503185635 0.5125816399131717 0.5125816399131717 
1 632 35 0.46946396779621447 0.5642247435069346 0.5642247435069346 
2 335 26 0.48259189368939476 0.566937886845078 0.566937886845078 
3 536 26 0.4943766248052973 0.6024316192522541 0.6024316192522541 
4 503 27 0.5091244264170863 0.6123206885163233 0.6123206885163233 
5 389 39 0.518976436593601 0.6123206885163233 0.6123206885163233 
6 334 21 0.5337884595851592 0.6385295905162642 0.6385295905162642 
7 409 25 0.5461854756402063 0.6450486645022439 0.6450486645022439 
8 475 24 0.5582767526498082 0.6895880740718532 0.6895880740718532 
9 361 24 0.5776834090247627 0.6895880740718532 0.6895880740718532 
10 331 22 0.5963373752366502 0.6914019514350861 0.6914019514350861 
11 331 19 0.6119116565965715 0.6937714758875347 0.6937714758875347 
12 392 18 0.6322331844006308 0.757864526668206 0.757864526668206 
13 269 18 0.6470516664240081 0.7589218018135577 0.7589218018135577 
14 596 22 0.6599738670152159 0.7584648086579794 0.7589218018135577 
15 543 26 0.6695828413150104 0.7601682598103865 0.7601682598103865 
16 458 18 0.6868993704707305 0.7590462729819225 0.7601682598103865 
17 337 17 0.7124140652459652 0.7621028281022888 0.7621028281022888 
18 340 15 0.7314687353702662 0.7621028281022888 0.7621028281022888 
19 347 19 0.7335963141770054 0.7621028281022888 0.7621028281022888 
20 287 15 0.7406316235379227 0.7621028281022888 0.7621028281022888 
21 416 16 0.7370571272716733 0.7636066641033292 0.7636066641033292 
22 553 20 0.7340086619547654 0.7646906068867431 0.7646906068867431 
23 501 15 0.7350904993688875 0.7659499142897115 0.7659499142897115 
24 435 17 0.739430002628515 0.7659499142897115 0.7659499142897115 
25 346 14 0.7428131754934946 0.7659499142897115 0.7659499142897115 
26 286 15 0.7454179843334883 0.7659499142897115 0.7659499142897115 
27 504 19 0.739779434216857 0.7659499142897115 0.7659499142897115 
28 313 15 0.7413343055970905 0.7659499142897115 0.7659499142897115 
29 184 14 0.7501030363219598 0.7659499142897115 0.7659499142897115
0 2539 111 0.45625971898694906 0.5393095091082674 0.5393095091082674 
1 666 30 0.4717199096266189 0.571765119167315 0.571765119167315 
2 335 22 0.48487256123922134 0.5407120782492052 0.571765119167315 
3 349 18 0.4960089505763353 0.5472225071347766 0.571765119167315 
4 457 19 0.5071839964332796 0.5889095909832294 0.5889095909832294 
5 354 21 0.5190521926742564 0.641317928481411 0.641317928481411 
6 287 17 0.5322400487882344 0.6453667063903378 0.6453667063903378 
7 326 17 0.5445635859361462 0.6703667063903378 0.6703667063903378 
8 334 19 0.5563403914903352 0.6535170142012741 0.6703667063903378 
9 274 17 0.5713179428530553 0.6871707084030617 0.6871707084030617 
10 379 17 0.5881635255748825 0.6835836492273566 0.6871707084030617 
11 464 16 0.6053004188396965 0.7288310441839263 0.7288310441839263 
12 176 14 0.6265752359638239 0.7518525474160701 0.7518525474160701 
13 286 18 0.6434477042047948 0.7520121301237259 0.7520121301237259 
14 251 15 0.6621877355062459 0.7561919645135966 0.7561919645135966 
15 285 15 0.6782450769514774 0.7530672355301203 0.7561919645135966 
16 474 14 0.7002101938549241 0.7613008035053367 0.7613008035053367 
17 380 15 0.7092890198685626 0.7613008035053367 0.7613008035053367 
18 527 15 0.7194241026110875 0.7613008035053367 0.7613008035053367 
19 359 18 0.7253723469581149 0.7613008035053367 0.7613008035053367 
20 228 15 0.7363536983390455 0.7620434150300386 0.7620434150300386 
21 368 17 0.7376169850285709 0.7659440691441572 0.7659440691441572 
22 412 18 0.7342484936309086 0.7659440691441572 0.7659440691441572 
23 295 14 0.735212685055043 0.7659440691441572 0.7659440691441572 
24 233 18 0.7435398355057456 0.7659440691441572 0.7659440691441572 
25 502 17 0.7395793416724772 0.7659440691441572 0.7659440691441572 
26 307 14 0.7454209327171222 0.7659440691441572 0.7659440691441572 
27 391 15 0.7414307669516915 0.7659440691441572 0.7659440691441572 
28 340 17 0.745068571814186 0.7659440691441572 0.7659440691441572 
29 200 14 0.7538320953977324 0.7659440691441572 0.7659440691441572
0 2946 120 0.45614371590493713 0.5503331679116341 0.5503331679116341 
1 737 31 0.47594533510393205 0.5343963599694914 0.5503331679116341 
2 619 25 0.4872825216427891 0.5587174848327784 0.5587174848327784 
3 581 20 0.4997154511773531 0.5689343666215996 0.5689343666215996 
4 544 23 0.5077460722690241 0.5935111551739958 0.5935111551739958 
5 435 18 0.5209508252194868 0.6310366902831275 0.6310366902831275 
6 557 19 0.5319573716507301 0.6748808870947652 0.6748808870947652 
7 527 19 0.5428749693949362 0.6748808870947652 0.6748808870947652 
8 329 18 0.5633213344047765 0.7161954752843535 0.7161954752843535 
9 442 20 0.5820859705826865 0.7474959560311933 0.7474959560311933 
10 471 22 0.5981911487144346 0.7476172033748237 0.7476172033748237 
11 369 18 0.6182825832511063 0.7508122796033363 0.7508122796033363 
12 317 19 0.6392115242350465 0.7516166987333066 0.7516166987333066 
13 258 17 0.6580489272537291 0.7537723408678136 0.7537723408678136 
14 402 17 0.6739294858561317 0.7544922299867526 0.7544922299867526 
15 811 24 0.6820257728690806 0.7702981323888711 0.7702981323888711 
16 339 18 0.7067982386961582 0.7757971783373458 0.7757971783373458 
17 271 15 0.7242593757705361 0.7757971783373458 0.7757971783373458 
18 419 15 0.7301811388867969 0.7804219761336761 0.7804219761336761 
19 442 22 0.7314281431518781 0.7804219761336761 0.7804219761336761 
20 453 21 0.7337498576398687 0.7804219761336761 0.7804219761336761 
21 461 21 0.7398736047657978 0.7804219761336761 0.7804219761336761 
22 455 20 0.7375554614804399 0.7804219761336761 0.7804219761336761 
23 394 22 0.7445333300165519 0.7804219761336761 0.7804219761336761 
24 399 19 0.7512823012148029 0.7804219761336761 0.7804219761336761 
25 286 19 0.7600246921640327 0.7804219761336761 0.7804219761336761 
26 592 19 0.7478394599124347 0.7804219761336761 0.7804219761336761 
27 438 19 0.7562717537812209 0.7804219761336761 0.7804219761336761 
28 449 21 0.7571217258910575 0.7804219761336761 0.7804219761336761 
29 107 15 0.7702104124516052 0.7804219761336761 0.7804219761336761
0 2631 81 0.45623523292570584 0.5112971529958478 0.5112971529958478 
1 750 28 0.4703070357587888 0.5624989398560711 0.5624989398560711 
2 452 20 0.48404260392390036 0.55991550540969 0.5624989398560711 
3 278 20 0.49415421300017776 0.605192885662989 0.605192885662989 
4 201 17 0.5058804580870583 0.5915562331563828 0.605192885662989 
5 486 22 0.515740233866574 0.5915562331563828 0.605192885662989 
6 363 20 0.5284877183973827 0.6276162693284189 0.6276162693284189 
7 327 22 0.5417531568294678 0.635346394869958 0.635346394869958 
8 335 21 0.5548145317095208 0.6591482874218505 0.6591482874218505 
9 491 23 0.5597585196204329 0.6847186563230262 0.6847186563230262 
10 248 18 0.577206459828027 0.6840466202621758 0.6847186563230262 
11 404 19 0.5860608056811918 0.6830369855292986 0.6847186563230262 
12 442 18 0.601319853336875 0.7235176649613322 0.7235176649613322 
13 350 15 0.6160064870788013 0.7490092077515208 0.7490092077515208 
14 343 17 0.6341839846809133 0.758378521697189 0.758378521697189 
15 408 16 0.6521723485369211 0.758378521697189 0.758378521697189 
16 439 19 0.6669022982985959 0.758378521697189 0.758378521697189 
17 710 17 0.6765268518914875 0.758378521697189 0.758378521697189 
18 442 14 0.6968029676696478 0.7625414883803422 0.7625414883803422 
19 204 14 0.7177621140113654 0.7625414883803422 0.7625414883803422 
20 362 19 0.7221442035186793 0.7625414883803422 0.7625414883803422 
21 521 19 0.726302113163148 0.7625414883803422 0.7625414883803422 
22 339 15 0.7401572665942048 0.7625414883803422 0.7625414883803422 
23 498 17 0.7364415933039753 0.7625414883803422 0.7625414883803422 
24 443 13 0.7387611431019581 0.7625414883803422 0.7625414883803422 
25 392 13 0.7395659000695198 0.7625414883803422 0.7625414883803422 
26 488 11 0.7433551129459631 0.7625414883803422 0.7625414883803422 
27 359 11 0.7406930369290486 0.7625414883803422 0.7625414883803422 
28 374 11 0.7445401049367958 0.7625414883803422 0.7625414883803422 
29 473 14 0.7425878744836598 0.7625414883803422 0.7625414883803422
0 2831 123 0.4504054851554746 0.5447253554541399 0.5447253554541399 
1 951 45 0.4676663865134099 0.5842969107687488 0.5842969107687488 
2 463 29 0.4827057661292087 0.5842969107687488 0.5842969107687488 
3 271 19 0.49680991642193784 0.5954087231480056 0.5954087231480056 
4 139 17 0.5113659891276207 0.6130707524549344 0.6130707524549344 
5 738 21 0.5191613113919566 0.6463490566775654 0.6463490566775654 
6 535 17 0.5346524714321107 0.6817438705152594 0.6817438705152594 
7 495 17 0.5507677405234663 0.729435626626862 0.729435626626862 
8 271 13 0.5697915507906003 0.7552103057004447 0.7552103057004447 
9 302 14 0.589986777701162 0.7552103057004447 0.7552103057004447 
10 216 12 0.6152024276121238 0.7552103057004447 0.7552103057004447 
11 617 15 0.6356923688386524 0.8052421021729208 0.8052421021729208 
12 385 9 0.6681564462610122 0.8052421021729208 0.8052421021729208 
13 276 11 0.6990202002396531 0.8800877811852665 0.8800877811852665 
14 400 11 0.7193465490086465 0.8800877811852665 0.8800877811852665 
15 220 6 0.7581135303259383 0.8800877811852665 0.8800877811852665 
16 428 5 0.7913821501129878 0.8800877811852665 0.8800877811852665 
17 346 6 0.8189947403463494 0.8800877811852665 0.8800877811852665 
18 362 5 0.836872150638819 0.8800877811852665 0.8800877811852665 
19 188 4 0.8518206234329868 0.8800877811852665 0.8800877811852665 
20 135 3 0.8613839614444639 0.8800877811852665 0.8800877811852665 
21 288 6 0.8589403978374169 0.8800877811852665 0.8800877811852665 
22 287 3 0.8547655807053522 0.8800877811852665 0.8800877811852665 
23 401 5 0.8524444868705691 0.8800877811852665 0.8800877811852665 
24 367 6 0.8550994219205963 0.8800877811852665 0.8800877811852665 
25 456 5 0.8514798495304212 0.8800877811852665 0.8800877811852665 
26 498 6 0.8454884885858006 0.8800877811852665 0.8800877811852665 
27 312 9 0.8576050842200403 0.8800877811852665 0.8800877811852665 
28 563 7 0.8448866133824612 0.8800877811852665 0.8800877811852665 
29 394 5 0.8465428509470434 0.8800877811852665 0.8800877811852665
0 2891 125 0.45293200999503325 0.5338589150921162 0.5338589150921162 
1 488 31 0.47414861398537334 0.537733005105384 0.537733005105384 
2 637 22 0.4878654007864474 0.5788096492308961 0.5788096492308961 
3 392 18 0.5006756573960933 0.6160872986688275 0.6160872986688275 
4 317 16 0.5153971504402035 0.6160872986688275 0.6160872986688275 
5 567 17 0.5300273035998196 0.6533993706692134 0.6533993706692134 
6 383 15 0.5472609079233679 0.6741439233339166 0.6741439233339166 
7 315 12 0.5626785493500978 0.7167553698976084 0.7167553698976084 
8 351 10 0.5815291725074485 0.7167553698976084 0.7167553698976084 
9 510 12 0.5972750422054378 0.7167553698976084 0.7167553698976084 
10 534 15 0.6149366555517229 0.7400964192803244 0.7400964192803244 
11 525 11 0.6316317252394986 0.7419482711321762 0.7419482711321762 
12 624 14 0.6511809262985387 0.8118556785395836 0.8118556785395836 
13 342 8 0.6736276584508467 0.8118556785395836 0.8118556785395836 
14 525 7 0.686832528493945 0.8118556785395836 0.8118556785395836 
15 208 8 0.7064009042180109 0.8118556785395836 0.8118556785395836 
16 307 7 0.7216508269377662 0.8118556785395836 0.8118556785395836 
17 412 10 0.7321941078632712 0.8118556785395836 0.8118556785395836 
18 206 7 0.7573499054867177 0.8118556785395836 0.8118556785395836 
19 292 6 0.770776197742954 0.8118556785395836 0.8118556785395836 
20 424 7 0.7764049250319873 0.8118556785395836 0.8118556785395836 
21 338 5 0.792158966202949 0.8118556785395836 0.8118556785395836 
22 489 7 0.7837166401736827 0.8118556785395836 0.8118556785395836 
23 317 5 0.7911499909150729 0.8118556785395836 0.8118556785395836 
24 331 6 0.7936007886405586 0.8118556785395836 0.8118556785395836 
25 237 5 0.7975551154288276 0.8118556785395836 0.8118556785395836 
26 443 11 0.7836483581239473 0.8118556785395836 0.8118556785395836 
27 485 10 0.7745976767642431 0.8118556785395836 0.8118556785395836 
28 296 7 0.7914234950705835 0.8118556785395836 0.8118556785395836 
29 374 6 0.7856107650971496 0.8118556785395836 0.8118556785395836
0 2982 106 0.45264667743381515 0.5383194560619163 0.5383194560619163 
1 563 39 0.46886824282273776 0.5667249639810203 0.5667249639810203 
2 465 30 0.48436847486520196 0.5667249639810203 0.5667249639810203 
3 685 20 0.4977157752549178 0.5667249639810203 0.5667249639810203 
4 237 17 0.514647954643199 0.6126376126164182 0.6126376126164182 
5 425 18 0.5251481326055896 0.6126376126164182 0.6126376126164182 
6 284 18 0.5450452649874149 0.6754925095739421 0.6754925095739421 
7 436 15 0.5600464476651732 0.6658390118493954 0.6754925095739421 
8 309 20 0.5720010160127394 0.6687711877988429 0.6754925095739421 
9 409 16 0.5857243877043197 0.6829181254621581 0.6829181254621581 
10 287 28 0.5959833408651659 0.6791109959359565 0.6829181254621581 
11 367 13 0.6137899478899194 0.7235454933543984 0.7235454933543984 
12 364 12 0.6259423650150677 0.7400964192803244 0.7400964192803244 
13 679 22 0.6306411409787668 0.7882445674284726 0.7882445674284726 
14 470 11 0.6559936307618386 0.7882445674284726 0.7882445674284726 
15 275 14 0.6732936478741975 0.7882445674284726 0.7882445674284726 
16 509 13 0.6807797722087021 0.8118556785395836 0.8118556785395836 
17 260 9 0.7087596031464167 0.8118556785395836 0.8118556785395836 
18 273 6 0.7319549192583326 0.8118556785395836 0.8118556785395836 
19 377 8 0.741295555162582 0.8118556785395836 0.8118556785395836 
20 534 9 0.7495134160513227 0.8118556785395836 0.8118556785395836 
21 202 6 0.7767532429969286 0.8118556785395836 0.8118556785395836 
22 361 6 0.7817917966991985 0.8118556785395836 0.8118556785395836 
23 317 7 0.7918938115997552 0.8118556785395836 0.8118556785395836 
24 461 9 0.7875616020966656 0.8118556785395836 0.8118556785395836 
25 366 5 0.7972073414747797 0.8118556785395836 0.8118556785395836 
26 541 8 0.7856217288715439 0.8118556785395836 0.8118556785395836 
27 246 6 0.792904255670518 0.8118556785395836 0.8118556785395836 
28 222 5 0.7947483753303802 0.8118556785395836 0.8118556785395836 
29 568 7 0.782297234916557 0.8118556785395836 0.8118556785395836
0 2928 92 0.4552576855423396 0.5426197231131334 0.5426197231131334 
1 431 31 0.46998646402332817 0.5439417517489246 0.5439417517489246 
2 523 24 0.4813494471696831 0.5819326809444606 0.5819326809444606 
3 524 22 0.4908860008598074 0.5705253356170858 0.5819326809444606 
4 557 19 0.5016734723906704 0.5935963735030086 0.5935963735030086 
5 493 21 0.5132007242225125 0.6125800861773276 0.6125800861773276 
6 434 19 0.5266683370707654 0.6280958864871381 0.6280958864871381 
7 603 18 0.5414664449852666 0.6448521645524735 0.6448521645524735 
8 365 17 0.5596635479864629 0.6448521645524735 0.6448521645524735 
9 360 16 0.5753783830899486 0.6786264485573061 0.6786264485573061 
10 445 16 0.5887307196609392 0.7329039565105155 0.7329039565105155 
11 259 14 0.6102336673627435 0.7329039565105155 0.7329039565105155 
12 410 16 0.6294439492359897 0.7329039565105155 0.7329039565105155 
13 333 14 0.6510142587733816 0.7500922266521557 0.7500922266521557 
14 412 12 0.6744027650133448 0.7500922266521557 0.7500922266521557 
15 427 13 0.6870254197794945 0.764283235502659 0.764283235502659 
16 736 16 0.693749117750929 0.764283235502659 0.764283235502659 
17 400 16 0.710424553284703 0.764283235502659 0.764283235502659 
18 266 13 0.7177443551408383 0.7636066641033292 0.764283235502659 
19 352 15 0.7247289248942376 0.7682971986330814 0.7682971986330814 
20 394 14 0.7292502256375092 0.7747056274908998 0.7747056274908998 
21 266 12 0.742048782903872 0.7747056274908998 0.7747056274908998 
22 513 15 0.7393324770535799 0.7777321954835578 0.7777321954835578 
23 385 13 0.7495818915395752 0.7777321954835578 0.7777321954835578 
24 477 12 0.7497455760425621 0.7777321954835578 0.7777321954835578 
25 424 14 0.7538168634693801 0.7777321954835578 0.7777321954835578 
26 306 12 0.7563260087477454 0.7777321954835578 0.7777321954835578 
27 515 14 0.7501852148275099 0.7777321954835578 0.7777321954835578 
28 382 11 0.7601436404652128 0.7777321954835578 0.7777321954835578 
29 155 11 0.768149264731964 0.7777321954835578 0.7777321954835578
0 2841 106 0.4524662436365924 0.5427935925781086 0.5427935925781086 
1 756 33 0.4726179256439343 0.6251135875486569 0.6251135875486569 
2 560 25 0.4877579391569425 0.5600223174227209 0.6251135875486569 
3 405 21 0.501461544118253 0.5860185354653236 0.6251135875486569 
4 357 19 0.5186462014502157 0.6504418756902133 0.6504418756902133 
5 452 16 0.5326929480652551 0.6280879505486461 0.6504418756902133 
6 499 19 0.5488481125799894 0.6730785358624016 0.6730785358624016 
7 396 16 0.5685432526857334 0.6730785358624016 0.6730785358624016 
8 387 14 0.5907954141695105 0.6743870727660541 0.6743870727660541 
9 450 16 0.6097763664096079 0.7139842341471482 0.7139842341471482 
10 348 15 0.6254643249918445 0.7700574794977572 0.7700574794977572 
11 372 16 0.6438257113264284 0.7700574794977572 0.7700574794977572 
12 403 13 0.6605212926231099 0.7700574794977572 0.7700574794977572 
13 582 14 0.6775800126198009 0.7700574794977572 0.7700574794977572 
14 335 13 0.6995577409850621 0.8118556785395836 0.8118556785395836 
15 428 13 0.7165694155694762 0.8118556785395836 0.8118556785395836 
16 295 12 0.738943847668496 0.8118556785395836 0.8118556785395836 
17 646 18 0.7363052313766327 0.8118556785395836 0.8118556785395836 
18 393 13 0.760238474557299 0.8118556785395836 0.8118556785395836 
19 623 13 0.7608690377995369 0.8118556785395836 0.8118556785395836 
20 310 8 0.7765375727862063 0.8118556785395836 0.8118556785395836 
21 294 6 0.7856796504838881 0.8118556785395836 0.8118556785395836 
22 382 5 0.7902465968480935 0.8118556785395836 0.8118556785395836 
23 245 8 0.7970197018574554 0.8118556785395836 0.8118556785395836 
24 364 7 0.7936244465098748 0.8118556785395836 0.8118556785395836 
25 173 5 0.7949352034979174 0.8118556785395836 0.8118556785395836 
26 338 7 0.7847955001293427 0.8118556785395836 0.8118556785395836 
27 309 7 0.7954742954955136 0.8118556785395836 0.8118556785395836 
28 408 7 0.7819880494343328 0.8118556785395836 0.8118556785395836 
29 334 7 0.7897060910562782 0.8118556785395836 0.8118556785395836
0 2740 106 0.453859632390634 0.5395261870739341 0.5395261870739341 
1 753 31 0.47127344133780497 0.5423724798460043 0.5423724798460043 
2 422 22 0.48638917066652537 0.6061895330476245 0.6061895330476245 
3 380 19 0.5018561600214017 0.6061895330476245 0.6061895330476245 
4 359 19 0.518616408632432 0.6427325000816411 0.6427325000816411 
5 444 19 0.5350799058908376 0.6709376047036134 0.6709376047036134 
6 430 14 0.5535468719414319 0.6930797223038633 0.6930797223038633 
7 354 16 0.5715748566434101 0.7031141665676752 0.7031141665676752 
8 354 13 0.5947161639042909 0.7028355847599865 0.7031141665676752 
9 491 18 0.6145198243087274 0.7700574794977572 0.7700574794977572 
10 287 11 0.6382026221740584 0.7772403466647484 0.7772403466647484 
11 273 11 0.6519995891731963 0.7772403466647484 0.7772403466647484 
12 320 13 0.6716923260367674 0.7772403466647484 0.7772403466647484 
13 210 13 0.6953833002007027 0.7739423646637129 0.7772403466647484 
14 373 12 0.7111744363111506 0.7772403466647484 0.7772403466647484 
15 299 11 0.727546309429628 0.7772403466647484 0.7772403466647484 
16 426 11 0.7361700904467284 0.7772403466647484 0.7772403466647484 
17 525 13 0.7348000818938636 0.7772403466647484 0.7772403466647484 
18 419 11 0.7439846623478849 0.7772403466647484 0.7772403466647484 
19 301 11 0.756710901423446 0.7772403466647484 0.7772403466647484 
20 321 11 0.754057344913544 0.7772403466647484 0.7772403466647484 
21 218 11 0.762081702301259 0.7772403466647484 0.7772403466647484 
22 386 15 0.7512230639023155 0.7772403466647484 0.7772403466647484 
23 482 17 0.7477666879075374 0.7772403466647484 0.7772403466647484 
24 251 11 0.7562599425966872 0.7772403466647484 0.7772403466647484 
25 483 16 0.7493569905664589 0.7772403466647484 0.7772403466647484 
26 218 11 0.7624066702618404 0.7772403466647484 0.7772403466647484 
27 195 11 0.7643439874814143 0.7772403466647484 0.7772403466647484 
28 307 11 0.7627826942940065 0.7772403466647484 0.7772403466647484 
29 478 14 0.7525959615409866 0.7772403466647484 0.7772403466647484
0 2970 105 0.45467660773482643 0.5127697979862299 0.5127697979862299 
1 555 33 0.4699327099113412 0.550777125555868 0.550777125555868 
2 469 23 0.4825731427442673 0.5834436960459248 0.5834436960459248 
3 387 23 0.49145106616157563 0.5834436960459248 0.5834436960459248 
4 472 29 0.4998286514506452 0.5881472502919487 0.5881472502919487 
5 475 19 0.5154209617113242 0.617438886072876 0.617438886072876 
6 249 18 0.5304464207392364 0.617438886072876 0.617438886072876 
7 299 19 0.5430414381213527 0.6293078917769508 0.6293078917769508 
8 383 17 0.559303275701573 0.6701900449457023 0.6701900449457023 
9 584 20 0.5731712295371801 0.6701900449457023 0.6701900449457023 
10 342 19 0.5885698265291309 0.7248672550148327 0.7248672550148327 
11 349 15 0.60552841529457 0.7248672550148327 0.7248672550148327 
12 411 16 0.622404474660889 0.7458666322049025 0.7458666322049025 
13 417 15 0.639396240136623 0.7496797730225531 0.7496797730225531 
14 151 13 0.6613907590602414 0.7567483181375475 0.7567483181375475 
15 568 21 0.6694103182490589 0.7567985213598463 0.7567985213598463 
16 371 16 0.6913316594790576 0.7567985213598463 0.7567985213598463 
17 220 14 0.7071163489754262 0.7557744270200227 0.7567985213598463 
18 306 14 0.7206160208184178 0.7557744270200227 0.7567985213598463 
19 117 13 0.7322161748079402 0.7557744270200227 0.7567985213598463 
20 317 15 0.7334094479650837 0.7557744270200227 0.7567985213598463 
21 347 15 0.7313606965684234 0.7596891708846853 0.7596891708846853 
22 490 16 0.7295751927541549 0.7596891708846853 0.7596891708846853 
23 546 22 0.7260835616836322 0.7596891708846853 0.7596891708846853 
24 420 17 0.7386718796171191 0.7596891708846853 0.7596891708846853 
25 478 18 0.7328397594385556 0.7596891708846853 0.7596891708846853 
26 411 16 0.7367708757007222 0.7596891708846853 0.7596891708846853 
27 324 14 0.7429731869065154 0.7596891708846853 0.7596891708846853 
28 353 21 0.745473132978641 0.7596891708846853 0.7596891708846853 
29 460 18 0.7364144797111548 0.7596891708846853 0.7596891708846853
0 2636 105 0.4520567727652128 0.5794718215507931 0.5794718215507931 
1 600 32 0.4700212745598013 0.5714947179265394 0.5794718215507931 
2 431 28 0.4827350451894478 0.5998490173171404 0.5998490173171404 
3 512 26 0.49391862524643265 0.6018782380963611 0.6018782380963611 
4 525 23 0.5071213951598598 0.6250692989858522 0.6250692989858522 
5 333 17 0.5235807706005129 0.6628443369429978 0.6628443369429978 
6 478 22 0.5355798002501155 0.6180517934525377 0.6628443369429978 
7 281 17 0.5477084745387713 0.6740360947927477 0.6740360947927477 
8 436 18 0.5595592046002137 0.6865162639476833 0.6865162639476833 
9 601 19 0.5738366381149885 0.6905829776557808 0.6905829776557808 
10 380 20 0.5898179726573969 0.753857925553475 0.753857925553475 
11 414 16 0.6135233431184388 0.753857925553475 0.753857925553475 
12 489 18 0.6257766265210064 0.7524884861699055 0.753857925553475 
13 297 16 0.6459930868141258 0.753857925553475 0.753857925553475 
14 390 18 0.6612666847626215 0.7563618330429231 0.7563618330429231 
15 145 15 0.6941567616200632 0.7563618330429231 0.7563618330429231 
16 445 17 0.7093010094139202 0.7563618330429231 0.7563618330429231 
17 232 16 0.7269941376434533 0.7563618330429231 0.7563618330429231 
18 395 17 0.7342816603635911 0.7563618330429231 0.7563618330429231 
19 409 17 0.7337061540762119 0.7563618330429231 0.7563618330429231 
20 374 18 0.7323267034479879 0.7563618330429231 0.7563618330429231 
21 411 20 0.734742066885714 0.7563618330429231 0.7563618330429231 
22 367 19 0.7376087165363068 0.7563618330429231 0.7563618330429231 
23 291 21 0.7402012312021615 0.7563618330429231 0.7563618330429231 
24 397 19 0.7356227729119919 0.7563618330429231 0.7563618330429231 
25 421 17 0.7337835735438669 0.7563618330429231 0.7563618330429231 
26 376 18 0.7410240587609238 0.7563618330429231 0.7563618330429231 
27 415 19 0.7373429837384112 0.7563618330429231 0.7563618330429231 
28 461 18 0.7377173696839207 0.7563618330429231 0.7563618330429231 
29 338 19 0.7349595044147472 0.7563618330429231 0.7563618330429231
0 3035 103 0.4551697968037907 0.5383194560619163 0.5383194560619163 
1 827 36 0.47200151520161626 0.5383194560619163 0.5383194560619163 
2 723 26 0.48235771667215493 0.5535179525745764 0.5535179525745764 
3 378 26 0.492851927564794 0.5596862564079763 0.5596862564079763 
4 395 29 0.5024304314407891 0.5720877192159153 0.5720877192159153 
5 608 26 0.5124199372003823 0.5940580084281695 0.5940580084281695 
6 477 25 0.5240490414263298 0.6440324085133955 0.6440324085133955 
7 486 40 0.535829986212043 0.6417157532634173 0.6440324085133955 
8 404 20 0.553025858449706 0.6421182711672802 0.6440324085133955 
9 323 20 0.5722392019724442 0.6634014517770431 0.6634014517770431 
10 276 18 0.5890714560631699 0.6860304922249214 0.6860304922249214 
11 499 19 0.5996712770322273 0.6934144127885091 0.6934144127885091 
12 315 20 0.6170350111795723 0.7501919943546194 0.7501919943546194 
13 707 20 0.6254086860892754 0.753933348134691 0.753933348134691 
14 329 20 0.6417499314664146 0.753933348134691 0.753933348134691 
15 501 22 0.654851150641006 0.75820133730286 0.75820133730286 
16 362 18 0.6689635415338647 0.7576703963385962 0.75820133730286 
17 237 18 0.6868565905345032 0.75820133730286 0.75820133730286 
18 364 17 0.6942887523802167 0.7585907921696732 0.7585907921696732 
19 279 20 0.7037706376050181 0.7585907921696732 0.7585907921696732 
20 320 18 0.7162763928543299 0.7614100550124787 0.7614100550124787 
21 248 15 0.7318780744611204 0.7614100550124787 0.7614100550124787 
22 307 17 0.7374798293551375 0.7614100550124787 0.7614100550124787 
23 588 17 0.7334025880362252 0.7614100550124787 0.7614100550124787 
24 659 20 0.7280628645818767 0.7614100550124787 0.7614100550124787 
25 548 20 0.734121515571683 0.7623814059693781 0.7623814059693781 
26 238 16 0.7458234098261927 0.7623814059693781 0.7623814059693781 
27 524 19 0.737289940925991 0.7623814059693781 0.7623814059693781 
28 355 18 0.7407860511915092 0.7663589311716388 0.7663589311716388 
29 531 22 0.7383046583201568 0.7663589311716388 0.7663589311716388
0 2787 92 0.4556298396218711 0.5499108466667865 0.5499108466667865 
1 653 33 0.46999215213228007 0.560769950192952 0.560769950192952 
2 472 24 0.48327174755559615 0.6131077825154098 0.6131077825154098 
3 444 23 0.4942343586471278 0.6131077825154098 0.6131077825154098 
4 377 20 0.5048654250456728 0.6434192926710768 0.6434192926710768 
5 234 19 0.5236171291509653 0.6434192926710768 0.6434192926710768 
6 382 18 0.5407549795442707 0.6434192926710768 0.6434192926710768 
7 425 20 0.5551751687348662 0.6848308727931874 0.6848308727931874 
8 281 15 0.5767313928948241 0.7167553698976084 0.7167553698976084 
9 387 15 0.5928968438992623 0.7209991970581022 0.7209991970581022 
10 249 11 0.6205657617810911 0.7419482711321762 0.7419482711321762 
11 424 10 0.6371878541718984 0.7419482711321762 0.7419482711321762 
12 276 8 0.6563743893200396 0.7419482711321762 0.7419482711321762 
13 362 9 0.6739551283286304 0.7419482711321762 0.7419482711321762 
14 333 7 0.6890098243680594 0.7419482711321763 0.7419482711321763 
15 120 7 0.7068649092809963 0.8118556785395836 0.8118556785395836 
16 277 13 0.7081027530826421 0.8118556785395836 0.8118556785395836 
17 287 7 0.7167041518527013 0.8118556785395836 0.8118556785395836 
18 344 7 0.7241537067361483 0.8118556785395836 0.8118556785395836 
19 640 7 0.7295931280335242 0.8118556785395836 0.8118556785395836 
20 379 7 0.7501517963124811 0.8118556785395836 0.8118556785395836 
21 158 4 0.7751893144599414 0.8118556785395836 0.8118556785395836 
22 188 4 0.7896694139514827 0.8118556785395836 0.8118556785395836 
23 318 7 0.7939435687394644 0.8118556785395836 0.8118556785395836 
24 351 7 0.7877640832533657 0.8118556785395836 0.8118556785395836 
25 481 12 0.7813559510738637 0.8118556785395836 0.8118556785395836 
26 212 7 0.7872335415367757 0.8118556785395836 0.8118556785395836 
27 486 7 0.7805199815953727 0.8118556785395836 0.8118556785395836 
28 266 11 0.7908594844343136 0.8118556785395836 0.8118556785395836 
29 389 10 0.7896871037092515 0.8118556785395836 0.8118556785395836
0 2861 129 0.44917432548807523 0.5447253554541399 0.5447253554541399 
1 484 34 0.4725930362296868 0.5540374964890744 0.5540374964890744 
2 757 25 0.4850553892973992 0.6288146874013022 0.6288146874013022 
3 426 23 0.4999387692108035 0.6288146874013022 0.6288146874013022 
4 329 20 0.5153597507669611 0.6288146874013022 0.6288146874013022 
5 297 20 0.538090329108075 0.6805834181410091 0.6805834181410091 
6 210 16 0.5580068026473644 0.6574461982328997 0.6805834181410091 
7 325 14 0.5784724965168297 0.6738821022955942 0.6805834181410091 
8 291 13 0.5971578774821308 0.7141571584602493 0.7141571584602493 
9 426 17 0.6077099565250912 0.7134957827988736 0.7141571584602493 
10 244 18 0.6271066590039196 0.7700574794977572 0.7700574794977572 
11 503 16 0.647227923804027 0.780297421027877 0.780297421027877 
12 466 17 0.6625549155282373 0.7806254124285033 0.7806254124285033 
13 333 15 0.6753925109049796 0.7806254124285033 0.7806254124285033 
14 242 16 0.6908329143789392 0.7806254124285033 0.7806254124285033 
15 483 19 0.7039710763004057 0.7806254124285033 0.7806254124285033 
16 369 14 0.7194854999167147 0.7806254124285033 0.7806254124285033 
17 401 21 0.7328302609040636 0.7806254124285033 0.7806254124285033 
18 274 13 0.7549036313378414 0.7806254124285033 0.7806254124285033 
19 460 18 0.7555072661052812 0.7806254124285033 0.7806254124285033 
20 351 17 0.7584265898771549 0.7806254124285033 0.7806254124285033 
21 421 20 0.7549404476322131 0.7806254124285033 0.7806254124285033 
22 177 15 0.765408683239524 0.7806254124285033 0.7806254124285033 
23 183 13 0.7685007196098169 0.7806254124285033 0.7806254124285033 
24 417 17 0.7550841250528131 0.7806254124285033 0.7806254124285033 
25 370 22 0.7561556158422894 0.7806254124285033 0.7806254124285033 
26 559 22 0.743996548122369 0.7806254124285033 0.7806254124285033 
27 609 23 0.7468270882768951 0.7806254124285033 0.7806254124285033 
28 331 18 0.7553433566360463 0.7806254124285033 0.7806254124285033 
29 244 17 0.7648313489782845 0.7806254124285033 0.7806254124285033
0 2459 110 0.45165275877396643 0.5393095091082674 0.5393095091082674 
1 673 27 0.47458428050956913 0.5742670563207339 0.5742670563207339 
2 386 24 0.48721398749203665 0.6195988445515177 0.6195988445515177 
3 439 19 0.49670003936965584 0.6195988445515177 0.6195988445515177 
4 392 20 0.5105589178493266 0.6195988445515177 0.6195988445515177 
5 364 16 0.5237526416813355 0.6239759999099451 0.6239759999099451 
6 495 15 0.5393222197532057 0.6493783224478569 0.6493783224478569 
7 360 14 0.556357314449199 0.6576640649960697 0.6576640649960697 
8 610 16 0.5688267114604557 0.732759463284032 0.732759463284032 
9 204 15 0.5943086370875542 0.8052421021729208 0.8052421021729208 
10 373 14 0.6097907206273464 0.8052421021729208 0.8052421021729208 
11 208 12 0.6360641994868098 0.8800877811852665 0.8800877811852665 
12 587 15 0.650310314911968 0.8800877811852665 0.8800877811852665 
13 368 11 0.692230326406209 0.8800877811852665 0.8800877811852665 
14 267 8 0.7329577685434379 0.8800877811852665 0.8800877811852665 
15 353 6 0.7740486480416083 0.8800877811852665 0.8800877811852665 
16 289 8 0.8084191970878348 0.8800877811852665 0.8800877811852665 
17 328 8 0.8232609453960792 0.8800877811852665 0.8800877811852665 
18 391 6 0.8400736757527799 0.8800877811852665 0.8800877811852665 
19 249 3 0.8553068955131512 0.8800877811852665 0.8800877811852665 
20 264 4 0.8540265393364822 0.8800877811852665 0.8800877811852665 
21 251 3 0.8582652499115371 0.8800877811852665 0.8800877811852665 
22 241 3 0.8588888447678894 0.8800877811852665 0.8800877811852665 
23 174 3 0.8662985373057431 0.8800877811852665 0.8800877811852665 
24 315 3 0.8568855125444675 0.8800877811852665 0.8800877811852665 
25 561 7 0.8417325520571377 0.8800877811852665 0.8800877811852665 
26 246 3 0.8620051569025127 0.8800877811852665 0.8800877811852665 
27 264 4 0.8598978150777787 0.8800877811852665 0.8800877811852665 
28 370 4 0.8509208778434392 0.8800877811852665 0.8800877811852665 
29 338 4 0.8516705571891646 0.8800877811852665 0.8800877811852665 

0 3043 115 0.4527905355182589 0.5079089643583385 0.5079089643583385 
1 626 32 0.46990142994704465 0.5492374441457744 0.5492374441457744 
2 696 22 0.48258509967360574 0.5745799192434187 0.5745799192434187 
3 616 22 0.4932141266106085 0.5745799192434187 0.5745799192434187 
4 440 20 0.5041521264224214 0.5888540988298263 0.5888540988298263 
5 460 24 0.5106949211226111 0.5863999676845609 0.5888540988298263 
6 270 20 0.5240535669921176 0.6366244953783405 0.6366244953783405 
7 465 19 0.5388470870818077 0.6368666520502304 0.6368666520502304 
8 390 28 0.5547694317060998 0.6389710291546075 0.6389710291546075 
9 752 20 0.5651658936732527 0.6583524969548576 0.6583524969548576 
10 525 20 0.5798305845065763 0.6875295308381092 0.6875295308381092 
11 462 20 0.5988287926709224 0.720314140408433 0.720314140408433 
12 564 23 0.6175650525352507 0.7546591604677388 0.7546591604677388 
13 471 17 0.6373436678784794 0.7606725454193972 0.7606725454193972 
14 287 18 0.6599892448324034 0.7623814059693781 0.7623814059693781 
15 449 18 0.6749879193082468 0.7623814059693781 0.7623814059693781 
16 299 20 0.6952913124165144 0.7606725454193972 0.7623814059693781 
17 413 24 0.7032592715843272 0.7606725454193972 0.7623814059693781 
18 457 26 0.718686014500759 0.7606725454193972 0.7623814059693781 
19 392 20 0.7334924713199575 0.7606725454193972 0.7623814059693781 
20 244 17 0.744058322776955 0.7623814059693781 0.7623814059693781 
21 370 21 0.733440954941041 0.7663589311716388 0.7663589311716388 
22 330 19 0.7360077322799399 0.7663589311716388 0.7663589311716388 
23 459 22 0.7389067594020698 0.7663589311716388 0.7663589311716388 
24 537 23 0.7373187029184218 0.7663589311716388 0.7663589311716388 
25 281 25 0.7426129148041732 0.7663589311716388 0.7663589311716388 
26 353 25 0.7452589253273595 0.7663589311716388 0.7663589311716388 
27 404 19 0.7481805520655701 0.7663589311716388 0.7663589311716388 
28 307 20 0.746437411689963 0.7663589311716388 0.7663589311716388 
29 422 26 0.7418433378515651 0.7663589311716388 0.7663589311716388
0 2814 182 0.44950740297125313 0.5393095091082674 0.5393095091082674 
1 593 41 0.4712603238648982 0.7312162534074887 0.7312162534074887 
2 542 27 0.4879026575799918 0.7312162534074887 0.7312162534074887 
3 571 23 0.5068836308090843 0.7312162534074887 0.7312162534074887 
4 297 33 0.533348421423428 0.7312162534074887 0.7312162534074887 
5 372 21 0.5617778000884974 0.8036988922963777 0.8036988922963777 
6 611 17 0.5812919893101429 0.8083285219260072 0.8083285219260072 
7 354 14 0.6202357066657904 0.8800877811852665 0.8800877811852665 
8 307 10 0.67069251816716 0.8800877811852665 0.8800877811852665 
9 351 8 0.727712613955554 0.8800877811852665 0.8800877811852665 
10 144 4 0.7698533567031238 0.8800877811852665 0.8800877811852665 
11 393 5 0.7959003949663769 0.8800877811852665 0.8800877811852665 
12 486 6 0.8115493161846475 0.8800877811852665 0.8800877811852665 
13 391 10 0.8308950160219293 0.8800877811852665 0.8800877811852665 
14 460 4 0.8464382644583958 0.8800877811852665 0.8800877811852665 
15 304 5 0.8522967985787155 0.8800877811852665 0.8800877811852665 
16 506 6 0.8510666184513112 0.8800877811852665 0.8800877811852665 
17 312 4 0.8547813482554801 0.8800877811852665 0.8800877811852665 
18 488 11 0.8533675325935753 0.8800877811852665 0.8800877811852665 
19 344 4 0.8584758706905812 0.8800877811852665 0.8800877811852665 
20 179 3 0.8693506366132255 0.8800877811852665 0.8800877811852665 
21 334 8 0.853153839317147 0.8800877811852665 0.8800877811852665 
22 371 4 0.8570548039218567 0.8800877811852665 0.8800877811852665 
23 376 5 0.85553891914128 0.8800877811852665 0.8800877811852665 
24 248 8 0.8543224886666516 0.8800877811852665 0.8800877811852665 
25 303 5 0.8606217315607678 0.8800877811852665 0.8800877811852665 
26 399 10 0.8476332375894272 0.8800877811852665 0.8800877811852665 
27 349 5 0.8500668134761193 0.8800877811852665 0.8800877811852665 
28 266 4 0.8565093161992726 0.8800877811852665 0.8800877811852665 
29 411 6 0.8527586194405063 0.8800877811852665 0.8800877811852665
0 2494 117 0.4543768199614286 0.5380253490068095 0.5380253490068095 
1 600 28 0.4703337651675076 0.5554906086462568 0.5554906086462568 
2 473 22 0.48172367388773724 0.5600936668151746 0.5600936668151746 
3 440 22 0.49361834113659453 0.5722509911856478 0.5722509911856478 
4 416 24 0.5079656982032245 0.6497868973362991 0.6497868973362991 
5 242 19 0.5224721911041741 0.648572248668597 0.6497868973362991 
6 514 21 0.5347566094428362 0.648572248668597 0.6497868973362991 
7 462 19 0.5509596395754967 0.6760606745945229 0.6760606745945229 
8 280 16 0.5748183820038275 0.7179584760144657 0.7179584760144657 
9 329 17 0.5953573483528243 0.7183142442677529 0.7183142442677529 
10 589 19 0.6100833314641452 0.7739423646637129 0.7739423646637129 
11 218 15 0.6315145036662911 0.7739423646637129 0.7739423646637129 
12 347 14 0.6484749223392612 0.7751276491266359 0.7751276491266359 
13 516 16 0.6624257531796905 0.7751276491266359 0.7751276491266359 
14 349 14 0.6827890613928054 0.7751276491266359 0.7751276491266359 
15 542 15 0.6971012696392783 0.7751276491266359 0.7751276491266359 
16 440 15 0.7177513521512189 0.7751276491266359 0.7751276491266359 
17 406 13 0.7286342868605898 0.7751276491266359 0.7751276491266359 
18 245 11 0.7508148783472464 0.7751276491266359 0.7751276491266359 
19 249 9 0.7588360038808517 0.7751276491266359 0.7751276491266359 
20 344 12 0.7453552322051163 0.7751276491266359 0.7751276491266359 
21 465 11 0.7450711822782345 0.7751276491266359 0.7751276491266359 
22 458 14 0.7476620215715734 0.7751276491266359 0.7751276491266359 
23 427 11 0.7559147476058696 0.7751276491266359 0.7751276491266359 
24 441 16 0.7494480798908857 0.7751276491266359 0.7751276491266359 
25 261 10 0.7591055833189099 0.7751276491266359 0.7751276491266359 
26 406 12 0.7504992969481967 0.7751276491266359 0.7751276491266359 
27 345 13 0.7529997052390798 0.7751276491266359 0.7751276491266359 
28 447 12 0.7503368947863612 0.7751276491266359 0.7751276491266359 
29 425 12 0.7502870088473642 0.7751276491266359 0.7751276491266359
0 2918 97 0.45564533615301733 0.5466784777440643 0.5466784777440643 
1 489 35 0.47303048786291496 0.5466784777440643 0.5466784777440643 
2 378 23 0.48602813712199755 0.563274920521317 0.563274920521317 
3 292 22 0.49707402951316326 0.5696663064000245 0.5696663064000245 
4 472 22 0.5068000872624404 0.6380479791866773 0.6380479791866773 
5 463 23 0.5188145456649285 0.6431107848912241 0.6431107848912241 
6 637 22 0.5321372186271828 0.6511058262021745 0.6511058262021745 
7 451 24 0.5472366854416051 0.6760606745945229 0.6760606745945229 
8 345 19 0.5676491165924052 0.7390815079278562 0.7390815079278562 
9 415 15 0.5883043520105664 0.7486222319476581 0.7486222319476581 
10 535 20 0.6025236193478135 0.7390815079278562 0.7486222319476581 
11 430 13 0.6279922166505877 0.7462490620357635 0.7486222319476581 
12 296 13 0.646398287297108 0.7462490620357635 0.7486222319476581 
13 479 17 0.6542363174728331 0.7739423646637129 0.7739423646637129 
14 218 13 0.6751560506168047 0.7743969558086573 0.7743969558086573 
15 483 15 0.6866555230694712 0.7743969558086573 0.7743969558086573 
16 626 19 0.6946631895700893 0.7743969558086573 0.7743969558086573 
17 453 13 0.712218201510795 0.7743969558086573 0.7743969558086573 
18 320 15 0.7272844025599865 0.7743969558086573 0.7743969558086573 
19 534 20 0.7327932487396105 0.7743969558086573 0.7743969558086573 
20 448 17 0.7450959328027174 0.7743969558086573 0.7743969558086573 
21 403 15 0.7457818186492444 0.7743969558086573 0.7743969558086573 
22 217 11 0.7586213665288952 0.7743969558086573 0.7743969558086573 
23 521 18 0.7462636455095842 0.7743969558086573 0.7743969558086573 
24 608 17 0.7436933879198528 0.7743969558086573 0.7743969558086573 
25 311 17 0.7517911865452743 0.7743969558086573 0.7743969558086573 
26 461 18 0.7486261756434529 0.7743969558086573 0.7743969558086573 
27 377 17 0.7476254765479871 0.7743969558086573 0.7743969558086573 
28 173 14 0.760771160009312 0.7743969558086573 0.7743969558086573 
29 331 13 0.7585634145196793 0.7743969558086573 0.7743969558086573
0 2424 99 0.4558299867879525 0.5453536482322905 0.5453536482322905 
1 438 29 0.4717699958508254 0.5383194560619163 0.5453536482322905 
2 454 21 0.48079544857520107 0.5668669404604987 0.5668669404604987 
3 467 18 0.4930879217313421 0.5693574429810615 0.5693574429810615 
4 354 20 0.5032566686216434 0.5798143019028316 0.5798143019028316 
5 414 24 0.5139917209446875 0.5875727996807704 0.5875727996807704 
6 203 20 0.5282581080745853 0.5955215345941798 0.5955215345941798 
7 370 17 0.5413886523539194 0.6236268735627318 0.6236268735627318 
8 643 23 0.5490431902788543 0.6754925095739421 0.6754925095739421 
9 289 13 0.5686860583876401 0.679839553348743 0.679839553348743 
10 453 14 0.5752612594200053 0.7067402134525281 0.7067402134525281 
11 349 13 0.5929815933545411 0.7167553698976084 0.7167553698976084 
12 322 11 0.6117165435417352 0.7458666322049025 0.7458666322049025 
13 415 11 0.6228946981398146 0.7458666322049025 0.7458666322049025 
14 408 9 0.6390699213314499 0.7458666322049025 0.7458666322049025 
15 446 16 0.6571587418819819 0.7458666322049025 0.7458666322049025 
16 378 8 0.6754803842795848 0.7458666322049025 0.7458666322049025 
17 223 9 0.6940925275005054 0.8118556785395836 0.8118556785395836 
18 451 8 0.6948066524120248 0.8118556785395836 0.8118556785395836 
19 408 8 0.7090314285409134 0.8118556785395836 0.8118556785395836 
20 156 8 0.7275110332994207 0.8118556785395836 0.8118556785395836 
21 459 9 0.7273087963534535 0.8118556785395836 0.8118556785395836 
22 408 9 0.7307825228019262 0.8118556785395836 0.8118556785395836 
23 681 14 0.7302646618736983 0.8118556785395836 0.8118556785395836 
24 404 13 0.7427640819155635 0.8118556785395836 0.8118556785395836 
25 505 11 0.7586441446971905 0.8118556785395836 0.8118556785395836 
26 232 7 0.7781634361505653 0.8118556785395836 0.8118556785395836 
27 211 4 0.7973685499837179 0.8118556785395836 0.8118556785395836 
28 399 5 0.7888023869771343 0.8118556785395836 0.8118556785395836 
29 357 5 0.791218713275207 0.8118556785395836 0.8118556785395836
0 2583 101 0.4536194647983233 0.5316968747028372 0.5316968747028372 
1 644 33 0.4714347349278556 0.5435803010292299 0.5435803010292299 
2 491 28 0.4816072889690114 0.6081273501654323 0.6081273501654323 
3 497 22 0.4951465932912382 0.5926509461737584 0.6081273501654323 
4 334 23 0.5078971272683962 0.5926509461737584 0.6081273501654323 
5 479 23 0.5201721049457914 0.6309487722584849 0.6309487722584849 
6 437 19 0.5372854525125679 0.6581628697553874 0.6581628697553874 
7 325 21 0.5540640000179395 0.6654258570919299 0.6654258570919299 
8 435 19 0.5737559146186975 0.7224475677637908 0.7224475677637908 
9 377 21 0.585991486658354 0.7224475677637908 0.7224475677637908 
10 512 20 0.602627419130085 0.7360727126291959 0.7360727126291959 
11 375 19 0.6252765643280133 0.7600149667537847 0.7600149667537847 
12 357 17 0.6540197709984404 0.7652666783496559 0.7652666783496559 
13 452 22 0.6734687004827579 0.7784830345208074 0.7784830345208074 
14 543 18 0.687688450175773 0.7784830345208074 0.7784830345208074 
15 302 17 0.7103874488310099 0.7886435228624133 0.7886435228624133 
16 557 19 0.7202938298395597 0.7886435228624133 0.7886435228624133 
17 500 18 0.730680429601313 0.7886435228624133 0.7886435228624133 
18 311 17 0.7435748505015848 0.7886435228624133 0.7886435228624133 
19 288 18 0.7479093805245488 0.7886435228624133 0.7886435228624133 
20 212 16 0.7528690521465562 0.7886435228624133 0.7886435228624133 
21 436 17 0.7586249246487601 0.7886435228624133 0.7886435228624133 
22 404 17 0.7571809724793707 0.7886435228624133 0.7886435228624133 
23 552 24 0.7524192091679538 0.7886435228624133 0.7886435228624133 
24 490 21 0.7606728207174597 0.7886435228624133 0.7886435228624133 
25 258 13 0.7732596442960045 0.7886435228624133 0.7886435228624133 
26 219 14 0.7752508535331528 0.7886435228624133 0.7886435228624133 
27 300 18 0.7699890099910482 0.7886435228624133 0.7886435228624133 
28 327 16 0.769355222836722 0.7886435228624133 0.7886435228624133 
29 455 15 0.7674039172906987 0.7886435228624133 0.7886435228624133 
0 2389 89 0.4537874032629648 0.5346571012449852 0.5346571012449852 
1 422 29 0.47096901137333846 0.5352042392921232 0.5352042392921232 
2 322 25 0.48195278493184013 0.5441601236413453 0.5441601236413453 
3 261 19 0.49499006350831626 0.6168731774676961 0.6168731774676961 
4 347 25 0.5039031068278144 0.6168731774676961 0.6168731774676961 
5 361 19 0.5141490374965414 0.6341668606702969 0.6341668606702969 
6 290 17 0.5324545257962886 0.6341668606702969 0.6341668606702969 
7 503 20 0.5446300349849594 0.6713390882993837 0.6713390882993837 
8 252 18 0.5669486218058744 0.7316543955811468 0.7316543955811468 
9 452 21 0.5889795521289483 0.7316543955811468 0.7316543955811468 
10 448 20 0.604081120613435 0.751361971978685 0.751361971978685 
11 282 17 0.6255841789304228 0.7652393816788436 0.7652393816788436 
12 679 23 0.6413987631101751 0.7652393816788436 0.7652393816788436 
13 513 18 0.6615948876764971 0.7652393816788436 0.7652393816788436 
14 295 19 0.6801287443896902 0.7652393816788436 0.7652393816788436 
15 418 17 0.6999442186684484 0.7652393816788436 0.7652393816788436 
16 563 20 0.7126746079717259 0.7652393816788436 0.7652393816788436 
17 215 15 0.7389063874581184 0.7652393816788436 0.7652393816788436 
18 622 19 0.7305180347446616 0.7652393816788436 0.7652393816788436 
19 345 19 0.7410174322850247 0.7652393816788436 0.7652393816788436 
20 358 16 0.7461880765999613 0.7652393816788436 0.7652393816788436 
21 363 17 0.7483893415246353 0.7652393816788436 0.7652393816788436 
22 273 13 0.754020449879791 0.7652393816788436 0.7652393816788436 
23 343 18 0.743052859244199 0.7652393816788436 0.7652393816788436 
24 321 15 0.7438123292419206 0.7652393816788436 0.7652393816788436 
25 270 20 0.7492713708913428 0.7652393816788436 0.7652393816788436 
26 491 17 0.738134984315593 0.7652393816788436 0.7652393816788436 
27 224 16 0.7470929749500833 0.7652393816788436 0.7652393816788436 
28 391 17 0.7419513511445655 0.7652393816788436 0.7652393816788436 
29 153 16 0.75340911735934 0.7652393816788436 0.7652393816788436
0 2434 90 0.45608686429946027 0.5556740142575066 0.5556740142575066 
1 582 33 0.47298512158833217 0.5697553903393877 0.5697553903393877 
2 367 21 0.4833568305803036 0.5697553903393877 0.5697553903393877 
3 200 21 0.4931329645442459 0.6063573819513723 0.6063573819513723 
4 356 19 0.5040535594759222 0.6553297304338169 0.6553297304338169 
5 395 25 0.5126760305884686 0.6828543139851863 0.6828543139851863 
6 336 19 0.5249426202760054 0.6828543139851863 0.6828543139851863 
7 456 19 0.5417078718026663 0.6828543139851863 0.6828543139851863 
8 461 26 0.5559722275468689 0.7153644254015477 0.7153644254015477 
9 482 20 0.572601212524047 0.6918988717134509 0.7153644254015477 
10 185 15 0.5953711755274522 0.7224431644300368 0.7224431644300368 
11 277 16 0.6107520492996666 0.7493225679534402 0.7493225679534402 
12 180 17 0.6328773309370452 0.7219616476237699 0.7493225679534402 
13 367 15 0.6416428120812142 0.7496875630773054 0.7496875630773054 
14 391 16 0.6568093598918716 0.8052421021729208 0.8052421021729208 
15 507 20 0.6667363435328242 0.8052421021729208 0.8052421021729208 
16 412 15 0.6832652015252192 0.8052421021729208 0.8052421021729208 
17 417 19 0.7059221324232163 0.8052421021729208 0.8052421021729208 
18 273 15 0.7237183280656128 0.8800877811852665 0.8800877811852665 
19 478 11 0.7420129682949554 0.8800877811852665 0.8800877811852665 
20 394 12 0.7533196691444859 0.8800877811852665 0.8800877811852665 
21 317 8 0.7701848561604918 0.8800877811852665 0.8800877811852665 
22 225 6 0.799612641761682 0.8800877811852665 0.8800877811852665 
23 362 8 0.8094796044469225 0.8800877811852665 0.8800877811852665 
24 307 7 0.8311983996621968 0.8800877811852665 0.8800877811852665 
25 221 4 0.8474111156271563 0.8800877811852665 0.8800877811852665 
26 442 6 0.8489770632130876 0.8800877811852665 0.8800877811852665 
27 245 12 0.8597686533843667 0.8800877811852665 0.8800877811852665 
28 317 5 0.8643288663537327 0.8800877811852665 0.8800877811852665 
29 279 7 0.8575878877679561 0.8800877811852665 0.8800877811852665
0 2854 106 0.45333574694482087 0.5221436127940059 0.5221436127940059 
1 633 30 0.47081325171866906 0.5414000601794546 0.5414000601794546 
2 431 21 0.48307600635784725 0.5669870368463596 0.5669870368463596 
3 298 21 0.4960215413610524 0.5734815614366991 0.5734815614366991 
4 469 19 0.510134234342771 0.6160257305225592 0.6160257305225592 
5 213 17 0.5255272667162223 0.6080182432181969 0.6160257305225592 
6 355 13 0.5394607679456445 0.6535999486156078 0.6535999486156078 
7 571 14 0.557746756443827 0.6730118555908277 0.6730118555908277 
8 503 15 0.5765796752544198 0.735153153488649 0.735153153488649 
9 352 12 0.5967852222863133 0.735153153488649 0.735153153488649 
10 371 16 0.6086407360001513 0.735153153488649 0.735153153488649 
11 228 11 0.6316312008946057 0.7587285006121415 0.7587285006121415 
12 418 16 0.6409391369491114 0.7613580898574951 0.7613580898574951 
13 439 13 0.6550732680859531 0.7620393789933511 0.7620393789933511 
14 240 11 0.6845354002924438 0.7777321954835578 0.7777321954835578 
15 598 12 0.6914741025619684 0.7777321954835578 0.7777321954835578 
16 525 12 0.7142888084585123 0.7777321954835578 0.7777321954835578 
17 349 11 0.7277455098493175 0.78001946848305 0.78001946848305 
18 414 12 0.7435038884322307 0.78001946848305 0.78001946848305 
19 662 13 0.7391093018018665 0.78001946848305 0.78001946848305 
20 428 13 0.7496830560254516 0.78001946848305 0.78001946848305 
21 266 13 0.7565229127963611 0.78001946848305 0.78001946848305 
22 345 14 0.7568947190115444 0.78001946848305 0.78001946848305 
23 455 12 0.7616902426308907 0.78001946848305 0.78001946848305 
24 300 13 0.7621548378102596 0.78001946848305 0.78001946848305 
25 372 13 0.7608643705551195 0.78001946848305 0.78001946848305 
26 486 16 0.7552799791492428 0.78001946848305 0.78001946848305 
27 528 12 0.7584587016466925 0.78001946848305 0.78001946848305 
28 472 12 0.7616070552309355 0.78001946848305 0.78001946848305 
29 441 13 0.7609292358856605 0.78001946848305 0.78001946848305 
0 2678 92 0.4556622377610187 0.541441490514759 0.541441490514759 
1 620 34 0.4721155999189049 0.541441490514759 0.541441490514759 
2 454 21 0.4857728412314401 0.5465948702027277 0.5465948702027277 
3 707 24 0.4957135703965932 0.5777775893353784 0.5777775893353784 
4 385 18 0.5092482192475957 0.6080752378601442 0.6080752378601442 
5 338 17 0.522332336075777 0.5926104115421322 0.6080752378601442 
6 501 19 0.5362321818510672 0.6427137777977885 0.6427137777977885 
7 306 16 0.5519192787813284 0.7067402134525281 0.7067402134525281 
8 539 22 0.56326030925851 0.7067402134525281 0.7067402134525281 
9 275 15 0.5801511062294752 0.7067402134525281 0.7067402134525281 
10 336 17 0.6007741834457251 0.7067402134525281 0.7067402134525281 
11 571 16 0.6152394767835416 0.7167553698976084 0.7167553698976084 
12 525 15 0.6340732671816462 0.7167553698976084 0.7167553698976084 
13 221 11 0.6607861312540699 0.7235454933543984 0.7235454933543984 
14 438 10 0.6723524587824521 0.7235454933543986 0.7235454933543986 
15 322 9 0.6907904310851901 0.7400964192803244 0.7400964192803244 
16 626 12 0.6834810789903432 0.7400964192803244 0.7400964192803244 
17 467 10 0.6907585958738841 0.7419482711321763 0.7419482711321763 
18 363 11 0.7038757172303178 0.8118556785395836 0.8118556785395836 
19 309 5 0.7155762180583498 0.8118556785395836 0.8118556785395836 
20 326 4 0.7249896027483241 0.8118556785395836 0.8118556785395836 
21 177 4 0.7352129127435615 0.8118556785395836 0.8118556785395836 
22 360 6 0.7305443624278337 0.8118556785395836 0.8118556785395836 
23 404 8 0.7475059123445409 0.8118556785395836 0.8118556785395836 
24 429 6 0.7522956845799537 0.8118556785395836 0.8118556785395836 
25 392 8 0.7700437117881843 0.8118556785395836 0.8118556785395836 
26 449 11 0.7730663953212796 0.8118556785395836 0.8118556785395836 
27 390 7 0.7795480639380624 0.8118556785395836 0.8118556785395836 
28 285 6 0.7913134886578496 0.8118556785395836 0.8118556785395836 
29 295 11 0.7963017445850907 0.8118556785395836 0.8118556785395836