0 2579 98 0.4501353438436654 0.5453536482322905 0.5453536482322905 
1 638 27 0.46912465598954634 0.5602784080257337 0.5602784080257337 
2 326 23 0.48278166033471265 0.5602784080257337 0.5602784080257337 
3 265 20 0.4945149130009476 0.5602784080257337 0.5602784080257337 
4 546 20 0.5047012717026277 0.634175068781505 0.634175068781505 
5 305 18 0.5175146230716193 0.6485729320915703 0.6485729320915703 
6 518 22 0.5270099581696323 0.634175068781505 0.6485729320915703 
7 370 21 0.5399064289149926 0.6525924649260926 0.6525924649260926 
8 357 22 0.5519185484649715 0.6855327649044575 0.6855327649044575 
9 361 18 0.5652405909918194 0.6647459459033528 0.6855327649044575 
10 131 18 0.5839627359986528 0.6647459459033528 0.6855327649044575 
11 385 21 0.6023354677738846 0.7122089112695198 0.7122089112695198 
12 331 20 0.6175072121026719 0.7219174588086186 0.7219174588086186 
13 451 26 0.6297114509085034 0.7558644066700636 0.7558644066700636 
14 437 22 0.6497563320637236 0.7558644066700636 0.7558644066700636 
15 279 21 0.6766192631184943 0.7558644066700636 0.7558644066700636 
16 426 18 0.6896558207557228 0.7563524451368595 0.7563524451368595 
17 240 16 0.711384663842482 0.7563524451368595 0.7563524451368595 
18 215 17 0.7230700979376037 0.7563524451368595 0.7563524451368595 
19 419 21 0.7280785716681976 0.7594645071148176 0.7594645071148176 
20 393 19 0.7357759341133621 0.7594645071148176 0.7594645071148176 
21 355 23 0.7415749165510406 0.7594645071148176 0.7594645071148176 
22 464 22 0.7402419635749174 0.7594645071148176 0.7594645071148176 
23 341 29 0.7390383108120321 0.7594645071148176 0.7594645071148176 
24 241 24 0.7404519668960099 0.7594645071148176 0.7594645071148176 
25 524 28 0.7332171550867246 0.7594645071148176 0.7594645071148176 
26 222 22 0.7455501470965729 0.7594645071148176 0.7594645071148176 
27 594 28 0.7271448192049773 0.7594645071148176 0.7594645071148176 
28 136 23 0.7496532613374539 0.7594645071148176 0.7594645071148176 
29 497 30 0.7364363066785593 0.7594645071148176 0.7594645071148176 
0 3154 104 0.453700442341732 0.5380253490068095 0.5380253490068095 
1 630 28 0.4713515911043232 0.5555211741461649 0.5555211741461649 
2 756 25 0.4808791795327615 0.569916330659199 0.569916330659199 
3 329 21 0.49271387993165766 0.560692478144761 0.569916330659199 
4 340 19 0.5035909220956942 0.609621381735344 0.609621381735344 
5 422 20 0.5131453104087192 0.615139028244461 0.615139028244461 
6 391 15 0.529171733067935 0.6289685634165101 0.6289685634165101 
7 547 18 0.5398824488419453 0.6600897700455293 0.6600897700455293 
8 283 13 0.5611427222742684 0.679839553348743 0.679839553348743 
9 572 18 0.574277574177355 0.7284057422677515 0.7284057422677515 
10 237 11 0.6018753522934602 0.7284057422677515 0.7284057422677515 
11 388 13 0.6161424578239046 0.7284057422677515 0.7284057422677515 
12 661 13 0.6216361528782307 0.7410067224065371 0.7410067224065371 
13 365 13 0.6439885013920721 0.7620136668509816 0.7620136668509816 
14 453 9 0.6607680818588817 0.7611839016084108 0.7620136668509816 
15 451 12 0.6673535770780759 0.7611839016084108 0.7620136668509816 
16 368 8 0.6865470506273639 0.7978501867121959 0.7978501867121959 
17 272 7 0.7025534661163068 0.7978501867121959 0.7978501867121959 
18 511 11 0.7050273743211964 0.8118556785395836 0.8118556785395836 
19 521 12 0.7119944120483537 0.8118556785395836 0.8118556785395836 
20 745 15 0.7131247677646841 0.8118556785395836 0.8118556785395836 
21 591 10 0.732876321109938 0.8118556785395836 0.8118556785395836 
22 353 7 0.7553436507151342 0.8118556785395836 0.8118556785395836 
23 427 9 0.7610863113595903 0.8118556785395836 0.8118556785395836 
24 420 9 0.7743622653998398 0.8118556785395836 0.8118556785395836 
25 594 10 0.7663087851719053 0.8118556785395836 0.8118556785395836 
26 486 7 0.7756052872695344 0.8118556785395836 0.8118556785395836 
27 597 9 0.7730185859272412 0.8118556785395836 0.8118556785395836 
28 308 7 0.7918319005944635 0.8118556785395836 0.8118556785395836 
29 248 8 0.7964789582752327 0.8118556785395836 0.8118556785395836 
0 3244 142 0.45028705018477055 0.5089233331976086 0.5089233331976086 
1 574 42 0.4657060778315138 0.516962895517514 0.516962895517514 
2 621 28 0.47895641537317024 0.542068765140392 0.542068765140392 
3 762 26 0.4862505680355642 0.5360669694432245 0.542068765140392 
4 557 21 0.49405704275296364 0.5654482155592694 0.5654482155592694 
5 476 21 0.5027912059062182 0.5966552174693963 0.5966552174693963 
6 292 21 0.5142691165493235 0.5966552174693963 0.5966552174693963 
7 596 22 0.526214182490078 0.6319312078931711 0.6319312078931711 
8 398 18 0.5437352658968144 0.6588833923322808 0.6588833923322808 
9 576 24 0.556231637231106 0.6639928826082236 0.6639928826082236 
10 604 24 0.5759979525650952 0.7180522332132059 0.7180522332132059 
11 419 22 0.595711209592188 0.7190638254379296 0.7190638254379296 
12 346 18 0.6156818803963682 0.7576614587581512 0.7576614587581512 
13 524 23 0.6298509418201279 0.7584621816215192 0.7584621816215192 
14 825 29 0.6406850239777853 0.7576614587581512 0.7584621816215192 
15 662 27 0.6585342637363535 0.7606762871741178 0.7606762871741178 
16 759 32 0.6792896957755573 0.7879596406206133 0.7879596406206133 
17 229 17 0.7090347640292588 0.7879596406206133 0.7879596406206133 
18 456 21 0.7199865483745538 0.7879596406206133 0.7879596406206133 
19 307 19 0.729683571974207 0.7879596406206133 0.7879596406206133 
20 417 21 0.7391897496574477 0.7879596406206133 0.7879596406206133 
21 593 20 0.7389891709077798 0.7879596406206133 0.7879596406206133 
22 501 16 0.7485601695187334 0.8118556785395836 0.8118556785395836 
23 584 17 0.7501532225709362 0.8118556785395836 0.8118556785395836 
24 764 16 0.7553569215723698 0.8118556785395836 0.8118556785395836 
25 381 11 0.7695991354459342 0.8118556785395836 0.8118556785395836 
26 570 9 0.7725671698679909 0.8118556785395836 0.8118556785395836 
27 373 18 0.7754198156844584 0.8118556785395836 0.8118556785395836 
28 737 8 0.7828135757518594 0.8118556785395836 0.8118556785395836 
29 455 12 0.7836132871253609 0.8118556785395836 0.8118556785395836 
0 2716 123 0.4526653242197673 0.5453536482322905 0.5453536482322905 
1 635 45 0.4664968352528139 0.5800715118843955 0.5800715118843955 
2 533 25 0.4807533503001171 0.5901203926092471 0.5901203926092471 
3 449 19 0.49146890925445497 0.5901203926092471 0.5901203926092471 
4 686 23 0.5015143780024668 0.6184635548798992 0.6184635548798992 
5 393 16 0.5139949722173605 0.6301344831813733 0.6301344831813733 
6 296 15 0.5288625752220873 0.6754027565746468 0.6754027565746468 
7 509 13 0.5442485939420506 0.7056960276673759 0.7056960276673759 
8 617 18 0.551705716676602 0.7056960276673759 0.7056960276673759 
9 552 13 0.5752644941688423 0.7037805820019303 0.7056960276673759 
10 296 13 0.5925062315116602 0.7037805820019303 0.7056960276673759 
11 286 14 0.6138254220942561 0.7700574794977572 0.7700574794977572 
12 450 14 0.6349379373749414 0.7739423646637129 0.7739423646637129 
13 472 15 0.6529409216630429 0.7739423646637129 0.7739423646637129 
14 391 12 0.6764981836630529 0.7739423646637129 0.7739423646637129 
15 315 11 0.7040558969887708 0.7739423646637129 0.7739423646637129 
16 403 13 0.7122804937855757 0.7739423646637129 0.7739423646637129 
17 583 12 0.7236194434127691 0.7739423646637129 0.7739423646637129 
18 357 11 0.7402913306562064 0.7739423646637129 0.7739423646637129 
19 324 12 0.7474812816379715 0.7739423646637129 0.7739423646637129 
20 376 13 0.7418991219369198 0.7739423646637129 0.7739423646637129 
21 521 12 0.747415480525297 0.7739423646637129 0.7739423646637129 
22 367 13 0.7500248448275394 0.7739423646637129 0.7739423646637129 
23 411 12 0.7466028636227869 0.7739423646637129 0.7739423646637129 
24 771 16 0.7331227026787763 0.7739423646637129 0.7739423646637129 
25 439 14 0.743447448380965 0.7739423646637129 0.7739423646637129 
26 277 10 0.7583275241074587 0.7739423646637129 0.7739423646637129 
27 399 14 0.7499607809589535 0.7739423646637129 0.7739423646637129 
28 265 10 0.7578776114976413 0.7739423646637129 0.7739423646637129 
29 325 12 0.7523677537163788 0.7739423646637129 0.7739423646637129 
0 2850 105 0.45206645031856363 0.5125816399131718 0.5125816399131718 
1 582 36 0.46946396779621447 0.5642247435069346 0.5642247435069346 
2 336 25 0.48259189368939476 0.566937886845078 0.566937886845078 
3 530 26 0.4943766248052973 0.6024316192522541 0.6024316192522541 
4 529 26 0.5091244264170863 0.6123206885163233 0.6123206885163233 
5 412 22 0.518976436593601 0.6123206885163233 0.6123206885163233 
6 353 21 0.5337884595851593 0.6385295905162642 0.6385295905162642 
7 433 24 0.5461854756402064 0.6450486645022439 0.6450486645022439 
8 499 24 0.5582767526498082 0.6895880740718532 0.6895880740718532 
9 382 23 0.5776834090247627 0.6895880740718532 0.6895880740718532 
10 352 19 0.5963373752366502 0.6914019514350861 0.6914019514350861 
11 379 19 0.6119116565965715 0.6937714758875347 0.6937714758875347 
12 410 18 0.6322331844006308 0.757864526668206 0.757864526668206 
13 281 19 0.6470516664240081 0.7589218018135577 0.7589218018135577 
14 626 22 0.6599738670152159 0.7584648086579794 0.7589218018135577 
15 575 27 0.6695828413150104 0.7601682598103865 0.7601682598103865 
16 478 21 0.6868993704707305 0.7590462729819225 0.7601682598103865 
17 349 18 0.7124140652459652 0.7621028281022888 0.7621028281022888 
18 354 15 0.7314687353702662 0.7621028281022888 0.7621028281022888 
19 345 18 0.7335963141770054 0.7621028281022888 0.7621028281022888 
20 298 14 0.7406316235379227 0.7621028281022888 0.7621028281022888 
21 431 16 0.7370571272716733 0.7636066641033292 0.7636066641033292 
22 573 20 0.7340086619547654 0.7646906068867431 0.7646906068867431 
23 520 15 0.7350904993688875 0.7659499142897115 0.7659499142897115 
24 453 18 0.739430002628515 0.7659499142897115 0.7659499142897115 
25 358 14 0.7428131754934946 0.7659499142897115 0.7659499142897115 
26 296 15 0.7454179843334883 0.7659499142897115 0.7659499142897115 
27 522 19 0.739779434216857 0.7659499142897115 0.7659499142897115 
28 319 15 0.7413343055970905 0.7659499142897115 0.7659499142897115 
29 191 14 0.7501030363219598 0.7659499142897115 0.7659499142897115 
0 2973 97 0.45625971898694906 0.5393095091082674 0.5393095091082674 
1 782 32 0.4717199096266189 0.571765119167315 0.571765119167315 
2 399 22 0.48487256123922146 0.5407120782492052 0.571765119167315 
3 404 21 0.4960089505763353 0.5472225071347766 0.571765119167315 
4 536 22 0.5071839964332796 0.5889095909832293 0.5889095909832293 
5 415 24 0.5190521926742564 0.641317928481411 0.641317928481411 
6 342 19 0.5322400487882344 0.6453667063903378 0.6453667063903378 
7 383 20 0.5445635859361462 0.6703667063903378 0.6703667063903378 
8 395 21 0.5563403914903352 0.6535170142012741 0.6703667063903378 
9 324 19 0.5713179428530551 0.6871707084030617 0.6871707084030617 
10 442 20 0.5881635255748825 0.6835836492273566 0.6871707084030617 
11 549 17 0.6053004188396965 0.7288310441839263 0.7288310441839263 
12 209 16 0.6265752359638239 0.7518525474160701 0.7518525474160701 
13 334 21 0.6434477042047948 0.7520121301237259 0.7520121301237259 
14 299 17 0.6621877355062459 0.7561919645135966 0.7561919645135966 
15 335 17 0.6782450769514774 0.7530672355301203 0.7561919645135966 
16 560 16 0.7002101938549241 0.7613008035053367 0.7613008035053367 
17 446 18 0.7092890198685626 0.7613008035053367 0.7613008035053367 
18 628 18 0.7194241026110875 0.7613008035053367 0.7613008035053367 
19 426 20 0.7253723469581149 0.7613008035053367 0.7613008035053367 
20 270 17 0.7363536983390455 0.7620434150300386 0.7620434150300386 
21 436 20 0.7376169850285709 0.7659440691441572 0.7659440691441572 
22 484 21 0.7342484936309086 0.7659440691441572 0.7659440691441572 
23 348 17 0.7352126850550428 0.7659440691441572 0.7659440691441572 
24 277 20 0.7435398355057456 0.7659440691441572 0.7659440691441572 
25 597 20 0.7395793416724772 0.7659440691441572 0.7659440691441572 
26 360 16 0.7454209327171222 0.7659440691441572 0.7659440691441572 
27 458 18 0.7414307669516915 0.7659440691441572 0.7659440691441572 
28 397 21 0.745068571814186 0.7659440691441572 0.7659440691441572 
29 236 16 0.7538320953977324 0.7659440691441572 0.7659440691441572 
0 2749 95 0.4562352329257059 0.5112971529958479 0.5112971529958479 
1 1053 29 0.4703070357587888 0.562498939856071 0.562498939856071 
2 475 21 0.48404260392390036 0.5599155054096902 0.562498939856071 
3 285 22 0.49415421300017776 0.6051928856629891 0.6051928856629891 
4 208 18 0.5058804580870582 0.5915562331563828 0.6051928856629891 
5 510 24 0.515740233866574 0.5915562331563828 0.6051928856629891 
6 395 20 0.5284877183973827 0.627616269328419 0.627616269328419 
7 337 26 0.5417531568294678 0.6353463948699579 0.6353463948699579 
8 350 22 0.5548145317095208 0.6591482874218505 0.6591482874218505 
9 511 24 0.5597585196204329 0.6847186563230262 0.6847186563230262 
10 258 23 0.577206459828027 0.6840466202621758 0.6847186563230262 
11 418 22 0.5860608056811918 0.6830369855292986 0.6847186563230262 
12 460 19 0.601319853336875 0.7235176649613322 0.7235176649613322 
13 365 17 0.6160064870788013 0.7490092077515208 0.7490092077515208 
14 357 18 0.6341839846809133 0.758378521697189 0.758378521697189 
15 426 15 0.6521723485369211 0.758378521697189 0.758378521697189 
16 463 20 0.6669022982985957 0.758378521697189 0.758378521697189 
17 738 19 0.6765268518914875 0.758378521697189 0.758378521697189 
18 458 14 0.6968029676696478 0.7625414883803422 0.7625414883803422 
19 210 14 0.7177621140113654 0.7625414883803422 0.7625414883803422 
20 379 20 0.7221442035186793 0.7625414883803422 0.7625414883803422 
21 544 20 0.726302113163148 0.7625414883803422 0.7625414883803422 
22 355 16 0.7401572665942048 0.7625414883803422 0.7625414883803422 
23 524 18 0.7364415933039753 0.7625414883803422 0.7625414883803422 
24 463 13 0.7387611431019581 0.7625414883803422 0.7625414883803422 
25 411 13 0.7395659000695198 0.7625414883803422 0.7625414883803422 
26 510 12 0.7433551129459631 0.7625414883803422 0.7625414883803422 
27 376 13 0.7406930369290486 0.7625414883803422 0.7625414883803422 
28 392 11 0.7445401049367958 0.7625414883803422 0.7625414883803422 
29 496 15 0.7425878744836598 0.7625414883803422 0.7625414883803422 
0 3018 118 0.44976495583756965 0.5334705524955603 0.5334705524955603 
1 790 34 0.47067765855713567 0.5831140710067866 0.5831140710067866 
2 506 26 0.48252414534846516 0.5966994147483 0.5966994147483 
3 477 21 0.4956250882412152 0.5908117069789662 0.5966994147483 
4 599 25 0.5046733600737139 0.6094319061637483 0.6094319061637483 
5 504 20 0.5200871505059598 0.6133585965162237 0.6133585965162237 
6 284 21 0.5358608016562312 0.6571236205546853 0.6571236205546853 
7 512 16 0.5510842770788347 0.7209991970581022 0.7209991970581022 
8 442 15 0.5701391547686072 0.7092865097488245 0.7209991970581022 
9 319 18 0.5874061986005273 0.7209991970581022 0.7209991970581022 
10 413 16 0.6098673843117893 0.7209991970581022 0.7209991970581022 
11 437 14 0.6277240163894655 0.7209991970581022 0.7209991970581022 
12 317 12 0.6446336813339011 0.7400964192803244 0.7400964192803244 
13 518 14 0.6617386049821995 0.7400964192803244 0.7400964192803244 
14 492 12 0.6708198459469983 0.7400964192803244 0.7400964192803244 
15 410 12 0.6851215900198387 0.7419482711321762 0.7419482711321762 
16 260 8 0.7018009809316044 0.7419482711321762 0.7419482711321762 
17 351 9 0.7038224940001503 0.7419482711321762 0.7419482711321762 
18 317 11 0.7192293627077596 0.8118556785395836 0.8118556785395836 
19 333 7 0.7231423937137842 0.7882445674284726 0.8118556785395836 
20 362 5 0.7265986840642468 0.8118556785395836 0.8118556785395836 
21 599 18 0.7123395400033136 0.8118556785395836 0.8118556785395836 
22 570 11 0.7172297151943525 0.8118556785395836 0.8118556785395836 
23 629 8 0.7320235156914553 0.8118556785395836 0.8118556785395836 
24 378 7 0.7541900043756012 0.8118556785395836 0.8118556785395836 
25 388 7 0.7680591467804543 0.8118556785395836 0.8118556785395836 
26 454 13 0.7726186844868574 0.8118556785395836 0.8118556785395836 
27 296 6 0.7894306493794276 0.8118556785395836 0.8118556785395836 
28 408 6 0.7862680200992047 0.8118556785395836 0.8118556785395836 
29 322 10 0.7896999741708487 0.8118556785395836 0.8118556785395836 
0 2836 95 0.4561437159049372 0.5503331679116341 0.5503331679116341 
1 690 29 0.47594533510393205 0.5343963599694914 0.5503331679116341 
2 606 23 0.4872825216427891 0.5587174848327784 0.5587174848327784 
3 599 18 0.4997154511773531 0.5689343666215996 0.5689343666215996 
4 536 23 0.5077460722690241 0.5935111551739959 0.5935111551739959 
5 430 18 0.5209508252194868 0.6310366902831275 0.6310366902831275 
6 546 19 0.5319573716507301 0.6748808870947652 0.6748808870947652 
7 527 19 0.5428749693949362 0.6748808870947652 0.6748808870947652 
8 328 17 0.5633213344047765 0.7161954752843535 0.7161954752843535 
9 438 19 0.5820859705826865 0.7474959560311933 0.7474959560311933 
10 470 21 0.5981911487144346 0.7476172033748237 0.7476172033748237 
11 366 18 0.618461777899051 0.7508122796033363 0.7508122796033363 
12 314 20 0.6393907188829911 0.7516166987333066 0.7516166987333066 
13 362 20 0.6577221402914701 0.7537723408678136 0.7537723408678136 
14 816 22 0.6664935441302702 0.7695605327246058 0.7695605327246058 
15 157 21 0.6947360658658326 0.7554618085434099 0.7695605327246058 
16 296 16 0.7096741693666531 0.7554078931571219 0.7695605327246058 
17 217 14 0.7262591640863291 0.7554078931571219 0.7695605327246058 
18 276 17 0.7273121869935284 0.7554844579543692 0.7695605327246058 
19 316 15 0.7349190862001146 0.770228306127507 0.770228306127507 
20 417 21 0.7306592873658491 0.770228306127507 0.770228306127507 
21 377 20 0.7414126740524929 0.770228306127507 0.770228306127507 
22 480 23 0.7338120558428569 0.770228306127507 0.770228306127507 
23 400 19 0.7464264257397767 0.770228306127507 0.770228306127507 
24 455 24 0.7444715255362592 0.770228306127507 0.770228306127507 
25 508 24 0.7390645081310996 0.770228306127507 0.770228306127507 
26 717 26 0.7295634001167767 0.770228306127507 0.770228306127507 
27 349 25 0.7466612543667915 0.770228306127507 0.770228306127507 
28 281 22 0.7527743988133448 0.770228306127507 0.770228306127507 
29 459 23 0.7466882364077446 0.770228306127507 0.770228306127507 
0 2992 129 0.4504054851554746 0.5447253554541399 0.5447253554541399 
1 990 47 0.4676663865134099 0.5842969107687488 0.5842969107687488 
2 438 30 0.4827057661292087 0.5842969107687488 0.5842969107687488 
3 298 21 0.49680991642193784 0.5954087231480056 0.5954087231480056 
4 166 19 0.5113659891276207 0.6130707524549344 0.6130707524549344 
5 844 26 0.5191613113919566 0.6463490566775654 0.6463490566775654 
6 621 19 0.5346524714321107 0.6817438705152594 0.6817438705152594 
7 571 19 0.5507677405234663 0.729435626626862 0.729435626626862 
8 316 15 0.5697915507906003 0.7552103057004447 0.7552103057004447 
9 347 15 0.589986777701162 0.7552103057004447 0.7552103057004447 
10 249 14 0.6152024276121238 0.7552103057004447 0.7552103057004447 
11 719 16 0.6356923688386524 0.8052421021729208 0.8052421021729208 
12 447 10 0.6681564462610122 0.8052421021729208 0.8052421021729208 
13 318 15 0.6990202002396531 0.8800877811852665 0.8800877811852665 
14 462 12 0.7193465490086465 0.8800877811852665 0.8800877811852665 
15 251 7 0.7581135303259383 0.8800877811852665 0.8800877811852665 
16 493 5 0.7913821501129878 0.8800877811852665 0.8800877811852665 
17 400 6 0.8189947403463494 0.8800877811852665 0.8800877811852665 
18 417 5 0.836872150638819 0.8800877811852665 0.8800877811852665 
19 216 4 0.8518206234329868 0.8800877811852665 0.8800877811852665 
20 154 4 0.8613839614444639 0.8800877811852665 0.8800877811852665 
21 331 7 0.8589403978374169 0.8800877811852665 0.8800877811852665 
22 330 4 0.8547655807053522 0.8800877811852665 0.8800877811852665 
23 461 7 0.8524444868705691 0.8800877811852665 0.8800877811852665 
24 425 7 0.8550994219205963 0.8800877811852665 0.8800877811852665 
25 525 6 0.8514798495304212 0.8800877811852665 0.8800877811852665 
26 572 6 0.8454884885858006 0.8800877811852665 0.8800877811852665 
27 358 6 0.8576050842200403 0.8800877811852665 0.8800877811852665 
28 646 7 0.8448866133824612 0.8800877811852665 0.8800877811852665 
29 459 6 0.8465428509470434 0.8800877811852665 0.8800877811852665 
0 2912 120 0.45293200999503325 0.5338589150921162 0.5338589150921162 
1 557 36 0.47414861398537334 0.537733005105384 0.537733005105384 
2 741 25 0.4878654007864474 0.5788096492308961 0.5788096492308961 
3 462 21 0.5006756573960934 0.6160872986688275 0.6160872986688275 
4 375 18 0.5153971504402035 0.6160872986688275 0.6160872986688275 
5 672 20 0.5300273035998196 0.6533993706692134 0.6533993706692134 
6 452 18 0.547260907923368 0.6741439233339166 0.6741439233339166 
7 372 14 0.5626785493500978 0.7167553698976084 0.7167553698976084 
8 418 12 0.5815291725074485 0.7167553698976084 0.7167553698976084 
9 602 14 0.5972750422054377 0.7167553698976084 0.7167553698976084 
10 634 20 0.6149366555517229 0.7400964192803244 0.7400964192803244 
11 623 12 0.6316317252394986 0.7419482711321762 0.7419482711321762 
12 739 16 0.6511809262985387 0.8118556785395836 0.8118556785395836 
13 403 11 0.6736276584508467 0.8118556785395836 0.8118556785395836 
14 622 8 0.686832528493945 0.8118556785395836 0.8118556785395836 
15 243 8 0.7064009042180109 0.8118556785395836 0.8118556785395836 
16 362 8 0.7216508269377662 0.8118556785395836 0.8118556785395836 
17 488 11 0.7321941078632712 0.8118556785395836 0.8118556785395836 
18 246 7 0.7573499054867177 0.8118556785395836 0.8118556785395836 
19 343 7 0.7707634662614725 0.8118556785395836 0.8118556785395836 
20 500 7 0.7764049250319873 0.8118556785395836 0.8118556785395836 
21 397 6 0.7918094291659119 0.8118556785395836 0.8118556785395836 
22 576 9 0.7837166401736827 0.8118556785395836 0.8118556785395836 
23 374 6 0.7911499909150729 0.8118556785395836 0.8118556785395836 
24 391 7 0.7936007886405586 0.8118556785395836 0.8118556785395836 
25 277 5 0.7975551154288276 0.8118556785395836 0.8118556785395836 
26 519 13 0.7836483581239473 0.8118556785395836 0.8118556785395836 
27 572 11 0.7745976767642431 0.8118556785395836 0.8118556785395836 
28 350 7 0.7914155901626099 0.8118556785395836 0.8118556785395836 
29 442 7 0.7856107650971496 0.8118556785395836 0.8118556785395836 
0 2778 108 0.4526466774338151 0.5383194560619163 0.5383194560619163 
1 592 39 0.46886824282273787 0.5667249639810203 0.5667249639810203 
2 423 23 0.48436847486520196 0.5667249639810203 0.5667249639810203 
3 585 22 0.4977157752549178 0.5667249639810203 0.5667249639810203 
4 249 19 0.514647954643199 0.6126376126164182 0.6126376126164182 
5 449 19 0.5251481326055896 0.6126376126164182 0.6126376126164182 
6 301 17 0.5450452649874149 0.6754925095739421 0.6754925095739421 
7 465 16 0.5600464476651732 0.6658390118493955 0.6754925095739421 
8 324 22 0.5720010160127394 0.6687711877988429 0.6754925095739421 
9 431 16 0.5857243877043197 0.6829181254621581 0.6829181254621581 
10 303 19 0.5959833408651659 0.6791109959359565 0.6829181254621581 
11 378 14 0.6137899478899194 0.7235454933543986 0.7235454933543986 
12 385 12 0.6259423650150677 0.7400964192803244 0.7400964192803244 
13 709 24 0.6306411409787668 0.7882445674284726 0.7882445674284726 
14 494 12 0.6559936307618386 0.7882445674284726 0.7882445674284726 
15 288 14 0.6732936478741975 0.7882445674284726 0.7882445674284726 
16 536 13 0.6807797722087021 0.8118556785395836 0.8118556785395836 
17 273 9 0.7087935537637006 0.8118556785395836 0.8118556785395836 
18 282 6 0.7323823883941352 0.8118556785395836 0.8118556785395836 
19 397 9 0.7400787887346634 0.8118556785395836 0.8118556785395836 
20 282 6 0.7705394984082398 0.8118556785395836 0.8118556785395836 
21 236 10 0.7813024890067984 0.8118556785395836 0.8118556785395836 
22 286 7 0.7885608684798892 0.8118556785395836 0.8118556785395836 
23 421 6 0.7886582068905501 0.8118556785395836 0.8118556785395836 
24 362 6 0.7882196610378713 0.8118556785395836 0.8118556785395836 
25 484 7 0.7927695732834826 0.8118556785395836 0.8118556785395836 
26 323 8 0.7916022423851646 0.8118556785395836 0.8118556785395836 
27 304 6 0.7879832115809573 0.8118556785395836 0.8118556785395836 
28 447 7 0.7873079644785231 0.8118556785395836 0.8118556785395836 
29 542 7 0.7853312224738115 0.8118556785395836 0.8118556785395836 
0 3096 101 0.4552576855423396 0.5426197231131334 0.5426197231131334 
1 462 33 0.46998646402332817 0.5439417517489247 0.5439417517489247 
2 461 26 0.481349447169683 0.5819326809444605 0.5819326809444605 
3 464 23 0.49088600085980727 0.5705253356170858 0.5819326809444605 
4 546 21 0.5016734723906704 0.5935963735030086 0.5935963735030086 
5 543 22 0.5132007242225125 0.6125800861773276 0.6125800861773276 
6 483 22 0.5266683370707654 0.6280958864871381 0.6280958864871381 
7 664 19 0.5414664449852666 0.6448521645524735 0.6448521645524735 
8 405 17 0.5596635479864629 0.6448521645524735 0.6448521645524735 
9 399 18 0.5753783830899486 0.6786264485573061 0.6786264485573061 
10 490 16 0.5887307196609392 0.7329039565105155 0.7329039565105155 
11 289 15 0.6102336673627435 0.7329039565105155 0.7329039565105155 
12 455 16 0.6294439492359898 0.7329039565105155 0.7329039565105155 
13 366 17 0.6510142587733816 0.7500922266521557 0.7500922266521557 
14 458 13 0.6744027650133448 0.7500922266521557 0.7500922266521557 
15 476 16 0.6870254197794945 0.764283235502659 0.764283235502659 
16 812 19 0.693749117750929 0.764283235502659 0.764283235502659 
17 447 15 0.710424553284703 0.764283235502659 0.764283235502659 
18 293 13 0.7177443551408383 0.7636066641033292 0.764283235502659 
19 390 17 0.7247289248942376 0.7682971986330814 0.7682971986330814 
20 431 15 0.7292502256375092 0.7747056274908998 0.7747056274908998 
21 292 13 0.742048782903872 0.7747056274908998 0.7747056274908998 
22 567 16 0.7393324770535799 0.7777321954835578 0.7777321954835578 
23 423 12 0.7495818915395752 0.7777321954835578 0.7777321954835578 
24 526 13 0.7497455760425621 0.7777321954835578 0.7777321954835578 
25 467 15 0.7538168634693801 0.7777321954835578 0.7777321954835578 
26 337 12 0.7563260087477454 0.7777321954835578 0.7777321954835578 
27 570 15 0.7501852148275099 0.7777321954835578 0.7777321954835578 
28 423 13 0.7601436404652128 0.7777321954835578 0.7777321954835578 
29 173 12 0.768149264731964 0.7777321954835578 0.7777321954835578 
0 2854 116 0.4524662436365924 0.5427935925781086 0.5427935925781086 
1 716 34 0.47261792564393423 0.6251135875486569 0.6251135875486569 
2 559 23 0.4877579391569425 0.560022317422721 0.6251135875486569 
3 345 20 0.501461544118253 0.5860185354653236 0.6251135875486569 
4 351 18 0.5186462014502156 0.6504418756902133 0.6504418756902133 
5 440 16 0.5326929480652551 0.6280879505486461 0.6504418756902133 
6 504 18 0.5488481125799894 0.6730785358624016 0.6730785358624016 
7 399 16 0.5685432526857334 0.6730785358624016 0.6730785358624016 
8 390 14 0.5907954141695105 0.6743870727660541 0.6743870727660541 
9 453 16 0.6097763664096079 0.7139842341471482 0.7139842341471482 
10 351 15 0.6254643249918445 0.7700574794977572 0.7700574794977572 
11 374 16 0.6438257113264284 0.7700574794977572 0.7700574794977572 
12 412 13 0.6605212926231099 0.7700574794977572 0.7700574794977572 
13 586 16 0.6775800126198009 0.7700574794977572 0.7700574794977572 
14 337 12 0.6995577409850621 0.8118556785395836 0.8118556785395836 
15 428 13 0.7165694155694762 0.8118556785395836 0.8118556785395836 
16 296 12 0.7389438476684959 0.8118556785395836 0.8118556785395836 
17 650 17 0.7363052313766327 0.8118556785395836 0.8118556785395836 
18 395 13 0.760238474557299 0.8118556785395836 0.8118556785395836 
19 628 13 0.7608690377995369 0.8118556785395836 0.8118556785395836 
20 316 7 0.7765375727862063 0.8118556785395836 0.8118556785395836 
21 295 6 0.7856796504838881 0.8118556785395836 0.8118556785395836 
22 384 5 0.7902465968480935 0.8118556785395836 0.8118556785395836 
23 250 7 0.7970197018574554 0.8118556785395836 0.8118556785395836 
24 363 7 0.7936244465098748 0.8118556785395836 0.8118556785395836 
25 174 7 0.7949352034979174 0.8118556785395836 0.8118556785395836 
26 338 7 0.7847955001293427 0.8118556785395836 0.8118556785395836 
27 310 6 0.7954742954955136 0.8118556785395836 0.8118556785395836 
28 410 6 0.7819880494343328 0.8118556785395836 0.8118556785395836 
29 336 7 0.7897060910562782 0.8118556785395836 0.8118556785395836 
0 3014 112 0.4538596323906341 0.5395261870739341 0.5395261870739341 
1 820 38 0.47127344133780497 0.5423724798460043 0.5423724798460043 
2 554 25 0.48638917066652537 0.6061895330476245 0.6061895330476245 
3 529 23 0.5018561600214017 0.6061895330476245 0.6061895330476245 
4 419 18 0.518616408632432 0.6427325000816411 0.6427325000816411 
5 494 23 0.5350799058908375 0.6709376047036134 0.6709376047036134 
6 494 19 0.5535468719414318 0.6930797223038633 0.6930797223038633 
7 423 20 0.5715748566434101 0.7031141665676752 0.7031141665676752 
8 417 15 0.5947161639042909 0.7028355847599865 0.7031141665676752 
9 580 22 0.6145198243087276 0.7700574794977572 0.7700574794977572 
10 334 15 0.6382026221740584 0.7772403466647484 0.7772403466647484 
11 322 16 0.6519995891731963 0.7772403466647484 0.7772403466647484 
12 377 15 0.6716923260367674 0.7772403466647484 0.7772403466647484 
13 251 18 0.6953833002007027 0.7739423646637129 0.7772403466647484 
14 438 14 0.7111744363111506 0.7772403466647484 0.7772403466647484 
15 352 13 0.727546309429628 0.7772403466647484 0.7772403466647484 
16 498 14 0.7361700904467284 0.7772403466647484 0.7772403466647484 
17 613 16 0.7348000818938636 0.7772403466647484 0.7772403466647484 
18 490 15 0.7439846623478849 0.7772403466647484 0.7772403466647484 
19 352 12 0.756710901423446 0.7772403466647484 0.7772403466647484 
20 376 14 0.754057344913544 0.7772403466647484 0.7772403466647484 
21 253 14 0.762081702301259 0.7772403466647484 0.7772403466647484 
22 445 19 0.7512230639023155 0.7772403466647484 0.7772403466647484 
23 564 18 0.7477666879075374 0.7772403466647484 0.7772403466647484 
24 293 14 0.7562599425966872 0.7772403466647484 0.7772403466647484 
25 564 19 0.7493569905664589 0.7772403466647484 0.7772403466647484 
26 252 15 0.7624066702618404 0.7772403466647484 0.7772403466647484 
27 229 13 0.7643439874814143 0.7772403466647484 0.7772403466647484 
28 359 14 0.7627826942940065 0.7772403466647484 0.7772403466647484 
29 558 18 0.7525959615409866 0.7772403466647484 0.7772403466647484 
0 2994 89 0.45467660773482643 0.5127697979862299 0.5127697979862299 
1 583 32 0.4699327099113412 0.550777125555868 0.550777125555868 
2 473 22 0.4825731427442673 0.5834436960459248 0.5834436960459248 
3 385 22 0.49145106616157563 0.5834436960459248 0.5834436960459248 
4 490 29 0.4998286514506452 0.5881472502919487 0.5881472502919487 
5 494 19 0.5154209617113242 0.617438886072876 0.617438886072876 
6 261 18 0.5304464207392363 0.617438886072876 0.617438886072876 
7 307 18 0.5430414381213527 0.6293078917769508 0.6293078917769508 
8 397 16 0.559303275701573 0.6701900449457023 0.6701900449457023 
9 608 19 0.5731712295371801 0.6701900449457023 0.6701900449457023 
10 347 19 0.5885698265291309 0.7248672550148327 0.7248672550148327 
11 362 14 0.60552841529457 0.7248672550148327 0.7248672550148327 
12 425 15 0.622404474660889 0.7458666322049025 0.7458666322049025 
13 432 16 0.639396240136623 0.7496797730225531 0.7496797730225531 
14 153 12 0.6613907590602414 0.7567483181375475 0.7567483181375475 
15 588 21 0.6694103182490589 0.7567985213598463 0.7567985213598463 
16 382 15 0.6913316594790576 0.7567985213598463 0.7567985213598463 
17 230 15 0.7071163489754262 0.7557744270200227 0.7567985213598463 
18 314 13 0.7206160208184178 0.7557744270200227 0.7567985213598463 
19 116 12 0.7322161748079402 0.7557744270200227 0.7567985213598463 
20 337 15 0.7334094479650837 0.7557744270200227 0.7567985213598463 
21 362 15 0.7313606965684234 0.7596891708846853 0.7596891708846853 
22 507 15 0.7295751927541549 0.7596891708846853 0.7596891708846853 
23 564 21 0.7260835616836322 0.7596891708846853 0.7596891708846853 
24 433 17 0.7386718796171191 0.7596891708846853 0.7596891708846853 
25 491 17 0.7328397594385556 0.7596891708846853 0.7596891708846853 
26 424 15 0.7367708757007222 0.7596891708846853 0.7596891708846853 
27 329 14 0.7429731869065154 0.7596891708846853 0.7596891708846853 
28 365 20 0.745473132978641 0.7596891708846853 0.7596891708846853 
29 481 17 0.7364144797111548 0.7596891708846853 0.7596891708846853 
0 2762 127 0.4520567727652128 0.5794718215507931 0.5794718215507931 
1 577 38 0.4700212745598013 0.5714947179265394 0.5794718215507931 
2 463 28 0.4827350451894478 0.5998490173171404 0.5998490173171404 
3 572 28 0.49391862524643265 0.6018782380963611 0.6018782380963611 
4 584 26 0.5071213951598599 0.6250692989858522 0.6250692989858522 
5 373 19 0.5235807706005129 0.6628443369429979 0.6628443369429979 
6 526 21 0.5355798002501154 0.6180517934525377 0.6628443369429979 
7 311 19 0.5477084745387713 0.6740360947927477 0.6740360947927477 
8 484 20 0.5595592046002138 0.6865162639476833 0.6865162639476833 
9 669 20 0.5738366381149885 0.6905829776557808 0.6905829776557808 
10 421 22 0.5898179726573969 0.753857925553475 0.753857925553475 
11 456 18 0.6135233431184388 0.753857925553475 0.753857925553475 
12 539 20 0.6257766265210064 0.7524884861699055 0.753857925553475 
13 329 19 0.6459930868141258 0.753857925553475 0.753857925553475 
14 430 20 0.6612666847626215 0.7563618330429231 0.7563618330429231 
15 160 18 0.6941567616200632 0.7563618330429231 0.7563618330429231 
16 490 18 0.7093010094139202 0.7563618330429231 0.7563618330429231 
17 259 16 0.7269941376434533 0.7563618330429231 0.7563618330429231 
18 434 20 0.7342816603635911 0.7563618330429231 0.7563618330429231 
19 453 19 0.7337061540762119 0.7563618330429231 0.7563618330429231 
20 412 19 0.732326703447988 0.7563618330429231 0.7563618330429231 
21 456 22 0.734742066885714 0.7563618330429231 0.7563618330429231 
22 403 22 0.7376087165363068 0.7563618330429231 0.7563618330429231 
23 326 19 0.7402012312021615 0.7563618330429231 0.7563618330429231 
24 437 20 0.7356227729119919 0.7563618330429231 0.7563618330429231 
25 465 19 0.7337835735438669 0.7563618330429231 0.7563618330429231 
26 416 18 0.7410240587609238 0.7563618330429231 0.7563618330429231 
27 462 21 0.7373429837384112 0.7563618330429231 0.7563618330429231 
28 518 20 0.7377173696839207 0.7563618330429231 0.7563618330429231 
29 376 20 0.7349595044147472 0.7563618330429231 0.7563618330429231 
0 2879 99 0.4551697968037907 0.5383194560619162 0.5383194560619162 
1 616 33 0.47200151520161626 0.5383194560619162 0.5383194560619162 
2 786 28 0.48235771667215505 0.5535179525745764 0.5535179525745764 
3 441 28 0.4928519275647941 0.5596862564079764 0.5596862564079764 
4 461 25 0.5024304314407891 0.5720877192159153 0.5720877192159153 
5 691 27 0.5124199372003823 0.5940580084281695 0.5940580084281695 
6 557 27 0.5240490414263298 0.6440324085133955 0.6440324085133955 
7 558 26 0.5358299862120431 0.6417157532634173 0.6440324085133955 
8 463 23 0.553025858449706 0.64211827116728 0.6440324085133955 
9 370 22 0.5722392019724442 0.6634014517770431 0.6634014517770431 
10 318 20 0.5890714560631699 0.6860304922249214 0.6860304922249214 
11 571 22 0.5996712770322273 0.6934144127885091 0.6934144127885091 
12 364 19 0.6170350111795723 0.7501919943546194 0.7501919943546194 
13 813 25 0.6254086860892754 0.753933348134691 0.753933348134691 
14 382 21 0.6417499314664146 0.753933348134691 0.753933348134691 
15 567 25 0.654851150641006 0.75820133730286 0.75820133730286 
16 412 20 0.6689635415338647 0.7576703963385962 0.75820133730286 
17 269 18 0.6868565905345032 0.75820133730286 0.75820133730286 
18 415 19 0.6942887523802167 0.7585907921696732 0.7585907921696732 
19 320 22 0.7037706376050181 0.7585907921696732 0.7585907921696732 
20 363 20 0.7162763928543299 0.7614100550124787 0.7614100550124787 
21 286 17 0.7318780744611204 0.7614100550124787 0.7614100550124787 
22 347 19 0.7374798293551375 0.7614100550124787 0.7614100550124787 
23 674 20 0.7334025880362252 0.7614100550124787 0.7614100550124787 
24 758 21 0.7280628645818767 0.7614100550124787 0.7614100550124787 
25 626 23 0.734121515571683 0.7623814059693781 0.7623814059693781 
26 277 18 0.7458234098261927 0.7623814059693781 0.7623814059693781 
27 604 21 0.737289940925991 0.7623814059693781 0.7623814059693781 
28 417 21 0.7407860511915092 0.7663589311716388 0.7663589311716388 
29 621 25 0.7383046583201568 0.7663589311716388 0.7663589311716388 
0 3086 139 0.4556298396218712 0.5499108466667865 0.5499108466667865 
1 680 32 0.46999215213228007 0.560769950192952 0.560769950192952 
2 405 24 0.48327174755559615 0.6131077825154098 0.6131077825154098 
3 439 25 0.4942343586471278 0.6131077825154098 0.6131077825154098 
4 395 21 0.5048654250456728 0.6434192926710768 0.6434192926710768 
5 241 19 0.5236171291509654 0.6434192926710768 0.6434192926710768 
6 394 18 0.5407549795442707 0.6434192926710768 0.6434192926710768 
7 448 21 0.5551751687348662 0.6848308727931876 0.6848308727931876 
8 306 16 0.5767313928948241 0.7167553698976084 0.7167553698976084 
9 416 15 0.5928968438992623 0.7209991970581022 0.7209991970581022 
10 269 11 0.6205657617810911 0.7419482711321762 0.7419482711321762 
11 459 9 0.6371878541718984 0.7419482711321762 0.7419482711321762 
12 298 10 0.6563743893200396 0.7419482711321762 0.7419482711321762 
13 394 10 0.6739551283286304 0.7419482711321762 0.7419482711321762 
14 355 8 0.6890098243680594 0.7419482711321763 0.7419482711321763 
15 127 8 0.7068649092809963 0.8118556785395836 0.8118556785395836 
16 301 13 0.7080688024653581 0.8118556785395836 0.8118556785395836 
17 308 7 0.7163941595687507 0.8118556785395836 0.8118556785395836 
18 364 7 0.7240247839086983 0.8118556785395836 0.8118556785395836 
19 696 7 0.728640581737228 0.8118556785395836 0.8118556785395836 
20 410 7 0.747808046312481 0.8118556785395836 0.8118556785395836 
21 170 5 0.7709067141512993 0.8118556785395836 0.8118556785395836 
22 201 4 0.7876306408033343 0.8118556785395836 0.8118556785395836 
23 337 6 0.7931264391098347 0.8118556785395836 0.8118556785395836 
24 379 9 0.7876460276978101 0.8118556785395836 0.8118556785395836 
25 519 12 0.7811198399627526 0.8118556785395836 0.8118556785395836 
26 226 7 0.78711548598122 0.8118556785395836 0.8118556785395836 
27 524 7 0.7805199815953727 0.8118556785395836 0.8118556785395836 
28 288 12 0.7908594844343136 0.8118556785395836 0.8118556785395836 
29 414 10 0.7896871037092515 0.8118556785395836 0.8118556785395836 
0 2934 128 0.44917432548807523 0.5447253554541399 0.5447253554541399 
1 486 34 0.4725930362296868 0.5540374964890744 0.5540374964890744 
2 646 26 0.4850553892973992 0.6288146874013022 0.6288146874013022 
3 448 22 0.4999387692108035 0.6288146874013022 0.6288146874013022 
4 351 21 0.5153597507669611 0.6288146874013022 0.6288146874013022 
5 316 20 0.5380903291080751 0.6805834181410091 0.6805834181410091 
6 226 17 0.5580068026473642 0.6574461982328997 0.6805834181410091 
7 347 14 0.5784724965168297 0.6738821022955942 0.6805834181410091 
8 308 14 0.5971578774821308 0.7141571584602493 0.7141571584602493 
9 453 17 0.6077099565250912 0.7134957827988736 0.7141571584602493 
10 262 17 0.6271066590039196 0.7700574794977572 0.7700574794977572 
11 534 17 0.647227923804027 0.780297421027877 0.780297421027877 
12 498 18 0.6625549155282373 0.7806254124285033 0.7806254124285033 
13 352 17 0.6753925109049796 0.7806254124285033 0.7806254124285033 
14 255 15 0.6908329143789392 0.7806254124285033 0.7806254124285033 
15 512 19 0.7039710763004057 0.7806254124285033 0.7806254124285033 
16 393 16 0.7194854999167147 0.7806254124285033 0.7806254124285033 
17 425 22 0.7328302609040636 0.7806254124285033 0.7806254124285033 
18 290 12 0.7549036313378414 0.7806254124285033 0.7806254124285033 
19 487 19 0.7555072661052812 0.7806254124285033 0.7806254124285033 
20 375 16 0.7584265898771549 0.7806254124285033 0.7806254124285033 
21 451 20 0.7549404476322131 0.7806254124285033 0.7806254124285033 
22 185 15 0.765408683239524 0.7806254124285033 0.7806254124285033 
23 194 14 0.7685007196098169 0.7806254124285033 0.7806254124285033 
24 440 17 0.7550841250528131 0.7806254124285033 0.7806254124285033 
25 392 22 0.7561556158422894 0.7806254124285033 0.7806254124285033 
26 595 24 0.743996548122369 0.7806254124285033 0.7806254124285033 
27 652 22 0.7468270882768951 0.7806254124285033 0.7806254124285033 
28 353 18 0.7553433566360463 0.7806254124285033 0.7806254124285033 
29 259 18 0.7648313489782845 0.7806254124285033 0.7806254124285033 
0 3455 138 0.45165275877396643 0.5393095091082674 0.5393095091082674 
1 837 33 0.47458428050956913 0.5742670563207339 0.5742670563207339 
2 551 24 0.48721398749203665 0.6195988445515177 0.6195988445515177 
3 537 23 0.4967000393696559 0.6195988445515177 0.6195988445515177 
4 485 24 0.5105589178493266 0.6195988445515177 0.6195988445515177 
5 446 20 0.5237526416813355 0.6239759999099451 0.6239759999099451 
6 608 19 0.5393222197532057 0.6493783224478569 0.6493783224478569 
7 444 18 0.556357314449199 0.6576640649960697 0.6576640649960697 
8 760 20 0.5688267114604557 0.732759463284032 0.732759463284032 
9 248 18 0.5943086370875542 0.8052421021729208 0.8052421021729208 
10 458 17 0.6097907206273464 0.8052421021729208 0.8052421021729208 
11 261 14 0.6360641994868098 0.8800877811852665 0.8800877811852665 
12 726 21 0.650310314911968 0.8800877811852665 0.8800877811852665 
13 458 16 0.692230326406209 0.8800877811852665 0.8800877811852665 
14 329 10 0.7329577685434379 0.8800877811852665 0.8800877811852665 
15 436 8 0.7740486480416083 0.8800877811852665 0.8800877811852665 
16 361 10 0.8084191970878348 0.8800877811852665 0.8800877811852665 
17 406 10 0.8232609453960792 0.8800877811852665 0.8800877811852665 
18 482 7 0.8400736757527799 0.8800877811852665 0.8800877811852665 
19 312 4 0.8553068955131512 0.8800877811852665 0.8800877811852665 
20 325 4 0.8540265393364822 0.8800877811852665 0.8800877811852665 
21 306 4 0.8582652499115371 0.8800877811852665 0.8800877811852665 
22 299 3 0.8588888447678894 0.8800877811852665 0.8800877811852665 
23 216 3 0.8662985373057431 0.8800877811852665 0.8800877811852665 
24 396 5 0.8568855125444675 0.8800877811852665 0.8800877811852665 
25 695 10 0.8417325520571377 0.8800877811852665 0.8800877811852665 
26 299 3 0.8620051569025127 0.8800877811852665 0.8800877811852665 
27 328 4 0.8598978150777787 0.8800877811852665 0.8800877811852665 
28 459 4 0.8509208778434392 0.8800877811852665 0.8800877811852665 
29 419 6 0.8516705571891646 0.8800877811852665 0.8800877811852665 
0 3170 121 0.4527905355182589 0.5079089643583384 0.5079089643583384 
1 718 38 0.46990142994704465 0.5492374441457744 0.5492374441457744 
2 657 24 0.48258509967360574 0.5745799192434187 0.5745799192434187 
3 650 24 0.4932141266106085 0.5745799192434187 0.5745799192434187 
4 497 21 0.5041521264224216 0.5888540988298264 0.5888540988298264 
5 523 27 0.5106949211226111 0.5863999676845609 0.5888540988298264 
6 306 22 0.5240535669921176 0.6366244953783405 0.6366244953783405 
7 529 20 0.5388470870818077 0.6368666520502304 0.6368666520502304 
8 436 21 0.5547694317060997 0.6389710291546075 0.6389710291546075 
9 837 21 0.5651658936732527 0.6583524969548576 0.6583524969548576 
10 595 22 0.5798305845065763 0.6875295308381092 0.6875295308381092 
11 525 21 0.5988287926709224 0.720314140408433 0.720314140408433 
12 638 26 0.6175650525352507 0.7546591604677388 0.7546591604677388 
13 531 20 0.6373436678784794 0.7606725454193972 0.7606725454193972 
14 325 20 0.6599892448324034 0.7623814059693781 0.7623814059693781 
15 505 20 0.6749879193082468 0.7623814059693781 0.7623814059693781 
16 339 21 0.6952913124165144 0.7606725454193972 0.7623814059693781 
17 468 26 0.7032592715843272 0.7606725454193972 0.7623814059693781 
18 519 25 0.718686014500759 0.7606725454193972 0.7623814059693781 
19 444 21 0.7334924713199575 0.7606725454193972 0.7623814059693781 
20 284 19 0.744058322776955 0.7623814059693781 0.7623814059693781 
21 415 25 0.733440954941041 0.7663589311716388 0.7663589311716388 
22 375 21 0.7360077322799399 0.7663589311716388 0.7663589311716388 
23 518 25 0.7389067594020698 0.7663589311716388 0.7663589311716388 
24 608 25 0.7373187029184218 0.7663589311716388 0.7663589311716388 
25 317 27 0.7426129148041732 0.7663589311716388 0.7663589311716388 
26 399 28 0.7452589253273595 0.7663589311716388 0.7663589311716388 
27 459 20 0.7481805520655699 0.7663589311716388 0.7663589311716388 
28 347 21 0.746437411689963 0.7663589311716388 0.7663589311716388 
29 475 29 0.7418433378515651 0.7663589311716388 0.7663589311716388 
0 2929 129 0.4495074029712531 0.5393095091082674 0.5393095091082674 
1 489 40 0.4712603238648982 0.7312162534074887 0.7312162534074887 
2 490 25 0.4879026575799918 0.7312162534074887 0.7312162534074887 
3 474 24 0.5068836308090843 0.7312162534074887 0.7312162534074887 
4 324 22 0.533348421423428 0.7312162534074887 0.7312162534074887 
5 401 20 0.5617778000884973 0.8036988922963777 0.8036988922963777 
6 663 17 0.5812919893101429 0.8083285219260072 0.8083285219260072 
7 380 14 0.6202357066657904 0.8800877811852665 0.8800877811852665 
8 333 9 0.67069251816716 0.8800877811852665 0.8800877811852665 
9 381 8 0.727712613955554 0.8800877811852665 0.8800877811852665 
10 156 4 0.7698533567031238 0.8800877811852665 0.8800877811852665 
11 426 5 0.7959003949663769 0.8800877811852665 0.8800877811852665 
12 524 7 0.8115493161846475 0.8800877811852665 0.8800877811852665 
13 423 10 0.8308950160219293 0.8800877811852665 0.8800877811852665 
14 501 5 0.8464382644583958 0.8800877811852665 0.8800877811852665 
15 332 6 0.8522967985787155 0.8800877811852665 0.8800877811852665 
16 551 5 0.8510666184513112 0.8800877811852665 0.8800877811852665 
17 335 5 0.8547813482554801 0.8800877811852665 0.8800877811852665 
18 530 10 0.8533675325935753 0.8800877811852665 0.8800877811852665 
19 372 4 0.8584758706905812 0.8800877811852665 0.8800877811852665 
20 192 3 0.8693506366132255 0.8800877811852665 0.8800877811852665 
21 364 6 0.853153839317147 0.8800877811852665 0.8800877811852665 
22 403 4 0.8570548039218567 0.8800877811852665 0.8800877811852665 
23 406 5 0.85553891914128 0.8800877811852665 0.8800877811852665 
24 268 8 0.8543224886666516 0.8800877811852665 0.8800877811852665 
25 328 5 0.8606217315607678 0.8800877811852665 0.8800877811852665 
26 438 11 0.8476332375894272 0.8800877811852665 0.8800877811852665 
27 379 5 0.8500668134761193 0.8800877811852665 0.8800877811852665 
28 291 5 0.8565093161992726 0.8800877811852665 0.8800877811852665 
29 445 6 0.8527586194405063 0.8800877811852665 0.8800877811852665 
0 2676 90 0.4543768199614286 0.5380253490068095 0.5380253490068095 
1 465 29 0.4703337651675076 0.5554906086462568 0.5554906086462568 
2 504 24 0.48172367388773735 0.5600936668151746 0.5600936668151746 
3 545 23 0.49361834113659453 0.5722509911856478 0.5722509911856478 
4 430 24 0.5079656982032243 0.6497868973362991 0.6497868973362991 
5 251 16 0.5224721911041741 0.648572248668597 0.6497868973362991 
6 534 22 0.5347566094428362 0.648572248668597 0.6497868973362991 
7 477 19 0.5509596395754967 0.6760606745945229 0.6760606745945229 
8 287 17 0.5748183820038275 0.7179584760144657 0.7179584760144657 
9 347 15 0.5953573483528243 0.7183142442677529 0.7183142442677529 
10 615 21 0.6100833314641452 0.7739423646637129 0.7739423646637129 
11 229 16 0.6315145036662911 0.7739423646637129 0.7739423646637129 
12 362 15 0.6484749223392612 0.7751276491266359 0.7751276491266359 
13 542 19 0.6624257531796905 0.7751276491266359 0.7751276491266359 
14 368 15 0.6827890613928054 0.7751276491266359 0.7751276491266359 
15 562 15 0.6971012696392783 0.7751276491266359 0.7751276491266359 
16 462 16 0.7177513521512189 0.7751276491266359 0.7751276491266359 
17 421 13 0.7286342868605898 0.7751276491266359 0.7751276491266359 
18 256 12 0.7508148783472464 0.7751276491266359 0.7751276491266359 
19 261 10 0.7588360038808517 0.7751276491266359 0.7751276491266359 
20 357 13 0.7453552322051163 0.7751276491266359 0.7751276491266359 
21 486 11 0.7450711822782345 0.7751276491266359 0.7751276491266359 
22 477 13 0.7476620215715734 0.7751276491266359 0.7751276491266359 
23 443 10 0.7559147476058696 0.7751276491266359 0.7751276491266359 
24 453 16 0.7494480798908857 0.7751276491266359 0.7751276491266359 
25 268 10 0.7591055833189099 0.7751276491266359 0.7751276491266359 
26 423 13 0.7504992969481967 0.7751276491266359 0.7751276491266359 
27 359 14 0.7529997052390798 0.7751276491266359 0.7751276491266359 
28 459 13 0.7503368947863612 0.7751276491266359 0.7751276491266359 
29 443 13 0.7502870088473642 0.7751276491266359 0.7751276491266359 
0 2865 86 0.45564533615301733 0.5466784777440643 0.5466784777440643 
1 472 30 0.47303048786291496 0.5466784777440643 0.5466784777440643 
2 360 21 0.48602813712199755 0.563274920521317 0.563274920521317 
3 291 21 0.49707402951316326 0.5696663064000245 0.5696663064000245 
4 472 20 0.5068000872624403 0.6380479791866773 0.6380479791866773 
5 462 21 0.5188145456649285 0.6431107848912241 0.6431107848912241 
6 634 21 0.5321372186271828 0.6511058262021745 0.6511058262021745 
7 459 25 0.5472366854416051 0.6760606745945229 0.6760606745945229 
8 347 18 0.5676491165924052 0.7390815079278562 0.7390815079278562 
9 418 14 0.5883043520105664 0.7486222319476581 0.7486222319476581 
10 537 20 0.6025236193478135 0.7390815079278562 0.7486222319476581 
11 437 13 0.6279922166505877 0.7462490620357635 0.7486222319476581 
12 298 13 0.646398287297108 0.7462490620357635 0.7486222319476581 
13 481 17 0.6542363174728331 0.7739423646637129 0.7739423646637129 
14 221 13 0.6751560506168047 0.7743969558086573 0.7743969558086573 
15 489 14 0.6866555230694711 0.7743969558086573 0.7743969558086573 
16 628 16 0.6946631895700893 0.7743969558086573 0.7743969558086573 
17 457 12 0.712218201510795 0.7743969558086573 0.7743969558086573 
18 320 14 0.7272844025599865 0.7743969558086573 0.7743969558086573 
19 536 19 0.7327932487396105 0.7743969558086573 0.7743969558086573 
20 460 15 0.7450959328027174 0.7743969558086573 0.7743969558086573 
21 407 14 0.7457818186492444 0.7743969558086573 0.7743969558086573 
22 219 11 0.7586213665288952 0.7743969558086573 0.7743969558086573 
23 527 17 0.7462636455095842 0.7743969558086573 0.7743969558086573 
24 607 17 0.7436933879198528 0.7743969558086573 0.7743969558086573 
25 311 16 0.7517911865452743 0.7743969558086573 0.7743969558086573 
26 461 16 0.7486261756434529 0.7743969558086573 0.7743969558086573 
27 383 16 0.7476254765479871 0.7743969558086573 0.7743969558086573 
28 173 13 0.760771160009312 0.7743969558086573 0.7743969558086573 
29 334 13 0.7585634145196793 0.7743969558086573 0.7743969558086573 
0 2557 90 0.45582998678795256 0.5453536482322905 0.5453536482322905 
1 531 28 0.47176999585082546 0.5383194560619162 0.5453536482322905 
2 574 22 0.48079544857520107 0.5668669404604987 0.5668669404604987 
3 455 18 0.4930879217313419 0.5693574429810615 0.5693574429810615 
4 378 20 0.5032566686216434 0.5798143019028316 0.5798143019028316 
5 432 20 0.5139917209446875 0.5875727996807704 0.5875727996807704 
6 231 21 0.5282581080745853 0.5955215345941798 0.5955215345941798 
7 390 28 0.5413886523539194 0.6236268735627318 0.6236268735627318 
8 693 23 0.5490431902788544 0.6754925095739421 0.6754925095739421 
9 310 13 0.5686860583876401 0.6798395533487431 0.6798395533487431 
10 483 15 0.5752612594200053 0.7067402134525281 0.7067402134525281 
11 371 14 0.5929815933545411 0.7167553698976084 0.7167553698976084 
12 344 11 0.6117165435417352 0.7458666322049025 0.7458666322049025 
13 443 13 0.6228946981398146 0.7458666322049025 0.7458666322049025 
14 429 10 0.6390699213314499 0.7458666322049025 0.7458666322049025 
15 479 16 0.6571587418819819 0.7458666322049025 0.7458666322049025 
16 401 8 0.6754803842795848 0.7458666322049025 0.7458666322049025 
17 240 6 0.6940925275005054 0.8118556785395836 0.8118556785395836 
18 485 9 0.6948066524120248 0.8118556785395836 0.8118556785395836 
19 433 8 0.7090314285409134 0.8118556785395836 0.8118556785395836 
20 165 7 0.7275110332994207 0.8118556785395836 0.8118556785395836 
21 496 10 0.7273087963534535 0.8118556785395836 0.8118556785395836 
22 436 10 0.7307825228019262 0.8118556785395836 0.8118556785395836 
23 720 15 0.7302646618736983 0.8118556785395836 0.8118556785395836 
24 425 13 0.7427640819155635 0.8118556785395836 0.8118556785395836 
25 541 12 0.7586441446971905 0.8118556785395836 0.8118556785395836 
26 247 7 0.7781634361505653 0.8118556785395836 0.8118556785395836 
27 223 5 0.7973685499837179 0.8118556785395836 0.8118556785395836 
28 425 6 0.7888023869771343 0.8118556785395836 0.8118556785395836 
29 378 6 0.791218713275207 0.8118556785395836 0.8118556785395836 
0 2712 99 0.4536194647983233 0.5316968747028372 0.5316968747028372 
1 674 33 0.4714347349278556 0.5435803010292299 0.5435803010292299 
2 523 29 0.4816072889690114 0.6081273501654323 0.6081273501654323 
3 526 23 0.4951465932912382 0.5926509461737584 0.6081273501654323 
4 355 34 0.5078971272683962 0.5926509461737584 0.6081273501654323 
5 506 24 0.5201721049457914 0.6309487722584849 0.6309487722584849 
6 464 20 0.5372854525125679 0.6581628697553874 0.6581628697553874 
7 347 20 0.5540640000179395 0.6654258570919299 0.6654258570919299 
8 460 17 0.5737559146186973 0.7224475677637908 0.7224475677637908 
9 401 22 0.585991486658354 0.7224475677637908 0.7224475677637908 
10 545 21 0.602627419130085 0.7360727126291959 0.7360727126291959 
11 402 20 0.6252765643280133 0.7600149667537847 0.7600149667537847 
12 381 18 0.6540197709984404 0.7652666783496559 0.7652666783496559 
13 479 24 0.6734687004827579 0.7784830345208074 0.7784830345208074 
14 578 19 0.687688450175773 0.7784830345208074 0.7784830345208074 
15 318 15 0.7103874488310099 0.7886435228624133 0.7886435228624133 
16 592 19 0.7202938298395597 0.7886435228624133 0.7886435228624133 
17 530 20 0.730680429601313 0.7886435228624133 0.7886435228624133 
18 331 16 0.7435748505015848 0.7886435228624133 0.7886435228624133 
19 308 17 0.7479093805245488 0.7886435228624133 0.7886435228624133 
20 229 16 0.7528690521465562 0.7886435228624133 0.7886435228624133 
21 464 17 0.7586249246487601 0.7886435228624133 0.7886435228624133 
22 440 15 0.7571809724793707 0.7886435228624133 0.7886435228624133 
23 586 24 0.7524192091679538 0.7886435228624133 0.7886435228624133 
24 519 21 0.7606728207174597 0.7886435228624133 0.7886435228624133 
25 274 13 0.7732596442960045 0.7886435228624133 0.7886435228624133 
26 233 14 0.7752508535331528 0.7886435228624133 0.7886435228624133 
27 317 18 0.7699890099910482 0.7886435228624133 0.7886435228624133 
28 347 14 0.769355222836722 0.7886435228624133 0.7886435228624133 
29 483 15 0.7674039172906987 0.7886435228624133 0.7886435228624133 
0 2498 96 0.4537874032629648 0.5346571012449852 0.5346571012449852 
1 438 29 0.47096901137333835 0.5352042392921232 0.5352042392921232 
2 333 21 0.48195278493184013 0.5441601236413453 0.5441601236413453 
3 267 17 0.49499006350831626 0.6168731774676961 0.6168731774676961 
4 360 24 0.5039031068278145 0.6168731774676961 0.6168731774676961 
5 372 18 0.5141490374965415 0.634166860670297 0.634166860670297 
6 301 17 0.5324545257962886 0.634166860670297 0.634166860670297 
7 519 19 0.5446300349849594 0.6713390882993837 0.6713390882993837 
8 264 18 0.5669486218058742 0.7316543955811468 0.7316543955811468 
9 478 18 0.5889795521289483 0.7316543955811468 0.7316543955811468 
10 467 20 0.604081120613435 0.751361971978685 0.751361971978685 
11 292 16 0.6255841789304228 0.7652393816788436 0.7652393816788436 
12 708 22 0.6413987631101751 0.7652393816788436 0.7652393816788436 
13 535 19 0.6615948876764971 0.7652393816788436 0.7652393816788436 
14 307 16 0.6801287443896902 0.7652393816788436 0.7652393816788436 
15 433 17 0.6999442186684484 0.7652393816788436 0.7652393816788436 
16 579 20 0.7126746079717259 0.7652393816788436 0.7652393816788436 
17 218 15 0.7389063874581184 0.7652393816788436 0.7652393816788436 
18 641 20 0.7305180347446616 0.7652393816788436 0.7652393816788436 
19 353 19 0.7410174322850247 0.7652393816788436 0.7652393816788436 
20 372 15 0.7461880765999613 0.7652393816788436 0.7652393816788436 
21 379 16 0.7483893415246353 0.7652393816788436 0.7652393816788436 
22 286 13 0.754020449879791 0.7652393816788436 0.7652393816788436 
23 352 18 0.743052859244199 0.7652393816788436 0.7652393816788436 
24 333 15 0.7438123292419205 0.7652393816788436 0.7652393816788436 
25 282 19 0.7492713708913428 0.7652393816788436 0.7652393816788436 
26 505 16 0.738134984315593 0.7652393816788436 0.7652393816788436 
27 234 16 0.7470929749500833 0.7652393816788436 0.7652393816788436 
28 402 17 0.7419513511445655 0.7652393816788436 0.7652393816788436 
29 162 14 0.75340911735934 0.7652393816788436 0.7652393816788436 
0 2685 97 0.45608686429946027 0.5556740142575066 0.5556740142575066 
1 685 34 0.47298512158833217 0.5697553903393876 0.5697553903393876 
2 400 23 0.4833568305803036 0.5697553903393876 0.5697553903393876 
3 220 19 0.4931329645442459 0.6063573819513723 0.6063573819513723 
4 394 21 0.5040535594759222 0.6553297304338169 0.6553297304338169 
5 440 26 0.5126760305884686 0.6828543139851863 0.6828543139851863 
6 364 20 0.5249426202760054 0.6828543139851863 0.6828543139851863 
7 504 20 0.5417078718026663 0.6828543139851863 0.6828543139851863 
8 501 30 0.5559722275468689 0.7153644254015477 0.7153644254015477 
9 526 20 0.572601212524047 0.6918988717134509 0.7153644254015477 
10 203 15 0.5953711755274522 0.7224431644300368 0.7224431644300368 
11 299 16 0.6107520492996666 0.7493225679534402 0.7493225679534402 
12 198 16 0.6328773309370453 0.7219616476237699 0.7493225679534402 
13 405 17 0.6416428120812142 0.7496875630773054 0.7496875630773054 
14 428 16 0.6568093598918716 0.8052421021729208 0.8052421021729208 
15 553 21 0.6667363435328242 0.8052421021729208 0.8052421021729208 
16 446 16 0.6832652015252192 0.8052421021729208 0.8052421021729208 
17 460 21 0.7059221324232163 0.8052421021729208 0.8052421021729208 
18 296 15 0.7237183280656128 0.8800877811852665 0.8800877811852665 
19 526 11 0.7420129682949554 0.8800877811852665 0.8800877811852665 
20 434 13 0.7533196691444859 0.8800877811852665 0.8800877811852665 
21 329 8 0.7701848561604918 0.8800877811852665 0.8800877811852665 
22 249 6 0.799612641761682 0.8800877811852665 0.8800877811852665 
23 399 9 0.8094796044469225 0.8800877811852665 0.8800877811852665 
24 338 6 0.8311983996621968 0.8800877811852665 0.8800877811852665 
25 241 3 0.8474111156271563 0.8800877811852665 0.8800877811852665 
26 489 6 0.8489770632130876 0.8800877811852665 0.8800877811852665 
27 270 9 0.8597686533843667 0.8800877811852665 0.8800877811852665 
28 349 5 0.8643288663537327 0.8800877811852665 0.8800877811852665 
29 306 6 0.8575878877679561 0.8800877811852665 0.8800877811852665 
0 2922 104 0.45333574694482087 0.5221436127940059 0.5221436127940059 
1 629 29 0.47081325171866906 0.5414000601794546 0.5414000601794546 
2 464 21 0.48307600635784725 0.5669870368463596 0.5669870368463596 
3 310 18 0.4960215413610524 0.5734815614366991 0.5734815614366991 
4 488 18 0.510134234342771 0.6160257305225592 0.6160257305225592 
5 222 13 0.5255272667162222 0.6080182432181969 0.6160257305225592 
6 358 13 0.5394607679456443 0.6535999486156078 0.6535999486156078 
7 596 14 0.557746756443827 0.6730118555908277 0.6730118555908277 
8 523 15 0.5765796752544198 0.735153153488649 0.735153153488649 
9 359 12 0.5967852222863134 0.735153153488649 0.735153153488649 
10 386 15 0.6086407360001512 0.735153153488649 0.735153153488649 
11 234 11 0.6316312008946057 0.7587285006121415 0.7587285006121415 
12 432 15 0.6409391369491114 0.7613580898574951 0.7613580898574951 
13 453 15 0.6550732680859531 0.7620393789933511 0.7620393789933511 
14 252 9 0.6845354002924438 0.7777321954835578 0.7777321954835578 
15 623 11 0.6914741025619684 0.7777321954835578 0.7777321954835578 
16 549 13 0.7142888084585123 0.7777321954835578 0.7777321954835578 
17 359 11 0.7277455098493175 0.78001946848305 0.78001946848305 
18 429 12 0.7435038884322307 0.78001946848305 0.78001946848305 
19 684 13 0.7391093018018665 0.78001946848305 0.78001946848305 
20 458 12 0.7496830560254516 0.78001946848305 0.78001946848305 
21 277 11 0.7565229127963611 0.78001946848305 0.78001946848305 
22 360 12 0.7568947190115444 0.78001946848305 0.78001946848305 
23 473 12 0.7616902426308907 0.78001946848305 0.78001946848305 
24 307 12 0.7621548378102596 0.78001946848305 0.78001946848305 
25 385 13 0.7608643705551195 0.78001946848305 0.78001946848305 
26 508 15 0.7552799791492428 0.78001946848305 0.78001946848305 
27 548 12 0.7584587016466925 0.78001946848305 0.78001946848305 
28 492 13 0.7616070552309355 0.78001946848305 0.78001946848305 
29 459 13 0.7609292358856605 0.78001946848305 0.78001946848305 
