0 30504 351 0.4168192885524059 0.5449086563885108 0.5449086563885108 
1 3607 124 0.4564464829043363 0.5452950808260815 0.5452950808260815 
2 2664 50 0.47914626544966943 0.572750006192551 0.572750006192551 
3 1248 51 0.4899508617447888 0.5737276750378669 0.5737276750378669 
4 1985 22 0.5011492209116012 0.5737276750378669 0.5737276750378669 
5 2604 19 0.5119639713864345 0.5793806466436691 0.5793806466436691 
6 1341 18 0.5211424006993979 0.5815319497291211 0.5815319497291211 
7 2124 24 0.5288960857088689 0.592900797934215 0.592900797934215 
8 2167 19 0.5420843459475064 0.6153149963007187 0.6153149963007187 
9 2433 24 0.547928498303915 0.606030867907897 0.6153149963007187 
10 2318 21 0.5603767294941984 0.6043411313018716 0.6153149963007187 
11 3072 19 0.5747927287231934 0.643537046423835 0.643537046423835 
12 2303 18 0.5879782277646004 0.6574942971010468 0.6574942971010468 
13 1711 24 0.5991667574732109 0.6443741692938726 0.6574942971010468 
14 1361 24 0.6125690032606103 0.6579383418223645 0.6579383418223645 
15 1465 21 0.6201763741013467 0.6580765098346674 0.6580765098346674 
16 3002 22 0.6254588312156268 0.6581993258456034 0.6581993258456034 
17 2577 21 0.6328803451448415 0.6679888334572559 0.6679888334572559 
18 2079 21 0.6385360465907397 0.6694815532177968 0.6694815532177968 
19 1481 17 0.6431572021372612 0.6701980231497565 0.6701980231497565 
20 1543 17 0.6475423940185219 0.6702786475047616 0.6702786475047616 
21 1757 19 0.6459048416958898 0.6702786475047616 0.6702786475047616 
22 1179 28 0.6533587072590763 0.6704577885136286 0.6704577885136286 
23 2267 19 0.6527205312064384 0.6705579102616742 0.6705579102616742 
24 1230 18 0.6602355865577446 0.6706569234109706 0.6706569234109706 
25 2636 26 0.6572942151398768 0.6705579102616742 0.6706569234109706 
26 2304 22 0.6575053915737139 0.6705579102616742 0.6706569234109706 
27 2273 20 0.6606383313502627 0.670505098737601 0.6706569234109706 
28 1057 18 0.6631156598426959 0.6708978061862554 0.6708978061862554 
29 1895 29 0.6539601134012181 0.670997927934301 0.670997927934301 
0 29748 380 0.4128763595770007 0.5448545567940346 0.5448545567940346 
1 4105 150 0.4533470001582266 0.5315270247926891 0.5448545567940346 
2 2504 60 0.4762767288944143 0.5314898329927451 0.5448545567940346 
3 1674 35 0.4909270536362987 0.5447495274253137 0.5448545567940346 
4 2255 26 0.5002231755788658 0.5421779581647574 0.5448545567940346 
5 1645 22 0.505503849488391 0.5434654433451341 0.5448545567940346 
6 1986 35 0.5078979351615929 0.5492969969075405 0.5492969969075405 
7 2717 22 0.513133638191081 0.552358231357547 0.552358231357547 
8 1681 21 0.5167969666615395 0.5592164084141646 0.5592164084141646 
9 2916 23 0.5202407006682074 0.5611585543194175 0.5611585543194175 
10 1126 19 0.5261712462906958 0.5763414768598215 0.5763414768598215 
11 2056 25 0.5295631754425615 0.5763414768598215 0.5763414768598215 
12 1310 21 0.5364847527202282 0.5846124821356103 0.5846124821356103 
13 2365 20 0.5426519465655469 0.5895459200428641 0.5895459200428641 
14 2077 30 0.5463266039039134 0.5913064675605183 0.5913064675605183 
15 2339 21 0.5522344985497197 0.6294223189867989 0.6294223189867989 
16 2473 22 0.5583679995850801 0.6294223189867989 0.6294223189867989 
17 1525 22 0.563819176613678 0.6306873381523599 0.6306873381523599 
18 1529 18 0.5722294223142841 0.6311792900500781 0.6311792900500781 
19 2841 32 0.5775609606563403 0.6311792900500781 0.6311792900500781 
20 3178 28 0.5848649563891513 0.6409873134618815 0.6409873134618815 
21 2519 22 0.5924616639202993 0.6322353140973457 0.6409873134618815 
22 2284 20 0.6005991129219727 0.64063934564521 0.6409873134618815 
23 1451 20 0.6091707259293464 0.6412958355901155 0.6412958355901155 
24 2910 27 0.6108570838416003 0.6415569372607006 0.6415569372607006 
25 3432 26 0.6181900260102838 0.6422126876331175 0.6422126876331175 
26 2539 27 0.6220624550375305 0.6812088184478352 0.6812088184478352 
27 2954 39 0.6247982606492517 0.6930674973402446 0.6930674973402446 
28 3573 38 0.6247373122915851 0.6932583965143135 0.6932583965143135 
29 2448 26 0.6285680678660904 0.6933374603979314 0.6933374603979314 
0 34649 556 0.394508560388159 0.5372828691424872 0.5372828691424872 
1 3182 169 0.44887228945120833 0.5333297531539904 0.5372828691424872 
2 2753 82 0.47228991561978534 0.5341485558110284 0.5372828691424872 
3 2594 47 0.48561961570632084 0.5333297531539904 0.5372828691424872 
4 2361 28 0.4976399105243515 0.5497682876286654 0.5497682876286654 
5 1666 23 0.5055781880896566 0.5469323023846919 0.5497682876286654 
6 4068 40 0.5064051961643099 0.5536764425644909 0.5536764425644909 
7 1331 23 0.5139688301168452 0.5508485673132874 0.5536764425644909 
8 3195 24 0.5192223479305821 0.5728005909070873 0.5728005909070873 
9 1952 22 0.5236259607262852 0.5829308598756077 0.5829308598756077 
10 2977 31 0.5279991954986246 0.5829308598756077 0.5829308598756077 
11 1768 26 0.5348255472414357 0.5935011012871159 0.5935011012871159 
12 1761 23 0.5398936486861436 0.5935011012871159 0.5935011012871159 
13 2375 21 0.5469602406033459 0.5935011012871159 0.5935011012871159 
14 1743 30 0.5528659128585057 0.6163494091254847 0.6163494091254847 
15 3867 44 0.5572329366017617 0.6251478899363306 0.6251478899363306 
16 1778 25 0.5713937112528469 0.6300150482628806 0.6300150482628806 
17 2400 27 0.5777443852124337 0.6300150482628806 0.6300150482628806 
18 1236 22 0.5891312134217409 0.6379911521714249 0.6379911521714249 
19 3031 24 0.5938086502210905 0.6398754585255455 0.6398754585255455 
20 3279 22 0.6051301024049645 0.6498851213878777 0.6498851213878777 
21 1730 23 0.6141187483275797 0.6498851213878777 0.6498851213878777 
22 1721 21 0.6230733396880402 0.6495999350855837 0.6498851213878777 
23 1778 26 0.6227640903899291 0.6497598190306128 0.6498851213878777 
24 2168 21 0.6307939585396668 0.6506566516318513 0.6506566516318513 
25 1945 23 0.63221879414208 0.6510687871737546 0.6510687871737546 
26 1507 34 0.6348525251192094 0.6511443669608978 0.6511443669608978 
27 1475 25 0.6349424718783009 0.6511937500901663 0.6511937500901663 
28 2383 36 0.6367047352290816 0.6520275276082581 0.6520275276082581 
29 2793 24 0.6384278174506334 0.6520275276082581 0.6520275276082581 
0 32342 430 0.40384786835237363 0.5224885008041258 0.5224885008041258 
1 2741 136 0.4538537181144061 0.5246277346925857 0.5246277346925857 
2 3168 71 0.47482491589275433 0.5254056379247529 0.5254056379247529 
3 2083 32 0.48866716261307963 0.5386688929311518 0.5386688929311518 
4 1609 22 0.497656317238293 0.5376524561273679 0.5386688929311518 
5 2954 39 0.4998511198824278 0.5387323970867708 0.5387323970867708 
6 3108 26 0.5048612805894073 0.5389304390450036 0.5389304390450036 
7 2067 25 0.5080903376413862 0.5574571361977381 0.5574571361977381 
8 2660 24 0.5126763491390702 0.5574571361977381 0.5574571361977381 
9 1451 20 0.5180479480779064 0.5624020634675837 0.5624020634675837 
10 1576 18 0.5249109128494304 0.5875031079976591 0.5875031079976591 
11 2179 20 0.5270091931046488 0.5835022758106657 0.5875031079976591 
12 1950 18 0.5334707680761883 0.5888405044954248 0.5888405044954248 
13 3021 22 0.5393398403753179 0.6098200955419323 0.6098200955419323 
14 1119 19 0.548928568765509 0.6240653363108841 0.6240653363108841 
15 1868 21 0.5557186245011682 0.6381740578114972 0.6381740578114972 
16 4153 24 0.5650428407786691 0.639651261378484 0.639651261378484 
17 2154 25 0.5757858636136985 0.639167132258988 0.639651261378484 
18 1687 23 0.5926705977273228 0.6403367901442668 0.6403367901442668 
19 1484 30 0.6043943774012648 0.6487181832869511 0.6487181832869511 
20 2432 19 0.6192460333491107 0.6510071432776933 0.6510071432776933 
21 1548 21 0.6210669091836093 0.6511378021588928 0.6511378021588928 
22 2414 41 0.6200641959361144 0.6930362397894864 0.6930362397894864 
23 1893 21 0.6300500247983976 0.6925086731645899 0.6930362397894864 
24 2225 23 0.6342950154352165 0.7390845368661711 0.7390845368661711 
25 1959 35 0.6345279852697581 0.7390845368661711 0.7390845368661711 
26 1993 19 0.6438043027314209 0.7390845368661711 0.7390845368661711 
27 1922 22 0.6435499047326217 0.7390845368661711 0.7390845368661711 
28 2597 19 0.6527699192767813 0.7390845368661711 0.7390845368661711 
29 1513 23 0.6567898295801103 0.740645554078549 0.740645554078549 
0 36468 471 0.3979261799893578 0.5323823616430196 0.5323823616430196 
1 2645 129 0.4563616375761649 0.5386620717002619 0.5386620717002619 
2 2932 67 0.4755689540009418 0.5353528574276865 0.5386620717002619 
3 1800 34 0.48700744915400407 0.5306027328071254 0.5386620717002619 
4 3151 35 0.49367333376845063 0.5310920368186395 0.5386620717002619 
5 3475 33 0.49990843702351545 0.5684831601517983 0.5684831601517983 
6 2786 26 0.504807411181464 0.5745820133690293 0.5745820133690293 
7 2811 27 0.5083091047246641 0.5766745139901354 0.5766745139901354 
8 3243 29 0.5130562319627259 0.6007737584908581 0.6007737584908581 
9 880 21 0.5199343816906591 0.6007737584908581 0.6007737584908581 
10 2545 23 0.5275634193856952 0.6085663226783281 0.6085663226783281 
11 2563 21 0.5378387228174196 0.6111436930057093 0.6111436930057093 
12 2719 23 0.5420433505330111 0.6111436930057093 0.6111436930057093 
13 3298 24 0.5521178861358061 0.6376835609272916 0.6376835609272916 
14 2816 45 0.560269451483772 0.6391777942836124 0.6391777942836124 
15 2367 28 0.5733291879476767 0.6524960338204898 0.6524960338204898 
16 3468 22 0.5878197460369438 0.6640853334502202 0.6640853334502202 
17 1888 19 0.6043274136533576 0.6640853334502202 0.6640853334502202 
18 1064 30 0.6160157053681741 0.6642047110392608 0.6642047110392608 
19 1892 27 0.6266193099293351 0.6646727519188853 0.6646727519188853 
20 3018 22 0.6376324822402184 0.7072012603059331 0.7072012603059331 
21 1780 23 0.6473965701798139 0.6646709996934598 0.7072012603059331 
22 2631 98 0.6407750678904758 0.6651910536580281 0.7072012603059331 
23 1571 20 0.654299067893593 0.676116069843218 0.7072012603059331 
24 3602 77 0.6428174536143197 0.6757012355095598 0.7072012603059331 
25 1764 22 0.6543097029040219 0.6762514086627047 0.7072012603059331 
26 2284 27 0.6560890505414173 0.6762514086627047 0.7072012603059331 
27 3404 28 0.6551147254977862 0.6765989590521656 0.7072012603059331 
28 1426 24 0.661683946284744 0.6774450350912868 0.7072012603059331 
29 2765 24 0.6619835260531604 0.7247451222266011 0.7247451222266011 
0 30768 462 0.401663958316332 0.542688185266287 0.542688185266287 
1 3920 149 0.448687580739125 0.542688185266287 0.542688185266287 
2 1214 63 0.47393902129256377 0.542688185266287 0.542688185266287 
3 2052 38 0.4879680844413544 0.5505695267564176 0.5505695267564176 
4 2190 26 0.4959141699893055 0.5436403987133942 0.5505695267564176 
5 2170 22 0.5034913915629143 0.555466038371541 0.555466038371541 
6 1742 34 0.5080053780837591 0.5614046657387846 0.5614046657387846 
7 2130 21 0.5139105925112659 0.5619710285589554 0.5619710285589554 
8 2310 28 0.5151062868787887 0.5682337752455341 0.5682337752455341 
9 1648 20 0.5208438675200548 0.5719107284247488 0.5719107284247488 
10 1323 18 0.5257833348854294 0.5853684501764346 0.5853684501764346 
11 2230 25 0.5310129703100235 0.5853684501764346 0.5853684501764346 
12 4588 47 0.5285695865496437 0.60418712368763 0.60418712368763 
13 2077 23 0.5395246103657556 0.6102273996797707 0.6102273996797707 
14 1534 19 0.549622427700486 0.624055861234118 0.624055861234118 
15 2502 28 0.5543255686988403 0.63955077650611 0.63955077650611 
16 2922 31 0.5570444117355305 0.670564398964131 0.670564398964131 
17 2506 34 0.5664753484896268 0.670564398964131 0.670564398964131 
18 1794 24 0.5703189181321675 0.658681291798913 0.670564398964131 
19 1988 43 0.5768366591563968 0.658681291798913 0.670564398964131 
20 1443 23 0.5910484810372785 0.6588766391681651 0.670564398964131 
21 3276 30 0.5921097342410927 0.6782361876335026 0.6782361876335026 
22 1683 32 0.5992648914653498 0.7061579480451632 0.7061579480451632 
23 1568 20 0.6136260661341951 0.7062736887859039 0.7062736887859039 
24 2334 41 0.6131326962293803 0.7075049701016622 0.7075049701016622 
25 1431 21 0.6287900643639527 0.708121746061456 0.708121746061456 
26 1071 21 0.6377057526918604 0.7399221239978495 0.7399221239978495 
27 1212 20 0.6483554602331707 0.7394090060501078 0.7399221239978495 
28 2263 21 0.6604216420488624 0.7399136831725803 0.7399221239978495 
29 2299 28 0.6726833627369563 0.740282954751086 0.740282954751086 
0 31809 490 0.4006205286625068 0.5447524279701514 0.5447524279701514 
1 1985 211 0.4483056485908596 0.536690856769953 0.5447524279701514 
2 3039 67 0.47211543413779344 0.536690856769953 0.5447524279701514 
3 1393 49 0.4839990844276479 0.5362323404575766 0.5447524279701514 
4 2193 27 0.4943206875842764 0.5519710333274065 0.5519710333274065 
5 887 22 0.5021744706782518 0.5519710333274065 0.5519710333274065 
6 2787 24 0.5056658724623273 0.5525297009777584 0.5525297009777584 
7 2028 23 0.5125528832996864 0.5757549285552936 0.5757549285552936 
8 2297 20 0.5186892480146229 0.5765883309243975 0.5765883309243975 
9 2548 21 0.522119554092836 0.5765883309243975 0.5765883309243975 
10 1937 21 0.5283708859925306 0.5870743613791208 0.5870743613791208 
11 1581 23 0.5360819903534768 0.5935581091691107 0.5935581091691107 
12 2581 21 0.542149337994685 0.5935770213256488 0.5935770213256488 
13 3106 22 0.5474746367614135 0.6319066071769428 0.6319066071769428 
14 2252 21 0.5557982261539229 0.6331608905821333 0.6331608905821333 
15 1324 19 0.5655670199262346 0.633461119565903 0.633461119565903 
16 1595 19 0.5706727181210112 0.6331608905821333 0.633461119565903 
17 3148 23 0.5736803421748418 0.632380295224332 0.633461119565903 
18 2930 18 0.5857048539620682 0.632380295224332 0.633461119565903 
19 2806 19 0.5887306580046492 0.6338886519809843 0.6338886519809843 
20 3166 21 0.5949722514388969 0.6338886519809843 0.6338886519809843 
21 2032 18 0.60662160574906 0.6739972649109163 0.6739972649109163 
22 1740 19 0.6136003314822314 0.6634687588757078 0.6739972649109163 
23 2651 21 0.6217852494454952 0.6635486351872297 0.6739972649109163 
24 1973 18 0.6328407468712619 0.6741093008272467 0.6741093008272467 
25 2479 19 0.6393304957415118 0.6748743641660113 0.6748743641660113 
26 1134 18 0.648637301259859 0.7080358672201943 0.7080358672201943 
27 3492 19 0.6532922915860386 0.7084777864121135 0.7084777864121135 
28 1479 19 0.6590834979792206 0.7104428006111535 0.7104428006111535 
29 2779 20 0.6629851752582199 0.7085567005535276 0.7104428006111535 
0 33785 613 0.3870271825494538 0.5447694780775614 0.5447694780775614 
1 3497 152 0.4528783607911131 0.5342676715858338 0.5447694780775614 
2 4522 71 0.471699909389361 0.5332508393405013 0.5447694780775614 
3 2393 40 0.48447891990171404 0.5328321437100704 0.5447694780775614 
4 2843 28 0.4960603679535951 0.5360278604340976 0.5447694780775614 
5 2014 24 0.5028355551984032 0.5459465269716619 0.5459465269716619 
6 1462 21 0.5088148879778209 0.5519592391733078 0.5519592391733078 
7 2065 24 0.5146383725245715 0.5558122746867515 0.5558122746867515 
8 1362 19 0.5199911635998862 0.5571979148453808 0.5571979148453808 
9 2710 21 0.5236324260912336 0.5809115774450277 0.5809115774450277 
10 1877 22 0.5281789786843537 0.58627359597954 0.58627359597954 
11 1467 22 0.5362831307532167 0.5892854534411618 0.5892854534411618 
12 1979 20 0.5467442447430662 0.6144982443528209 0.6144982443528209 
13 1300 20 0.5553458763108208 0.6143011562087892 0.6144982443528209 
14 1362 20 0.5646385089113891 0.6162075782089212 0.6162075782089212 
15 979 18 0.576212285044331 0.6162075782089212 0.6162075782089212 
16 3079 34 0.578251523420483 0.6587806679389054 0.6587806679389054 
17 3042 23 0.5846666018260188 0.6697782059928852 0.6697782059928852 
18 3496 30 0.5978597891289058 0.6697782059928852 0.6697782059928852 
19 2190 23 0.6063310053633713 0.6702645116262496 0.6702645116262496 
20 1567 23 0.6136532863724741 0.6702595194785875 0.6702645116262496 
21 1413 21 0.6228018520441109 0.6711886945798466 0.6711886945798466 
22 2239 22 0.6309059868292849 0.6714331984087822 0.6714331984087822 
23 2899 18 0.6428724052806881 0.6714331984087822 0.6714331984087822 
24 2164 21 0.6516731894769775 0.6712785757919822 0.6714331984087822 
25 2313 21 0.6531216227459085 0.6716946244417984 0.6716946244417984 
26 2563 31 0.6526745429358111 0.6717609388463481 0.6717609388463481 
27 2296 21 0.6602088405403828 0.6719057800438741 0.6719057800438741 
28 2210 20 0.66169590992601 0.6722375285292279 0.6722375285292279 
29 2934 22 0.6594350729644972 0.6722375285292279 0.6722375285292279 
0 34059 624 0.3778254532600144 0.5323611111258355 0.5323611111258355 
1 3758 208 0.4427998644771391 0.5366092002688986 0.5366092002688986 
2 4166 78 0.47260441164986244 0.5279966457489711 0.5366092002688986 
3 2654 40 0.48952452203496294 0.5445456986342314 0.5445456986342314 
4 2689 30 0.4966694169889292 0.5624317358047558 0.5624317358047558 
5 2067 31 0.5020474663967402 0.5636714935912112 0.5636714935912112 
6 2293 33 0.5057485605198849 0.5636714935912112 0.5636714935912112 
7 2888 44 0.5077638754815852 0.5996807588061801 0.5996807588061801 
8 3346 25 0.5131772832852023 0.56482548066427 0.5996807588061801 
9 3024 46 0.5120523620480929 0.5680702813202443 0.5996807588061801 
10 2530 26 0.5189479797378211 0.5680702813202443 0.5996807588061801 
11 2580 26 0.5214206235525458 0.5696413063278019 0.5996807588061801 
12 1935 21 0.5293871168493431 0.5914928634401393 0.5996807588061801 
13 1757 24 0.5356478318018278 0.5769977181143173 0.5996807588061801 
14 2358 32 0.5403362442059666 0.5786169704251899 0.5996807588061801 
15 2609 41 0.5415040021529915 0.6009153566969123 0.6009153566969123 
16 1668 26 0.5506570344689894 0.602212882254253 0.602212882254253 
17 2149 22 0.5603743753176404 0.602212882254253 0.602212882254253 
18 1606 19 0.5672091807020245 0.6380582644765227 0.6380582644765227 
19 3247 25 0.5716284307615446 0.6382059400627947 0.6382059400627947 
20 1678 23 0.5798825203745875 0.6411217103607095 0.6411217103607095 
21 1051 19 0.5871560200282664 0.6383388480904396 0.6411217103607095 
22 1017 18 0.5931907874927691 0.6389215986731902 0.6411217103607095 
23 1928 20 0.5974197466596093 0.6544281098957629 0.6544281098957629 
24 2664 31 0.5985953990816401 0.6546221458434753 0.6546221458434753 
25 1613 19 0.6079325659219807 0.6553277311078841 0.6553277311078841 
26 3142 23 0.608239087534621 0.6658863754122559 0.6658863754122559 
27 1698 27 0.6160760287024636 0.6807043663909649 0.6807043663909649 
28 3386 20 0.6251851367565638 0.6807043663909649 0.6807043663909649 
29 2741 19 0.6303998576417921 0.6807043663909649 0.6807043663909649 
0 33157 403 0.4086796565140722 0.5369019370875201 0.5369019370875201 
1 3857 143 0.4495784026899871 0.537890888893071 0.537890888893071 
2 1866 63 0.4731895135737747 0.5369019370875201 0.537890888893071 
3 2225 36 0.4889260340384796 0.5420289348978277 0.5420289348978277 
4 2440 25 0.49920442428171585 0.5416054397211958 0.5420289348978277 
5 2248 26 0.5026993192354905 0.5397731750283544 0.5420289348978277 
6 2268 23 0.5057002192021035 0.562338315603452 0.562338315603452 
7 2717 22 0.5083270300185196 0.5590252348120127 0.562338315603452 
8 2415 20 0.5134365410814219 0.5592931401103339 0.562338315603452 
9 3593 21 0.5182194320151323 0.5578978453150757 0.562338315603452 
10 3463 30 0.5194490434593032 0.5731327585946386 0.5731327585946386 
11 2515 38 0.5203599479138136 0.5681097574893795 0.5731327585946386 
12 1421 18 0.5317289513484439 0.5829422759532086 0.5829422759532086 
13 3517 28 0.5323792036893039 0.6006399101536055 0.6006399101536055 
14 1084 20 0.5438237773576953 0.6021221912778127 0.6021221912778127 
15 1372 25 0.5505334290610094 0.619177376491774 0.619177376491774 
16 1627 23 0.557731652809435 0.6249976403740217 0.6249976403740217 
17 1209 24 0.5690437462042227 0.6486173263637851 0.6486173263637851 
18 1570 21 0.5791197851563017 0.6485358410297968 0.6486173263637851 
19 2811 34 0.5863506397956812 0.6901526764040116 0.6901526764040116 
20 3014 24 0.5943476850781927 0.692032269568216 0.692032269568216 
21 1483 25 0.609119309607105 0.6636310428256114 0.692032269568216 
22 2858 27 0.6129479637615323 0.6901361889489754 0.692032269568216 
23 2371 22 0.6236465376287277 0.708214688850446 0.708214688850446 
24 2272 25 0.6244314933228766 0.7233155285808259 0.7233155285808259 
25 1733 22 0.6329014552516291 0.7233155285808259 0.7233155285808259 
26 1742 46 0.6388668282013416 0.7392009452474926 0.7392009452474926 
27 2201 38 0.6552723864620347 0.7393533700021464 0.7393533700021464 
28 1987 27 0.6696617962578136 0.7394749126309248 0.7394749126309248 
29 1971 26 0.6803168185675103 0.7396148500309592 0.7396148500309592 
0 30799 417 0.4023973129371701 0.5351433642156829 0.5351433642156829 
1 3012 146 0.4469140284002847 0.5393974074587105 0.5393974074587105 
2 2411 61 0.46910850158639666 0.5328557095104421 0.5393974074587105 
3 2335 44 0.47919322608313214 0.5378689654922603 0.5393974074587105 
4 1888 29 0.48780845935019507 0.5371114975395996 0.5393974074587105 
5 3274 22 0.4941680123679163 0.5393974074587105 0.5393974074587105 
6 1672 23 0.498273745077318 0.5451301340142989 0.5451301340142989 
7 2340 19 0.506747450285856 0.5505143105743405 0.5505143105743405 
8 1390 22 0.5114005238131203 0.5574582882807009 0.5574582882807009 
9 1564 18 0.5176578038362746 0.5647544029259101 0.5647544029259101 
10 954 17 0.5222775781872585 0.56599554993963 0.56599554993963 
11 2356 22 0.526370232774471 0.570638954600456 0.570638954600456 
12 2262 20 0.533496776281065 0.5839938324103121 0.5839938324103121 
13 1332 18 0.5405289592542946 0.5901205115065272 0.5901205115065272 
14 1806 20 0.5475539801810345 0.59744784983118 0.59744784983118 
15 2493 20 0.55179519796497 0.5971910700127498 0.59744784983118 
16 2616 19 0.5575131159069346 0.598836539803537 0.598836539803537 
17 2315 18 0.5641976587942662 0.600853785209565 0.600853785209565 
18 2196 19 0.570787799894065 0.61812824606991 0.61812824606991 
19 1291 19 0.5781872056753806 0.6262249579140686 0.6262249579140686 
20 2222 20 0.5845168874387192 0.6401590947543159 0.6401590947543159 
21 2115 21 0.589370442512552 0.6498606573168103 0.6498606573168103 
22 1958 18 0.598215455608138 0.6498606573168103 0.6498606573168103 
23 1955 19 0.6018837080173454 0.6593023434294646 0.6593023434294646 
24 2810 19 0.6059978639114136 0.6599714609464082 0.6599714609464082 
25 1123 17 0.6186511345265792 0.650689999258568 0.6599714609464082 
26 1839 19 0.6238032016683303 0.6510188215202313 0.6599714609464082 
27 2628 22 0.6244509607673924 0.6518720439466162 0.6599714609464082 
28 1436 22 0.6316483649358816 0.6519203535399782 0.6599714609464082 
29 1718 21 0.6329943551390456 0.6522198730188224 0.6599714609464082 
0 33409 407 0.4119813468860442 0.5452534318523206 0.5452534318523206 
1 5408 176 0.44878916062303603 0.546817530766297 0.546817530766297 
2 4647 75 0.47695078784452066 0.5473380097820872 0.5473380097820872 
3 1264 41 0.4985881246757193 0.5509625940118549 0.5509625940118549 
4 3326 27 0.5073247909729024 0.5721380879897854 0.5721380879897854 
5 1692 20 0.5176072614497454 0.5633127082001768 0.5721380879897854 
6 1685 22 0.5188640895979089 0.5887140731448361 0.5887140731448361 
7 1667 22 0.5238468518853374 0.5763866818976987 0.5887140731448361 
8 1635 21 0.5316033708608766 0.5822065846992057 0.5887140731448361 
9 2584 29 0.5349342654227933 0.6060623320580724 0.6060623320580724 
10 1421 30 0.5422542539194779 0.6136801486970572 0.6136801486970572 
11 2188 21 0.5495533022921947 0.6169808002760864 0.6169808002760864 
12 2437 24 0.5574238938148008 0.6576302482681357 0.6576302482681357 
13 2339 32 0.5663866924881037 0.669602181138506 0.669602181138506 
14 2997 23 0.5829314089693498 0.6697169562112376 0.6697169562112376 
15 1952 23 0.5974182752907482 0.6706963688135761 0.6706963688135761 
16 1173 18 0.6131962488189118 0.6707626832181258 0.6707626832181258 
17 1290 18 0.6275761613050022 0.6707626832181258 0.6707626832181258 
18 2305 18 0.6386219535711988 0.6708232311527147 0.6708232311527147 
19 2117 20 0.6433005043607742 0.6926133002030495 0.6926133002030495 
20 1642 16 0.6563093796683687 0.7075849375322236 0.7075849375322236 
21 1785 24 0.6516405164313199 0.7078634580313323 0.7078634580313323 
22 2126 19 0.6602221308410349 0.7079046306268528 0.7079046306268528 
23 2940 21 0.6632021286535893 0.7079046306268528 0.7079046306268528 
24 3494 32 0.661956807675435 0.7079046306268528 0.7079046306268528 
25 2774 24 0.6661856679272737 0.708683326978261 0.708683326978261 
26 1683 21 0.6753213023434488 0.7086323438891954 0.708683326978261 
27 1612 18 0.6872873461579114 0.7091070591440908 0.7091070591440908 
28 1767 20 0.6915145513164741 0.7091504619218686 0.7091504619218686 
29 3313 29 0.6817526628681999 0.7091504619218686 0.7091504619218686 
0 30262 673 0.4073919210091288 0.5451484737952995 0.5451484737952995 
1 2736 132 0.46218679883390146 0.5369513324931439 0.5451484737952995 
2 2062 74 0.48158474642963256 0.5384493116478016 0.5451484737952995 
3 1628 40 0.49304718880984466 0.5586374782904586 0.5586374782904586 
4 1564 25 0.49963769847714823 0.5624032823886248 0.5624032823886248 
5 2227 25 0.5038754199099817 0.5524084941575026 0.5624032823886248 
6 1928 23 0.5071965538968274 0.5556540316401724 0.5624032823886248 
7 1961 68 0.502319754242757 0.5608434909717638 0.5624032823886248 
8 1078 23 0.5154897691455436 0.5638657297568165 0.5638657297568165 
9 2440 21 0.5201592981188506 0.5873281799610505 0.5873281799610505 
10 2248 27 0.5235820404712349 0.5947477110635875 0.5947477110635875 
11 2964 27 0.5301859812280056 0.5960978401226948 0.5960978401226948 
12 3153 25 0.5389018448753968 0.5951166614967854 0.5960978401226948 
13 1923 26 0.5474925139164485 0.6048732658037304 0.6048732658037304 
14 1902 22 0.5571702230530475 0.6274767144059706 0.6274767144059706 
15 2236 26 0.5669387549945545 0.6099347020775455 0.6274767144059706 
16 2321 32 0.5707653609616963 0.6288384696896283 0.6288384696896283 
17 2149 25 0.5782361049687141 0.6500328107883087 0.6500328107883087 
18 2810 31 0.5869276714500803 0.678362399202489 0.678362399202489 
19 1381 26 0.5933814945990936 0.6477402097464005 0.678362399202489 
20 2976 23 0.6034777857437854 0.6776591639862158 0.678362399202489 
21 2825 27 0.6078126325269103 0.6926566831003499 0.6926566831003499 
22 2106 23 0.6203432945776026 0.7068083560801479 0.7068083560801479 
23 1494 22 0.6301545177557624 0.7061039329083363 0.7068083560801479 
24 1496 20 0.6379013118415757 0.7058918538852967 0.7068083560801479 
25 1752 20 0.6472468618011534 0.706638387160179 0.7068083560801479 
26 892 20 0.6564784338359597 0.7068781955797501 0.7068781955797501 
27 3016 22 0.6578244940198417 0.706931409713424 0.706931409713424 
28 1528 24 0.6726366653583881 0.7068781955797501 0.706931409713424 
29 1743 27 0.6819541082537173 0.707436188040653 0.707436188040653 
0 31811 451 0.4012786516288573 0.5311074511275027 0.5311074511275027 
1 2922 139 0.44988787254880125 0.5260255870188837 0.5311074511275027 
2 1696 56 0.4776929132627801 0.5313260245080447 0.5313260245080447 
3 3141 36 0.4885348918943018 0.5372115731446725 0.5372115731446725 
4 1518 24 0.4955521679008586 0.5424337608662682 0.5424337608662682 
5 2958 41 0.4989623652608268 0.5643474032699514 0.5643474032699514 
6 1745 27 0.5048927517093185 0.5643474032699514 0.5643474032699514 
7 3400 26 0.5107204088086099 0.5643474032699514 0.5643474032699514 
8 1897 25 0.5176155393593153 0.5921635460681403 0.5921635460681403 
9 3812 31 0.5228472881166533 0.5908457971385602 0.5921635460681403 
10 1882 25 0.5383488342400287 0.6236011193418884 0.6236011193418884 
11 1858 28 0.5475260565599617 0.6096952987370544 0.6236011193418884 
12 1865 24 0.5596899893637144 0.6292544602254297 0.6292544602254297 
13 1366 25 0.5703484540925239 0.6334793414297675 0.6334793414297675 
14 1262 26 0.5823398812987448 0.6518843412316908 0.6518843412316908 
15 1967 26 0.5936978809895974 0.6518843412316908 0.6518843412316908 
16 2176 26 0.6019269817651891 0.6526154321748925 0.6526154321748925 
17 1188 25 0.6102608211157964 0.683444567483448 0.683444567483448 
18 2399 28 0.6187968567724595 0.6712575462924769 0.683444567483448 
19 2615 28 0.6211691367335732 0.6715138579674738 0.683444567483448 
20 2120 27 0.6283687885154197 0.6724379135440905 0.683444567483448 
21 2440 30 0.6286597657776583 0.6714754112162242 0.683444567483448 
22 2564 30 0.632904324592701 0.6728031922721099 0.683444567483448 
23 1989 29 0.6371122436693958 0.7075847083332139 0.7075847083332139 
24 1726 29 0.6416831997253009 0.7097306585711296 0.7097306585711296 
25 2170 26 0.6451660630841589 0.7097194578542837 0.7097306585711296 
26 1450 32 0.6488866235497097 0.7097411804566515 0.7097411804566515 
27 1497 26 0.6557913723541365 0.7113264710299642 0.7113264710299642 
28 2526 26 0.6579729077147615 0.7250132361998396 0.7250132361998396 
29 2265 27 0.6621495735446417 0.724983303249648 0.7250132361998396 
0 31557 506 0.39638288774829156 0.5365513661008303 0.5365513661008303 
1 3302 154 0.4447313067571296 0.5375995958252618 0.5375995958252618 
2 1786 69 0.46893286225370223 0.5375995958252618 0.5375995958252618 
3 2642 51 0.4813497176064326 0.5469764270000848 0.5469764270000848 
4 3728 43 0.489549749534059 0.5518012839803972 0.5518012839803972 
5 3430 29 0.5028494799897458 0.5518012839803972 0.5518012839803972 
6 1373 27 0.5128681571713782 0.5566463912784965 0.5566463912784965 
7 2622 20 0.5204956885274302 0.5654163103477419 0.5654163103477419 
8 2097 21 0.5267213313642746 0.575731852294085 0.575731852294085 
9 1696 24 0.5311201189722733 0.6064561414136181 0.6064561414136181 
10 1492 20 0.5385301850791401 0.6064561414136181 0.6064561414136181 
11 3029 29 0.5419056763443169 0.6064561414136181 0.6064561414136181 
12 2047 25 0.5470482970166213 0.6064561414136183 0.6064561414136183 
13 2504 21 0.5538504811681045 0.6064561414136181 0.6064561414136183 
14 1967 25 0.5597028600841069 0.6072645168409556 0.6072645168409556 
15 2239 20 0.5679407566844269 0.614675339004764 0.614675339004764 
16 1987 22 0.5741655102226896 0.6214105213000181 0.6214105213000181 
17 2835 23 0.578225870042417 0.6214105213000181 0.6214105213000181 
18 972 18 0.5892220219815107 0.6214105213000181 0.6214105213000181 
19 3027 19 0.5923251688225565 0.6214105213000181 0.6214105213000181 
20 2092 20 0.5961447268102824 0.6311999073569248 0.6311999073569248 
21 2317 22 0.5999124540187998 0.630527624273651 0.6311999073569248 
22 1726 24 0.604622205573297 0.6309971553159375 0.6311999073569248 
23 2442 30 0.6012939418494737 0.6398028878119273 0.6398028878119273 
24 2967 31 0.6038074583602223 0.6404051586347864 0.6404051586347864 
25 1594 21 0.6119990657705326 0.6406587463496745 0.6406587463496745 
26 1233 34 0.6132117943445303 0.6450955373049121 0.6450955373049121 
27 2903 23 0.6138882116643127 0.6582401518854087 0.6582401518854087 
28 2629 20 0.6208296930776593 0.6703939284796103 0.6703939284796103 
29 1437 21 0.6312881285283208 0.6703939284796103 0.6703939284796103 
0 35011 483 0.3972145408286131 0.5259339124715524 0.5259339124715524 
1 3258 179 0.44551362259484967 0.5259339124715524 0.5259339124715524 
2 3167 74 0.46728031185833074 0.5259339124715524 0.5259339124715524 
3 2731 40 0.482881935611857 0.5521634235647593 0.5521634235647593 
4 2610 29 0.49186284346222864 0.5374853740082179 0.5521634235647593 
5 2290 25 0.4982241984437107 0.5575756103320366 0.5575756103320366 
6 1679 21 0.5082545921298706 0.5575756103320366 0.5575756103320366 
7 2135 20 0.5138146235211112 0.5566844822758759 0.5575756103320366 
8 1945 21 0.520368160327217 0.562854569782324 0.562854569782324 
9 3100 23 0.5251956588077906 0.5712712780087603 0.5712712780087603 
10 1669 22 0.5325087272220786 0.5897936811828848 0.5897936811828848 
11 1913 21 0.540207079935632 0.6261790127903905 0.6261790127903905 
12 1478 20 0.5451889083444676 0.5975732518830437 0.6261790127903905 
13 2111 20 0.5536458323700508 0.5983157547665501 0.6261790127903905 
14 2495 30 0.5545071989097873 0.6271214436347821 0.6271214436347821 
15 2858 30 0.5617340355955548 0.5996088687090868 0.6271214436347821 
16 1844 24 0.5716700058763541 0.6075886502484387 0.6271214436347821 
17 1524 22 0.5778637270428812 0.6077072053869772 0.6271214436347821 
18 2108 22 0.5847871551561495 0.6082320326013799 0.6271214436347821 
19 2284 22 0.5874579208836195 0.6095023606800437 0.6271214436347821 
20 2644 27 0.589183920866881 0.6271214436347821 0.6271214436347821 
21 3102 25 0.5923911563064208 0.6403133384964241 0.6403133384964241 
22 965 20 0.5975130813926451 0.6507191450127034 0.6507191450127034 
23 2247 30 0.5966042479389022 0.6626025896889673 0.6626025896889673 
24 1548 24 0.6019295584980207 0.6756033909710186 0.6756033909710186 
25 1584 21 0.6100897223441177 0.674344233461861 0.6756033909710186 
26 1090 37 0.6150109420133496 0.6751582342758619 0.6756033909710186 
27 3068 29 0.6194120592144938 0.6754431345607621 0.6756033909710186 
28 1582 23 0.6321847698466282 0.6761310645169848 0.6761310645169848 
29 1617 22 0.6403036852406591 0.6761310645169848 0.6761310645169848 
0 33959 594 0.387368921433777 0.5447694780775614 0.5447694780775614 
1 3872 182 0.44388168681871853 0.5467838986874031 0.5467838986874031 
2 3654 83 0.46982600860798257 0.5447694780775614 0.5467838986874031 
3 1707 37 0.4887213775630069 0.5466136822927049 0.5467838986874031 
4 2383 26 0.4998798089246433 0.5467838986874031 0.5467838986874031 
5 3130 21 0.5073401207275743 0.5454238393538021 0.5467838986874031 
6 2488 26 0.509727767486502 0.5541036220589792 0.5541036220589792 
7 2042 23 0.516066353105979 0.573104169130596 0.573104169130596 
8 1738 23 0.5233605131395049 0.5825766652431634 0.5825766652431634 
9 2195 21 0.5297581259750467 0.5825766652431634 0.5825766652431634 
10 803 18 0.5377307456029384 0.5878982624434196 0.5878982624434196 
11 3465 23 0.5409365158678503 0.6299987622598766 0.6299987622598766 
12 3655 30 0.5472540048535913 0.5991538727230441 0.6299987622598766 
13 2121 19 0.5596877983924792 0.6318628794750141 0.6318628794750141 
14 2666 30 0.5658903396828129 0.6401729373305074 0.6401729373305074 
15 1703 23 0.5778489222717995 0.6405916720758674 0.6405916720758674 
16 1963 19 0.5887979555970417 0.6617463229303094 0.6617463229303094 
17 2524 26 0.5900394484029028 0.6512406018323461 0.6617463229303094 
18 903 18 0.6067312846272042 0.6512406018323461 0.6617463229303094 
19 2700 26 0.6132343789617167 0.6935846170747894 0.6935846170747894 
20 2302 20 0.6264701921956434 0.6932445156004456 0.6935846170747894 
21 2897 18 0.6312373138452521 0.6935297202807621 0.6935846170747894 
22 1571 17 0.639285419499496 0.6935846170747894 0.6935846170747894 
23 2009 21 0.6372753790685691 0.7074721580513249 0.7074721580513249 
24 1693 18 0.6448491477322124 0.7078416043120621 0.7078416043120621 
25 1518 19 0.6450689523180848 0.7079774738772795 0.7079774738772795 
26 2463 25 0.6466823425375147 0.708123515088811 0.708123515088811 
27 2186 22 0.6578050858623534 0.7082822452475411 0.7082822452475411 
28 3468 32 0.6601915542578395 0.7080152154231731 0.7082822452475411 
29 2641 23 0.6796516869645685 0.7082475230253189 0.7082822452475411 
0 30996 440 0.4023239313011633 0.5252930625522927 0.5252930625522927 
1 3841 160 0.44662985445922976 0.5260542199931305 0.5260542199931305 
2 2229 88 0.470749427724442 0.5278809978511413 0.5278809978511413 
3 1158 35 0.48626064937261604 0.5352432034835325 0.5352432034835325 
4 1678 24 0.4951167009088756 0.5289135806691936 0.5352432034835325 
5 2213 24 0.5013152523340075 0.5523241625503323 0.5523241625503323 
6 3624 30 0.5022816014356931 0.5591108472541029 0.5591108472541029 
7 1974 27 0.5075476728659288 0.5646988767379012 0.5646988767379012 
8 1784 22 0.5126855216348991 0.5490753219365687 0.5646988767379012 
9 2080 19 0.5185291240202967 0.5567873374915657 0.5646988767379012 
10 1667 20 0.5235678351926457 0.5735803151031919 0.5735803151031919 
11 2231 27 0.5280226625589527 0.57479079391041 0.57479079391041 
12 1819 19 0.5382372441392745 0.605924623523802 0.605924623523802 
13 1503 21 0.5469363325924095 0.6454057756197493 0.6454057756197493 
14 2450 36 0.5495881663399009 0.656347344630166 0.656347344630166 
15 2064 27 0.560039277627767 0.656817115871996 0.656817115871996 
16 2478 22 0.5708968044140015 0.6571735526233549 0.6571735526233549 
17 1619 23 0.5814275673382945 0.656817115871996 0.6571735526233549 
18 2133 38 0.5948882948486142 0.6575484980055516 0.6575484980055516 
19 3201 34 0.6053404894669039 0.6574906800065572 0.6575484980055516 
20 1496 28 0.6189241595570806 0.6578275505500832 0.6578275505500832 
21 3133 30 0.6231953960134602 0.6578275505500832 0.6578275505500832 
22 1326 20 0.6408382215891897 0.6692452011198026 0.6692452011198026 
23 1501 22 0.6452584109255415 0.6693383444260996 0.6693383444260996 
24 1951 28 0.6450412941576364 0.6694602433182825 0.6694602433182825 
25 3185 25 0.6475237366993912 0.6695681136595623 0.6695681136595623 
26 2542 44 0.6460468739221789 0.669599470357455 0.669599470357455 
27 1546 20 0.6576368834133371 0.669837809627025 0.669837809627025 
28 1788 22 0.6587717060228022 0.6703084635878211 0.6703084635878211 
29 3033 27 0.654273999535641 0.7060757748853653 0.7060757748853653 
0 31567 509 0.40023582595456664 0.5451657295605671 0.5451657295605671 
1 2911 155 0.4530827448545919 0.5451657295605671 0.5451657295605671 
2 2403 54 0.48129129635055795 0.5541736605952583 0.5541736605952583 
3 2543 38 0.49324050495383676 0.5553197062358523 0.5553197062358523 
4 2426 23 0.504270361230403 0.5553197062358523 0.5553197062358523 
5 1018 22 0.5112025470416895 0.5553197062358524 0.5553197062358524 
6 719 23 0.5188301908773896 0.5720742567406082 0.5720742567406082 
7 3592 24 0.5219586976559224 0.5685427030942648 0.5720742567406082 
8 1924 24 0.5284017680055121 0.5935121294086108 0.5935121294086108 
9 1053 19 0.5387149888472282 0.6036254442567578 0.6036254442567578 
10 2772 48 0.5422572729223543 0.6287380306883738 0.6287380306883738 
11 1725 20 0.5582456569668675 0.6300980359699477 0.6300980359699477 
12 1979 24 0.5650689063405507 0.643603685790622 0.643603685790622 
13 2563 27 0.5734943280805234 0.6439710658581174 0.6439710658581174 
14 2241 34 0.5844037497018639 0.658880080636755 0.658880080636755 
15 2496 23 0.5998967101166124 0.6712227702069564 0.6712227702069564 
16 2654 34 0.6089035567296206 0.6712227702069564 0.6712227702069564 
17 2733 29 0.6203759376598156 0.6713629043480075 0.6713629043480075 
18 2589 20 0.63439187507537 0.6713629043480075 0.6713629043480075 
19 1300 26 0.6459475026033777 0.6707684067093345 0.6713629043480075 
20 1989 31 0.6485986237939203 0.6712493192315405 0.6713629043480075 
21 1558 20 0.6516498346553985 0.671289084611506 0.6713629043480075 
22 2351 20 0.6571051801316382 0.6714561969109712 0.6714561969109712 
23 3022 20 0.655341929661262 0.671503331149282 0.671503331149282 
24 2796 23 0.6590330876519088 0.6716576336920534 0.6716576336920534 
25 831 18 0.6671949840359999 0.6716576336920534 0.6716576336920534 
26 2444 29 0.6557382814564743 0.6716576336920534 0.6716576336920534 
27 3675 27 0.6546761031129499 0.6717641980569298 0.6717641980569298 
28 2436 23 0.6588791497643309 0.6718113322952405 0.6718113322952405 
29 1681 19 0.6667411018249477 0.708338738389101 0.708338738389101 
0 31827 405 0.40911249805299177 0.5224581071522489 0.5224581071522489 
1 2130 142 0.4550916310620076 0.5405889556701122 0.5405889556701122 
2 4008 69 0.4768528456100159 0.5257889206661106 0.5405889556701122 
3 1704 54 0.4904300707747368 0.5347221991845389 0.5405889556701122 
4 1770 28 0.49823610185750505 0.5412201974091078 0.5412201974091078 
5 1177 25 0.5017488977064591 0.5387136280874295 0.5412201974091078 
6 2885 25 0.5063620253571623 0.5397337812631229 0.5412201974091078 
7 1416 21 0.512069340300519 0.540572442424744 0.5412201974091078 
8 3458 21 0.5155259437768543 0.5592646914817221 0.5592646914817221 
9 2490 24 0.5173677449625489 0.5595687428711993 0.5595687428711993 
10 2712 20 0.5216403978537594 0.5688647099003623 0.5688647099003623 
11 1299 20 0.5273852576314648 0.5903722226648577 0.5903722226648577 
12 3268 26 0.5283206764085798 0.5903722226648577 0.5903722226648577 
13 3438 24 0.5356452402558926 0.5903722226648577 0.5903722226648577 
14 1803 21 0.545017040457631 0.591634997297289 0.591634997297289 
15 3577 20 0.5524130435179172 0.591634997297289 0.591634997297289 
16 3147 20 0.5614377356290224 0.5965972337762591 0.5965972337762591 
17 2751 19 0.5688342353007529 0.5969718429488106 0.5969718429488106 
18 1536 18 0.5795409012741349 0.632362823915233 0.632362823915233 
19 1593 18 0.5858551082164759 0.6339759032838348 0.6339759032838348 
20 1850 20 0.589910133195549 0.6347002070990433 0.6347002070990433 
21 1879 23 0.5938176768841835 0.634505058259593 0.6347002070990433 
22 593 17 0.606909422022508 0.6410677674710948 0.6410677674710948 
23 1989 18 0.6132993545754112 0.6524166190444305 0.6524166190444305 
24 2845 20 0.6168647521550057 0.6524166190444305 0.6524166190444305 
25 2728 21 0.6214388654322982 0.6623726799662676 0.6623726799662676 
26 1558 18 0.6291323690787863 0.6646074648739482 0.6646074648739482 
27 1735 18 0.6319242536018755 0.6646074648739482 0.6646074648739482 
28 2371 19 0.6321212368377868 0.6745016180673338 0.6745016180673338 
29 2489 22 0.6295930585653211 0.6457256179678477 0.6745016180673338 
0 33292 502 0.39767638110047765 0.5430853691160245 0.5430853691160245 
1 4050 132 0.4535267569216064 0.5439468055115702 0.5439468055115702 
2 2206 52 0.47747279078200333 0.5443095155728527 0.5443095155728527 
3 3589 41 0.48641072913291983 0.549924030205687 0.549924030205687 
4 1459 28 0.5002830871315179 0.549924030205687 0.549924030205687 
5 2106 24 0.5099590222285658 0.5718789495597951 0.5718789495597951 
6 2301 27 0.517989097171823 0.5730604478001169 0.5730604478001169 
7 1947 20 0.5274096843102588 0.5730604478001169 0.5730604478001169 
8 2446 20 0.5344922898523375 0.5938229372123023 0.5938229372123023 
9 2792 23 0.5425785336128782 0.5945170325142407 0.5945170325142407 
10 4116 41 0.5453478102947363 0.6309891314463713 0.6309891314463713 
11 2332 21 0.5558963750241793 0.6329415764328719 0.6329415764328719 
12 1536 25 0.5635670247186083 0.6430981298239995 0.6430981298239995 
13 3648 20 0.5716278167316139 0.6436547173712991 0.6436547173712991 
14 2315 24 0.5764846720907069 0.6430981298239995 0.6436547173712991 
15 3319 40 0.5807383880492277 0.6430981298239995 0.6436547173712991 
16 2303 19 0.5953547042843522 0.6470662508190025 0.6470662508190025 
17 1798 25 0.6057736628727558 0.6705654445289075 0.6705654445289075 
18 2441 23 0.6127977423939304 0.6582582133310496 0.6705654445289075 
19 3225 32 0.6179956372739308 0.6694395231293114 0.6705654445289075 
20 3053 21 0.6291096653245681 0.6693587122695206 0.6705654445289075 
21 2237 18 0.6372371937685332 0.6700144127223322 0.6705654445289075 
22 3140 27 0.6359337671919213 0.6700144127223322 0.6705654445289075 
23 2730 22 0.6415950565404386 0.6701457152433407 0.6705654445289075 
24 2287 19 0.6505689758970828 0.6709448974704769 0.6709448974704769 
25 1599 19 0.6526202238404695 0.6708177624604371 0.6709448974704769 
26 2785 22 0.655740787048435 0.6709475108755336 0.6709475108755336 
27 1757 20 0.6579861316876817 0.6710609821899853 0.6710609821899853 
28 2905 27 0.6534165670385942 0.6710842351844974 0.6710842351844974 
29 1924 18 0.6637005530779142 0.6712824656007623 0.6712824656007623 
0 33679 767 0.3905627368373932 0.5426888563522415 0.5426888563522415 
1 3549 170 0.44899471555207227 0.5383119231335383 0.5426888563522415 
2 2182 73 0.47903060294419064 0.5383702126344119 0.5426888563522415 
3 1936 33 0.4970769323510187 0.5625833094034133 0.5625833094034133 
4 2209 26 0.5030788322034584 0.5571547685930093 0.5625833094034133 
5 2900 31 0.5064924670208949 0.5602948046283074 0.5625833094034133 
6 3028 22 0.5135963463317722 0.5602948046283074 0.5625833094034133 
7 1726 22 0.5189088575386909 0.5631751331221846 0.5631751331221846 
8 1853 24 0.5226748031396183 0.5692791008819673 0.5692791008819673 
9 1415 21 0.5313750397224652 0.6072162557696024 0.6072162557696024 
10 1532 24 0.5356334863194061 0.6317158814597408 0.6317158814597408 
11 3152 23 0.5388475598833273 0.6426002733138018 0.6426002733138018 
12 2900 26 0.5462993323354318 0.6427504499345666 0.6427504499345666 
13 2262 27 0.5524687649519315 0.6426775701039014 0.6427504499345666 
14 2306 23 0.5605302771197812 0.6426775701039014 0.6427504499345666 
15 2015 24 0.5715951742689823 0.6421309713739116 0.6427504499345666 
16 1955 19 0.5820146031871737 0.6420162531219384 0.6427504499345666 
17 3023 20 0.5934646560786556 0.6426775701039014 0.6427504499345666 
18 1535 18 0.606879068062413 0.6422377780223003 0.6427504499345666 
19 2186 22 0.6132297049670026 0.6427504499345666 0.6427504499345666 
20 2142 18 0.6226772835018386 0.6430672862516016 0.6430672862516016 
21 2506 21 0.627522305004465 0.6432250465574542 0.6432250465574542 
22 2966 24 0.6310105474867563 0.6434707547244305 0.6434707547244305 
23 3303 22 0.6321386620746914 0.6434012147466157 0.6434707547244305 
24 1729 18 0.6374512751289437 0.6437977796056209 0.6437977796056209 
25 1752 19 0.6368522032547559 0.6437977796056209 0.6437977796056209 
26 1549 18 0.6382346000124433 0.6439085702049406 0.6439085702049406 
27 1901 21 0.6361727305343041 0.6439085702049406 0.6439085702049406 
28 1279 20 0.6359933079934093 0.6753052100574628 0.6753052100574628 
29 2685 19 0.635986583735755 0.6756083988498032 0.6756083988498032 
0 30676 421 0.40547113583700295 0.5331081180295368 0.5331081180295368 
1 4287 155 0.45470910139102744 0.534546230123125 0.534546230123125 
2 3355 55 0.4788899322618827 0.5379796628985609 0.5379796628985609 
3 2268 35 0.4909823138771348 0.5374737351310425 0.5379796628985609 
4 2525 31 0.4988560264330685 0.5521470092840995 0.5521470092840995 
5 1817 22 0.508607059039353 0.5554761303903426 0.5554761303903426 
6 2495 23 0.5128018412054749 0.5554761303903426 0.5554761303903426 
7 1539 20 0.5192766893512243 0.5716966657792422 0.5716966657792422 
8 1797 23 0.5231481994075221 0.5753281776223269 0.5753281776223269 
9 2411 38 0.522453950549295 0.5956579284387293 0.5956579284387293 
10 1948 18 0.5355104304281064 0.5962431260419008 0.5962431260419008 
11 2913 25 0.5408589568741379 0.5966820242442794 0.5966820242442794 
12 2313 18 0.5506210634547969 0.6137228648786147 0.6137228648786147 
13 1794 17 0.5624736254632805 0.6150748286660791 0.6150748286660791 
14 2557 20 0.5668565531075561 0.6411761066724945 0.6411761066724945 
15 2798 27 0.5713532909437863 0.6411761066724945 0.6411761066724945 
16 2059 18 0.5858546840377642 0.658823757029844 0.658823757029844 
17 1765 18 0.6005022993978174 0.6684746859711121 0.6684746859711121 
18 2441 31 0.6047402833086722 0.6685410003756619 0.6685410003756619 
19 3895 39 0.6130865901326747 0.693449077328418 0.693449077328418 
20 1081 17 0.6350436491790582 0.7074366088940746 0.7074366088940746 
21 2848 20 0.6357895176849117 0.6935039741224451 0.7074366088940746 
22 2491 35 0.6416813213105157 0.7075822965397622 0.7075822965397622 
23 2055 27 0.6481899388226192 0.7075155230354887 0.7075822965397622 
24 1923 20 0.6562065477210207 0.7073743981348938 0.7075822965397622 
25 2602 26 0.6591691635757904 0.7073743981348938 0.7075822965397622 
26 2191 17 0.6676006299768058 0.7076395309719966 0.7076395309719966 
27 2161 20 0.6674767938030738 0.7074079584190379 0.7076395309719966 
28 1848 18 0.6722116060734659 0.7075200857805815 0.7076395309719966 
29 1837 19 0.6753894303794691 0.7076119736527726 0.7076395309719966 
0 32567 645 0.38484227002082855 0.5445910189700751 0.5445910189700751 
1 3464 155 0.4567027113413586 0.545668158464383 0.545668158464383 
2 2719 51 0.4799934599305837 0.5457430410487281 0.5457430410487281 
3 1838 30 0.4939215247294662 0.5497737922125748 0.5497737922125748 
4 2579 26 0.5019494712665513 0.5685210752572158 0.5685210752572158 
5 1437 23 0.5097841322638677 0.5685210752572158 0.5685210752572158 
6 2707 51 0.5112062870483689 0.5687123252011305 0.5687123252011305 
7 2192 24 0.5203139561867595 0.5966563975547027 0.5966563975547027 
8 2253 35 0.5263497644426165 0.5969617180433139 0.5969617180433139 
9 2281 24 0.5332648614657305 0.6043197417923294 0.6043197417923294 
10 3007 41 0.5410240684852884 0.6126859092058237 0.6126859092058237 
11 2155 23 0.5564495089178539 0.6243878061155964 0.6243878061155964 
12 2673 25 0.5672539360887503 0.6241314641006759 0.6243878061155964 
13 3031 28 0.5745296831839176 0.6549024210642973 0.6549024210642973 
14 1490 22 0.5858037235345176 0.6549024210642973 0.6549024210642973 
15 1708 26 0.5941192804306055 0.6558429551096285 0.6558429551096285 
16 2464 18 0.6075776647437158 0.6579896965515 0.6579896965515 
17 1911 20 0.616320923769727 0.6592847132853874 0.6592847132853874 
18 2433 21 0.6224164525110429 0.669833096938091 0.669833096938091 
19 2797 22 0.6299133051122516 0.669833096938091 0.669833096938091 
20 2319 24 0.6340670111673828 0.6708543387681563 0.6708543387681563 
21 2461 22 0.6411858270941743 0.6703819628747988 0.6708543387681563 
22 1519 19 0.6477427149744795 0.6709833694946674 0.6709833694946674 
23 1832 21 0.6504492911603053 0.6710090177243968 0.6710090177243968 
24 958 17 0.6582873882964511 0.6710090177243968 0.6710090177243968 
25 1931 23 0.6568992798692398 0.6719613251274651 0.6719613251274651 
26 2198 24 0.6600993775390199 0.6725173551619834 0.6725173551619834 
27 3309 63 0.6509713658279392 0.6725173551619834 0.6725173551619834 
28 1803 21 0.6595011619756923 0.6725173551619834 0.6725173551619834 
29 2443 33 0.6599298445742977 0.6724796245524982 0.6725173551619834 
0 33169 503 0.4052535900342403 0.5370514073476498 0.5370514073476498 
1 3932 164 0.45180995518522216 0.53800886002052 0.53800886002052 
2 3461 55 0.48184315091507074 0.5319583272675343 0.53800886002052 
3 2663 31 0.4972456221351457 0.5578768994437059 0.5578768994437059 
4 2087 27 0.50430916192485 0.5703504804153869 0.5703504804153869 
5 2222 27 0.508958030960272 0.5703504804153869 0.5703504804153869 
6 2931 40 0.5106574835819834 0.5757317148812027 0.5757317148812027 
7 1921 32 0.5179369685770965 0.60656140117557 0.60656140117557 
8 2156 20 0.5248239666040649 0.60656140117557 0.60656140117557 
9 2464 26 0.5275701443596131 0.5994915713587077 0.60656140117557 
10 1683 26 0.5349397052621582 0.5992610960981326 0.60656140117557 
11 2622 29 0.5415706143038242 0.6075152503349001 0.6075152503349001 
12 1920 22 0.5528423845803564 0.6388314166880442 0.6388314166880442 
13 3270 30 0.5574878091605836 0.6489282614584732 0.6489282614584732 
14 1000 22 0.5741818032422554 0.6600559276030391 0.6600559276030391 
15 1402 25 0.5779979294668395 0.6491671220763239 0.6600559276030391 
16 1746 24 0.5892560795417476 0.6494322521740222 0.6600559276030391 
17 2300 27 0.5996433578431664 0.675384225364557 0.675384225364557 
18 1898 25 0.6119168769630627 0.6754228147994313 0.6754228147994313 
19 2614 26 0.620522535135726 0.6643891310864671 0.6754228147994313 
20 2944 29 0.6287832607361483 0.6649935911639572 0.6754228147994313 
21 1845 28 0.639342398613711 0.676230430106075 0.676230430106075 
22 1232 26 0.6478913280534495 0.6762062859142017 0.676230430106075 
23 3244 43 0.6476601013950485 0.6761806327103365 0.676230430106075 
24 2811 29 0.6529217058735761 0.6767723880819502 0.6767723880819502 
25 2097 27 0.6602906877933071 0.6770725371942592 0.6770725371942592 
26 2394 26 0.6642183434282728 0.6770389812916695 0.6770725371942592 
27 4084 32 0.6658714326790534 0.7418535763994929 0.7418535763994929 
28 2416 26 0.669211970822258 0.7418535763994929 0.7418535763994929 
29 2179 24 0.672677253219255 0.7418535763994929 0.7418535763994929 
0 33500 413 0.4077907072029708 0.533091523720617 0.533091523720617 
1 3646 142 0.4505479940172373 0.5326078287196931 0.533091523720617 
2 1305 79 0.469802981562237 0.5522059567671656 0.5522059567671656 
3 2900 50 0.4816852197808798 0.5528693746019585 0.5528693746019585 
4 1972 30 0.4939302456686426 0.5528693746019586 0.5528693746019586 
5 1776 23 0.5047239337109177 0.556180225931457 0.556180225931457 
6 3375 34 0.5099599310300852 0.5763002515673875 0.5763002515673875 
7 1797 19 0.5204952589091694 0.60715388528557 0.60715388528557 
8 2613 25 0.529166015155056 0.6060548687161322 0.60715388528557 
9 3311 24 0.5385268172203079 0.6144643783327617 0.6144643783327617 
10 1980 25 0.5504947122615834 0.6142507852702643 0.6144643783327617 
11 2128 22 0.5626011547367733 0.6369179810531624 0.6369179810531624 
12 1259 21 0.5722688252636086 0.6591118107090161 0.6591118107090161 
13 2842 24 0.5811070730233591 0.6591118107090161 0.6591118107090161 
14 2328 22 0.5951283028073684 0.6595741864956037 0.6595741864956037 
15 2474 28 0.6005016086513159 0.6600080381972039 0.6600080381972039 
16 1573 24 0.6062011986630403 0.6600080381972039 0.6600080381972039 
17 2390 29 0.6117933054483607 0.6707992111255539 0.6707992111255539 
18 1944 21 0.6262068219747134 0.6707817249434873 0.6707992111255539 
19 2323 22 0.6364040980249045 0.6709029784150176 0.6709029784150176 
20 2447 22 0.6453076290022629 0.6713248503027933 0.6713248503027933 
21 1917 26 0.649152732517141 0.6712088000948314 0.6713248503027933 
22 2037 21 0.6537929628085916 0.6717553502423321 0.6717553502423321 
23 2862 25 0.6497893716562305 0.6715600607479209 0.6717553502423321 
24 2080 41 0.6557433342823825 0.6716666251127972 0.6717553502423321 
25 2338 19 0.6631976386857399 0.6717553502423321 0.6717553502423321 
26 2262 27 0.6591618065903553 0.6717553502423321 0.6717553502423321 
27 1794 20 0.6644884083362367 0.6725179610683764 0.6725179610683764 
28 2897 20 0.6612813976248265 0.6725734633417495 0.6725734633417495 
29 3108 40 0.6576817018190271 0.6725734633417495 0.6725734633417495 
0 29440 384 0.41399288729466366 0.5447524279701514 0.5447524279701514 
1 4415 113 0.4560392887748238 0.5447524279701514 0.5447524279701514 
2 1964 57 0.47850229742741895 0.5462296697507021 0.5462296697507021 
3 1245 30 0.49140066737341587 0.5462296697507021 0.5462296697507021 
4 2246 22 0.49893090525256795 0.5566846781900888 0.5566846781900888 
5 2141 24 0.5052197392379957 0.5566846781900888 0.5566846781900888 
6 1731 23 0.5091408560461139 0.5566846781900888 0.5566846781900888 
7 3407 29 0.5112326695521161 0.5566846781900888 0.5566846781900888 
8 1974 23 0.5170175150296559 0.5576114609932177 0.5576114609932177 
9 2272 19 0.5218105621577144 0.5584008965948273 0.5584008965948273 
10 2459 25 0.5250804197309734 0.573367812348303 0.573367812348303 
11 1940 29 0.5297436000595679 0.5833297375122901 0.5833297375122901 
12 2157 21 0.538436564366692 0.6016724067820112 0.6016724067820112 
13 1992 26 0.5454620699638076 0.6131601539801919 0.6131601539801919 
14 2425 20 0.5564798246967333 0.6259142969726538 0.6259142969726538 
15 2570 26 0.5645170118151909 0.638674459363754 0.638674459363754 
16 3195 24 0.5745857454133099 0.638674459363754 0.638674459363754 
17 3584 33 0.5758129624094775 0.6392087809741956 0.6392087809741956 
18 1731 21 0.5913403092664273 0.6537961413157938 0.6537961413157938 
19 1890 23 0.5998018091044811 0.6537961413157938 0.6537961413157938 
20 3451 23 0.6070293613422756 0.6490255965598002 0.6537961413157938 
21 2411 20 0.615463112635577 0.6490255965598002 0.6537961413157938 
22 2122 19 0.6252801712630255 0.6495086669809511 0.6537961413157938 
23 1557 20 0.6277582342360555 0.6496062100467603 0.6537961413157938 
24 1372 31 0.6298944568578997 0.6511322131758621 0.6537961413157938 
25 1344 15 0.635877179473526 0.6515422679386912 0.6537961413157938 
26 1812 20 0.6370501314348209 0.6931908656387133 0.6931908656387133 
27 1361 15 0.6418451786852863 0.7064618934929651 0.7064618934929651 
28 1600 18 0.6440129909920332 0.7075363645693498 0.7075363645693498 
29 2645 22 0.6385155314257005 0.7068677376488092 0.7075363645693498 
0 34206 466 0.4017418298894277 0.5369513324931438 0.5369513324931438 
1 3786 140 0.4533576851070493 0.53511689600085 0.5369513324931438 
2 4036 62 0.47497021215645374 0.5336486499586853 0.5369513324931438 
3 2270 47 0.4876849254155917 0.5376335410890261 0.5376335410890261 
4 2935 28 0.5004455876353016 0.5382694887158045 0.5382694887158045 
5 2389 32 0.506841907496209 0.5516549206067624 0.5516549206067624 
6 711 19 0.5146355260133737 0.5562766485902034 0.5562766485902034 
7 2476 25 0.5163759622372615 0.5781073151390846 0.5781073151390846 
8 2513 21 0.5203398528584315 0.5848650528760404 0.5848650528760404 
9 1765 22 0.5287417822717516 0.5853475912830931 0.5853475912830931 
10 1802 20 0.5339375410320107 0.5920511451100858 0.5920511451100858 
11 2300 28 0.5357555931531242 0.6126646932978795 0.6126646932978795 
12 583 20 0.5450356572705606 0.5980661104714007 0.6126646932978795 
13 2105 19 0.553801358955292 0.6139205033345634 0.6139205033345634 
14 3584 28 0.5533713166402595 0.603474329051268 0.6139205033345634 
15 1782 23 0.5597866204728915 0.6324239817241598 0.6324239817241598 
16 2306 27 0.5636271913483992 0.6324239817241598 0.6324239817241598 
17 2865 21 0.5741812008334155 0.6304169870296195 0.6324239817241598 
18 3077 41 0.5728590066322732 0.639471876598773 0.639471876598773 
19 3471 29 0.57660307680392 0.6402429049133052 0.6402429049133052 
20 1848 26 0.5825227500330518 0.6415805224749667 0.6415805224749667 
21 1619 28 0.5894287957618516 0.6458483526111944 0.6458483526111944 
22 2116 23 0.5950739494567521 0.6415805224749667 0.6458483526111944 
23 2220 25 0.6016537406130248 0.6517837592145104 0.6517837592145104 
24 2639 29 0.6051953478429977 0.6519894259719541 0.6519894259719541 
25 1936 32 0.6145340008533726 0.6520547554125539 0.6520547554125539 
26 2306 24 0.6222478335702801 0.6524263355281736 0.6524263355281736 
27 2521 28 0.6258633537425944 0.6522509775560374 0.6524263355281736 
28 3349 28 0.6251944198581301 0.6641314484218229 0.6641314484218229 
29 1641 22 0.6337999677226921 0.6758509456719425 0.6758509456719425 
0 34391 545 0.39583808910124224 0.5330046542743903 0.5330046542743903 
1 2234 156 0.45057048446381437 0.5344427663679784 0.5344427663679784 
2 2755 62 0.47283203962447895 0.5570842173349035 0.5570842173349035 
3 2450 37 0.4883792512686865 0.5575779792878999 0.5575779792878999 
4 3664 28 0.49709338666351965 0.5580168788016745 0.5580168788016745 
5 2341 23 0.5050753851744341 0.5593734772987958 0.5593734772987958 
6 1082 20 0.51192700647362 0.568783549450671 0.568783549450671 
7 2066 21 0.5201331933215823 0.5743939111070366 0.5743939111070366 
8 3138 22 0.5272406681900104 0.585053430367617 0.585053430367617 
9 1578 23 0.533143470695449 0.5864077214831271 0.5864077214831271 
10 2890 42 0.5370704882695405 0.6193230464171618 0.6193230464171618 
11 3870 28 0.5457677414925641 0.619532146942265 0.619532146942265 
12 2125 19 0.5571038381973463 0.6270643953828522 0.6270643953828522 
13 1135 19 0.5661489347679772 0.6199583610300305 0.6270643953828522 
14 1449 21 0.5750095048803197 0.629740722323885 0.629740722323885 
15 1176 19 0.585976121181784 0.631692769504953 0.631692769504953 
16 2441 20 0.5917887560970142 0.6319709947747456 0.6319709947747456 
17 1540 20 0.6011486130633505 0.6319709947747456 0.6319709947747456 
18 2581 20 0.609435671747262 0.6407767272707355 0.6407767272707355 
19 2166 20 0.617174541041645 0.6420673076054335 0.6420673076054335 
20 2464 20 0.61737988072936 0.6420673076054335 0.6420673076054335 
21 2178 18 0.6238383473079643 0.6417111402386173 0.6420673076054335 
22 1893 20 0.6254359202662128 0.6422550283813896 0.6422550283813896 
23 1413 18 0.6283382547238253 0.6430165733605977 0.6430165733605977 
24 3354 19 0.6277788534176387 0.6430165733605977 0.6430165733605977 
25 2431 20 0.629088394622205 0.643091780796627 0.643091780796627 
26 2926 21 0.6309320596923971 0.6432448687002688 0.6432448687002688 
27 2212 21 0.6362869010865406 0.6744986190125319 0.6744986190125319 
28 1978 20 0.6364491559348591 0.6748547443686573 0.6748547443686573 
29 2280 20 0.6344407470449179 0.6745357166924009 0.6748547443686573 
0 34307 542 0.38813310475703 0.5305449219670282 0.5305449219670282 
1 2981 246 0.4444499340055013 0.5343602130639166 0.5343602130639166 
2 2840 94 0.4700106504699966 0.5343602130639166 0.5343602130639166 
3 2310 34 0.4867102365050316 0.5343602130639166 0.5343602130639166 
4 4199 26 0.49512745529076385 0.5343602130639166 0.5343602130639166 
5 1880 25 0.4999229366220243 0.5378943545113828 0.5378943545113828 
6 3272 27 0.5036848494046623 0.5399121232650881 0.5399121232650881 
7 1928 22 0.5076495506133449 0.5375464516508667 0.5399121232650881 
8 2653 24 0.5115081532482109 0.5550632861407157 0.5550632861407157 
9 2353 21 0.5170605408336952 0.5692442393387525 0.5692442393387525 
10 1665 24 0.5226876926851386 0.5718349596529516 0.5718349596529516 
11 1613 22 0.528690672215165 0.625247931906906 0.625247931906906 
12 2214 24 0.5357648026269191 0.625247931906906 0.625247931906906 
13 1999 22 0.5438924016904019 0.6135957149729288 0.625247931906906 
14 2327 27 0.5499700000704024 0.6176915242221132 0.625247931906906 
15 2907 24 0.5576460829280419 0.6176915242221132 0.625247931906906 
16 2774 30 0.5638629901860257 0.6174176243395795 0.625247931906906 
17 2355 23 0.5688941555523702 0.6384432037862068 0.6384432037862068 
18 1892 21 0.576089530312623 0.6397113197282358 0.6397113197282358 
19 1501 25 0.5790177404279864 0.6398320926750957 0.6398320926750957 
20 2996 23 0.5835281274329374 0.6397113197282358 0.6398320926750957 
21 1885 28 0.5921201391224766 0.6478864584578286 0.6478864584578286 
22 2072 20 0.6027351764503979 0.6802238978163089 0.6802238978163089 
23 2807 24 0.6081906166993878 0.6923368018991787 0.6923368018991787 
24 1933 19 0.6170245875168444 0.6933895684867166 0.6933895684867166 
25 2843 29 0.616392768983339 0.6947760341595376 0.6947760341595376 
26 1607 18 0.6316417304983406 0.709635805987104 0.709635805987104 
27 2522 29 0.6388046392935568 0.7096052809565789 0.709635805987104 
28 612 17 0.6544432905861537 0.7237367583046068 0.7237367583046068 
29 2160 21 0.6588171438086436 0.7245267478962751 0.7245267478962751 