0 32999 492 0.3964568000523706 0.5445038242519609 0.5445038242519609 
1 2204 143 0.45762323326647225 0.5557932333084018 0.5557932333084018 
2 1943 62 0.47927463139382953 0.5517586054285532 0.5557932333084018 
3 2887 43 0.49094141611611386 0.5514141819312178 0.5557932333084018 
4 2510 26 0.5032634961358055 0.5520667738209059 0.5557932333084018 
5 2701 33 0.5059259402650154 0.5717767187616075 0.5717767187616075 
6 1975 25 0.5106527614688319 0.5702033943174953 0.5717767187616075 
7 2445 33 0.5145268324210375 0.5686125397578098 0.5717767187616075 
8 2289 30 0.5225403507644915 0.5910895510562255 0.5910895510562255 
9 2966 32 0.524903190546363 0.5830129816843992 0.5910895510562255 
10 2462 27 0.5309644644552471 0.58191597848352 0.5910895510562255 
11 1095 20 0.5412190344371769 0.61463560843356 0.61463560843356 
12 1604 22 0.5480735587396984 0.61463560843356 0.61463560843356 
13 2171 26 0.55931736325477 0.6265449297056888 0.6265449297056888 
14 1930 23 0.5714922946641425 0.6300302450227074 0.6300302450227074 
15 1244 20 0.5773345317569905 0.6477975805462984 0.6477975805462984 
16 1826 20 0.5877758612406703 0.6691449891191819 0.6691449891191819 
17 2771 22 0.5937162216691262 0.6688664686200732 0.6691449891191819 
18 1048 19 0.6093120234681574 0.6707650223596292 0.6707650223596292 
19 1618 23 0.6143676741656408 0.6707650223596292 0.6707650223596292 
20 2025 25 0.6251324699942434 0.671361433856895 0.671361433856895 
21 2450 20 0.6367223868323966 0.6934768428157408 0.6934768428157408 
22 2020 25 0.6472629080553385 0.7076756464798907 0.7076756464798907 
23 1850 21 0.6605887815645163 0.7076756464798908 0.7076756464798908 
24 1382 17 0.6614465083097791 0.7078428560561907 0.7078428560561907 
25 3066 23 0.6585864402951109 0.7078718260234711 0.7078718260234711 
26 3337 33 0.6560045267364054 0.7085762253263845 0.7085762253263845 
27 2716 22 0.6648046533611179 0.708251558839252 0.7085762253263845 
28 4560 29 0.6612122131791551 0.7083523928288105 0.7085762253263845 
29 2477 21 0.6675334735631299 0.7083523928288105 0.7085762253263845 
0 33540 404 0.4168192885524059 0.5449086563885108 0.5449086563885108 
1 4122 145 0.4564464829043362 0.5452950808260815 0.5452950808260815 
2 2957 57 0.47914626544966943 0.572750006192551 0.572750006192551 
3 1379 42 0.4899508617447887 0.5737276750378669 0.5737276750378669 
4 2192 25 0.5011492209116012 0.5737276750378669 0.5737276750378669 
5 2850 21 0.5119639713864345 0.5793806466436691 0.5793806466436691 
6 1473 20 0.5211424006993979 0.5815319497291211 0.5815319497291211 
7 2342 27 0.528896085708869 0.5929007979342151 0.5929007979342151 
8 2404 22 0.5420843459475064 0.6153149963007187 0.6153149963007187 
9 2736 26 0.547928498303915 0.6060308679078968 0.6153149963007187 
10 2562 24 0.5603767294941983 0.6043411313018716 0.6153149963007187 
11 3363 20 0.5747927287231934 0.6435370464238349 0.6435370464238349 
12 2479 20 0.5879782277646004 0.6574942971010468 0.6574942971010468 
13 1808 26 0.5991667574732108 0.6443741692938726 0.6574942971010468 
14 1470 28 0.6125690032606103 0.6579383418223644 0.6579383418223644 
15 1567 25 0.6201778303165488 0.6580765098346674 0.6580765098346674 
16 3213 25 0.6253332219575214 0.6581993258456034 0.6581993258456034 
17 2783 23 0.6327260330978351 0.6679888334572559 0.6679888334572559 
18 2262 22 0.638632337444047 0.6695907814259858 0.6695907814259858 
19 1644 20 0.6433814839798729 0.6701980231497565 0.6701980231497565 
20 1704 20 0.6475879898515856 0.6702786475047616 0.6702786475047616 
21 808 20 0.6500173964877718 0.6706569234109706 0.6706569234109706 
22 2467 23 0.6531420972519314 0.6707375477659757 0.6707375477659757 
23 3310 31 0.648386766046167 0.6705673407942981 0.6707375477659757 
24 1490 27 0.6528576806658714 0.6706569234109706 0.6707375477659757 
25 3766 22 0.6547075528508014 0.670997927934301 0.670997927934301 
26 2969 23 0.6567656251325786 0.670913384419019 0.670997927934301 
27 2977 24 0.6581752756397085 0.6708575620191927 0.670997927934301 
28 1691 20 0.6613752344534676 0.6712876185362326 0.6712876185362326 
29 2321 26 0.6568441053723524 0.671377201152905 0.671377201152905 
0 33982 430 0.4128763595770007 0.5448545567940346 0.5448545567940346 
1 4631 158 0.4533470001582266 0.5315270247926891 0.5448545567940346 
2 2869 67 0.4762767288944143 0.5314898329927451 0.5448545567940346 
3 1897 38 0.4909270536362987 0.5447495274253137 0.5448545567940346 
4 2608 29 0.5002231755788658 0.5421779581647574 0.5448545567940346 
5 1895 25 0.505503849488391 0.5434654433451341 0.5448545567940346 
6 2289 40 0.5078979351615929 0.5492969969075405 0.5492969969075405 
7 3146 25 0.513133638191081 0.552358231357547 0.552358231357547 
8 1975 23 0.5167969666615395 0.5592164084141646 0.5592164084141646 
9 3362 26 0.5202231765953251 0.5611585543194174 0.5611585543194174 
10 1294 22 0.5262195233052801 0.5763414768598215 0.5763414768598215 
11 2803 27 0.5302259544841792 0.5857196628996538 0.5857196628996538 
12 1834 26 0.536536530693505 0.5865500484726864 0.5865500484726864 
13 2608 28 0.5433688931675605 0.5898231840067696 0.5898231840067696 
14 2614 22 0.5495995451324114 0.5940986469864379 0.5940986469864379 
15 2338 26 0.55223208973828 0.6315925034513059 0.6315925034513059 
16 1896 24 0.5614997300774871 0.632103438594594 0.632103438594594 
17 3794 25 0.5715806992611473 0.6319570799359724 0.632103438594594 
18 2058 22 0.5783423907065672 0.6607330912400651 0.6607330912400651 
19 3119 24 0.5886611301213337 0.632380983610701 0.6607330912400651 
20 829 20 0.6027172949136392 0.6607330912400651 0.6607330912400651 
21 3200 21 0.6144309177475591 0.6620409668169465 0.6620409668169465 
22 1885 20 0.6217851270745802 0.6620409668169465 0.6620409668169465 
23 2079 22 0.6255759607914396 0.6626057312705999 0.6626057312705999 
24 4499 26 0.6252092858138184 0.6733694178155364 0.6733694178155364 
25 2670 20 0.6300985212125767 0.6733694178155364 0.6733694178155364 
26 2565 22 0.6312493385375981 0.6747119333219582 0.6747119333219582 
27 2434 24 0.6357486751956967 0.7230658205514857 0.7230658205514857 
28 2890 22 0.6420653196311079 0.6747119333219582 0.7230658205514857 
29 2282 21 0.6494871087719558 0.723252943491109 0.723252943491109 
0 36449 594 0.394508560388159 0.5372828691424872 0.5372828691424872 
1 3415 192 0.4488722894512084 0.5333297531539904 0.5372828691424872 
2 2900 82 0.47228991561978534 0.5341485558110284 0.5372828691424872 
3 2796 51 0.48561961570632084 0.5333297531539904 0.5372828691424872 
4 2457 32 0.4976399105243515 0.5497682876286654 0.5497682876286654 
5 1784 25 0.5055781880896566 0.5469323023846918 0.5497682876286654 
6 4339 45 0.5064051961643099 0.5536764425644909 0.5536764425644909 
7 1420 27 0.5139688301168452 0.5508485673132874 0.5536764425644909 
8 3398 24 0.5192223479305821 0.5728005909070873 0.5728005909070873 
9 2089 23 0.5236259607262852 0.5829308598756077 0.5829308598756077 
10 3156 34 0.5279991954986246 0.5829308598756077 0.5829308598756077 
11 1884 29 0.5348255472414357 0.5935011012871159 0.5935011012871159 
12 1882 25 0.5398936486861436 0.5935011012871159 0.5935011012871159 
13 2522 23 0.5469602406033459 0.5935011012871159 0.5935011012871159 
14 1837 33 0.5528659128585057 0.6163494091254847 0.6163494091254847 
15 4114 48 0.5572329366017617 0.6251478899363306 0.6251478899363306 
16 1890 28 0.5713937112528469 0.6300150482628806 0.6300150482628806 
17 2554 30 0.5777443852124339 0.6300150482628806 0.6300150482628806 
18 1307 24 0.5891312134217409 0.6379911521714249 0.6379911521714249 
19 3216 26 0.5938086502210905 0.6398754585255455 0.6398754585255455 
20 3479 25 0.6051301024049645 0.6498851213878777 0.6498851213878777 
21 1833 25 0.6141204068004231 0.6498851213878777 0.6498851213878777 
22 1838 23 0.623073055613359 0.6495999350855836 0.6498851213878777 
23 1886 30 0.6227575662863591 0.6497598190306126 0.6498851213878777 
24 2302 23 0.6307877331046198 0.6506566516318513 0.6506566516318513 
25 2059 24 0.63221879414208 0.6510687871737546 0.6510687871737546 
26 1602 37 0.6348525251192094 0.6511443669608978 0.6511443669608978 
27 1556 27 0.6349424718783009 0.6511937500901663 0.6511937500901663 
28 2542 40 0.6367047352290816 0.6520275276082581 0.6520275276082581 
29 2961 28 0.6384300926776468 0.6520275276082581 0.6520275276082581 
0 51514 688 0.39792617998935775 0.5323823616430196 0.5323823616430196 
1 3527 143 0.4563616375761649 0.5386620717002619 0.5386620717002619 
2 3933 101 0.4755689540009418 0.5353528574276865 0.5386620717002619 
3 2169 93 0.48700744915400407 0.5306027328071254 0.5386620717002619 
4 4056 43 0.49367333376845063 0.5310920368186395 0.5386620717002619 
5 4105 33 0.4999084370235154 0.5684831601517983 0.5684831601517983 
6 3198 32 0.504807411181464 0.5745820133690293 0.5745820133690293 
7 3736 34 0.5083091047246641 0.5766745139901354 0.5766745139901354 
8 4025 35 0.5130562319627259 0.6007737584908581 0.6007737584908581 
9 1111 26 0.5199343816906591 0.6007737584908581 0.6007737584908581 
10 3202 26 0.5275634193856952 0.6085663226783282 0.6085663226783282 
11 3381 27 0.5378387228174196 0.6111436930057093 0.6111436930057093 
12 3178 26 0.5420433505330111 0.6111436930057093 0.6111436930057093 
13 3972 29 0.5521178861358061 0.6376835609272916 0.6376835609272916 
14 3668 69 0.560269451483772 0.6391777942836124 0.6391777942836124 
15 3159 33 0.5733291879476767 0.6524960338204898 0.6524960338204898 
16 4486 26 0.5878197460369438 0.6640853334502202 0.6640853334502202 
17 2193 23 0.6043274136533576 0.6640853334502202 0.6640853334502202 
18 1186 34 0.6160157053681741 0.6642047110392608 0.6642047110392608 
19 2560 76 0.6266193099293351 0.6646727519188853 0.6646727519188853 
20 3538 25 0.6376324822402184 0.7072012603059331 0.7072012603059331 
21 2045 28 0.6473965701798139 0.6646709996934598 0.7072012603059331 
22 3109 114 0.6407750678904758 0.6651910536580281 0.7072012603059331 
23 2080 26 0.654299067893593 0.676116069843218 0.7072012603059331 
24 4355 91 0.6428174536143197 0.6757012355095598 0.7072012603059331 
25 2361 25 0.6543097029040219 0.6762514086627047 0.7072012603059331 
26 2883 31 0.6560890505414173 0.6762514086627047 0.7072012603059331 
27 4268 34 0.6551147254977862 0.6765989590521656 0.7072012603059331 
28 1858 28 0.661683946284744 0.6774450350912868 0.7072012603059331 
29 3707 35 0.6619835260531604 0.7247451222266011 0.7247451222266011 
0 44325 592 0.401663958316332 0.542688185266287 0.542688185266287 
1 5172 191 0.448687580739125 0.542688185266287 0.542688185266287 
2 1571 70 0.47393902129256377 0.542688185266287 0.542688185266287 
3 2806 46 0.4879680844413544 0.5505695267564176 0.5505695267564176 
4 2937 64 0.4959141699893055 0.5436403987133942 0.5505695267564176 
5 2911 29 0.5034913915629143 0.555466038371541 0.555466038371541 
6 2308 57 0.5080053780837591 0.5614046657387846 0.5614046657387846 
7 2847 25 0.5139105925112659 0.5619710285589555 0.5619710285589555 
8 3230 36 0.5151062868787887 0.5682337752455341 0.5682337752455341 
9 2315 29 0.520843867520055 0.5719107284247488 0.5719107284247488 
10 1872 22 0.5257833348854293 0.5853684501764346 0.5853684501764346 
11 2858 30 0.5310129703100235 0.5853684501764346 0.5853684501764346 
12 6851 74 0.5285695865496436 0.60418712368763 0.60418712368763 
13 2753 32 0.5395246103657556 0.6102273996797707 0.6102273996797707 
14 2275 25 0.549622427700486 0.624055861234118 0.624055861234118 
15 3517 74 0.5543255686988402 0.63955077650611 0.63955077650611 
16 4326 53 0.5570444117355305 0.670564398964131 0.670564398964131 
17 3433 40 0.5664753484896268 0.670564398964131 0.670564398964131 
18 2644 29 0.5703189181321675 0.658681291798913 0.670564398964131 
19 2707 52 0.5768366591563968 0.658681291798913 0.670564398964131 
20 2136 27 0.5910484810372785 0.6588766391681651 0.670564398964131 
21 4841 42 0.5921097342410927 0.6782361876335026 0.6782361876335026 
22 2722 41 0.5992648914653498 0.7061579480451632 0.7061579480451632 
23 2087 25 0.6136260661341951 0.7062736887859039 0.7062736887859039 
24 3409 52 0.6131326962293803 0.7075049701016622 0.7075049701016622 
25 2268 51 0.6287900643639527 0.708121746061456 0.708121746061456 
26 1769 29 0.6377057526918604 0.7399221239978495 0.7399221239978495 
27 1733 29 0.6483554602331707 0.7394090060501078 0.7399221239978495 
28 3450 27 0.6604216420488624 0.7399136831725803 0.7399221239978495 
29 3167 30 0.6726833627369563 0.740282954751086 0.740282954751086 
0 48538 631 0.4086796565140722 0.5369019370875201 0.5369019370875201 
1 5848 306 0.44957840268998717 0.5378908888930709 0.5378908888930709 
2 2610 96 0.4731895135737747 0.5369019370875201 0.5378908888930709 
3 2905 43 0.4889260340384796 0.5420289348978278 0.5420289348978278 
4 3084 70 0.49920442428171585 0.5416054397211958 0.5420289348978278 
5 2876 30 0.5026993192354905 0.5397731750283544 0.5420289348978278 
6 2747 56 0.5057002192021035 0.5623383156034519 0.5623383156034519 
7 3453 26 0.5083270300185196 0.5590252348120128 0.5623383156034519 
8 2966 23 0.5134365410814219 0.5592931401103338 0.5623383156034519 
9 4394 24 0.5182194320151323 0.5578978453150758 0.5623383156034519 
10 4330 36 0.5194490434593032 0.5731327585946386 0.5731327585946386 
11 3061 44 0.5203599479138136 0.5681097574893795 0.5731327585946386 
12 1742 56 0.5317289513484439 0.5829422759532086 0.5829422759532086 
13 4432 31 0.5323792036893039 0.6006399101536055 0.6006399101536055 
14 1424 25 0.5438237773576953 0.6021221912778127 0.6021221912778127 
15 1844 32 0.5505334290610094 0.6191773764917738 0.6191773764917738 
16 2242 45 0.557731652809435 0.6249976403740217 0.6249976403740217 
17 1567 28 0.5690437462042227 0.6486173263637851 0.6486173263637851 
18 1922 26 0.5791197851563017 0.6485358410297968 0.6486173263637851 
19 3826 48 0.5863506397956812 0.6901526764040116 0.6901526764040116 
20 3888 72 0.5943476850781926 0.692032269568216 0.692032269568216 
21 2074 29 0.609119309607105 0.6636310428256114 0.692032269568216 
22 3497 31 0.6129479637615323 0.6901361889489754 0.692032269568216 
23 3068 28 0.6236465376287277 0.708214688850446 0.708214688850446 
24 2850 44 0.6244314933228766 0.7233155285808259 0.7233155285808259 
25 2191 62 0.6329014552516291 0.7233155285808259 0.7233155285808259 
26 2577 54 0.6388668282013417 0.7392009452474926 0.7392009452474926 
27 2848 45 0.6552723864620347 0.7393533700021464 0.7393533700021464 
28 2632 73 0.6696617962578136 0.7394749126309248 0.7394749126309248 
29 2809 33 0.6803168185675103 0.7396148500309592 0.7396148500309592 
0 33914 465 0.4038478683523737 0.5224885008041258 0.5224885008041258 
1 2772 214 0.4538537181144063 0.5246277346925857 0.5246277346925857 
2 3227 82 0.47482491589275433 0.5254056379247529 0.5254056379247529 
3 2153 34 0.48866716261307963 0.5386688929311518 0.5386688929311518 
4 1636 23 0.497656317238293 0.5376524561273679 0.5386688929311518 
5 3040 42 0.4998511198824278 0.5387323970867708 0.5387323970867708 
6 3220 31 0.5048612805894073 0.5389304390450036 0.5389304390450036 
7 2162 25 0.5080903376413862 0.557457136197738 0.557457136197738 
8 2763 24 0.5126763491390702 0.557457136197738 0.557457136197738 
9 1507 22 0.5180479480779064 0.5624020634675837 0.5624020634675837 
10 1628 21 0.5249109128494304 0.5875031079976591 0.5875031079976591 
11 2258 21 0.5270091931046488 0.5835022758106657 0.5875031079976591 
12 2045 20 0.5334707680761883 0.5888405044954248 0.5888405044954248 
13 3195 23 0.5393398403753179 0.6098200955419323 0.6098200955419323 
14 1165 20 0.5489285687655091 0.6240653363108842 0.6240653363108842 
15 1957 22 0.5557186245011682 0.6381740578114972 0.6381740578114972 
16 4357 25 0.5650428407786691 0.639651261378484 0.639651261378484 
17 2260 27 0.5757858636136985 0.639167132258988 0.639651261378484 
18 1758 25 0.5926705977273228 0.6403367901442668 0.6403367901442668 
19 1533 34 0.6043943774012648 0.6487181832869511 0.6487181832869511 
20 2517 20 0.6192460333491107 0.6510071432776933 0.6510071432776933 
21 1584 22 0.6210669091836093 0.6511378021588928 0.6511378021588928 
22 2492 44 0.6200641959361144 0.6930362397894864 0.6930362397894864 
23 1979 23 0.6300500247983976 0.6925086731645899 0.6930362397894864 
24 2308 25 0.6342950154352165 0.7390845368661711 0.7390845368661711 
25 2045 37 0.6345279852697581 0.7390845368661711 0.7390845368661711 
26 2073 21 0.6438043027314209 0.7390845368661711 0.7390845368661711 
27 1991 23 0.6435499047326217 0.7390845368661711 0.7390845368661711 
28 2721 21 0.6527699192767813 0.7390845368661711 0.7390845368661711 
29 1583 24 0.6567898295801103 0.740645554078549 0.740645554078549 
0 33413 493 0.4006205286625068 0.5447524279701514 0.5447524279701514 
1 1952 202 0.4483056485908597 0.536690856769953 0.5447524279701514 
2 3146 66 0.47211543413779344 0.536690856769953 0.5447524279701514 
3 1463 41 0.4839990844276479 0.5362323404575766 0.5447524279701514 
4 2316 27 0.4943206875842764 0.5519710333274065 0.5519710333274065 
5 920 22 0.5021744706782518 0.5519710333274065 0.5519710333274065 
6 2912 24 0.5056658724623273 0.5525297009777584 0.5525297009777584 
7 2107 23 0.5125528832996864 0.5757549285552938 0.5757549285552938 
8 2394 20 0.5186892480146229 0.5765883309243974 0.5765883309243974 
9 2663 21 0.522119554092836 0.5765883309243974 0.5765883309243974 
10 2030 20 0.5283708859925306 0.5870743613791208 0.5870743613791208 
11 1672 22 0.5360819903534768 0.5935581091691107 0.5935581091691107 
12 2679 21 0.542149337994685 0.5935770213256488 0.5935770213256488 
13 3205 22 0.5474746367614135 0.6319066071769428 0.6319066071769428 
14 2332 21 0.5557982261539229 0.6331608905821333 0.6331608905821333 
15 1383 19 0.5655670199262346 0.633461119565903 0.633461119565903 
16 1667 19 0.5706727181210112 0.6331608905821333 0.633461119565903 
17 3271 22 0.5736803421748418 0.632380295224332 0.633461119565903 
18 3053 18 0.5857048539620682 0.632380295224332 0.633461119565903 
19 2923 19 0.5887316727968862 0.6338886519809843 0.6338886519809843 
20 3283 21 0.5949729089540399 0.6338886519809843 0.6338886519809843 
21 2114 18 0.6066221115277971 0.6739972649109163 0.6739972649109163 
22 1810 18 0.6136042341081832 0.6634687588757078 0.6739972649109163 
23 2746 20 0.6217877563551013 0.6635486351872297 0.6739972649109163 
24 2048 17 0.6328415756017102 0.6741093008272467 0.6741093008272467 
25 2592 19 0.6393322429815403 0.6748743641660113 0.6748743641660113 
26 1182 17 0.6486392723746833 0.7080358672201943 0.7080358672201943 
27 3628 18 0.653290460084207 0.7084777864121135 0.7084777864121135 
28 1548 18 0.6590819053689323 0.7104428006111535 0.7104428006111535 
29 2899 20 0.6629835102565549 0.7085567005535276 0.7104428006111535 
0 30636 635 0.3870271825494538 0.5447694780775614 0.5447694780775614 
1 3199 136 0.4528783607911131 0.5342676715858338 0.5447694780775614 
2 4207 67 0.471699909389361 0.5332508393405013 0.5447694780775614 
3 2180 38 0.48447891990171404 0.5328321437100703 0.5447694780775614 
4 2591 26 0.4960603679535951 0.5360278604340976 0.5447694780775614 
5 1846 28 0.5028355551984032 0.5459465269716619 0.5459465269716619 
6 1332 20 0.5088148879778209 0.5519592391733078 0.5519592391733078 
7 1890 22 0.5146383725245713 0.5558122746867515 0.5558122746867515 
8 1235 18 0.5199911635998862 0.5571979148453808 0.5571979148453808 
9 2467 20 0.5236324260912336 0.5809115774450276 0.5809115774450276 
10 1705 21 0.5281789786843536 0.58627359597954 0.58627359597954 
11 1343 20 0.5362831307532165 0.5892854534411618 0.5892854534411618 
12 1800 19 0.5467442447430662 0.6144982443528209 0.6144982443528209 
13 1183 20 0.5553458763108208 0.6143011562087892 0.6144982443528209 
14 1247 18 0.5646385089113891 0.6162075782089212 0.6162075782089212 
15 886 17 0.576212285044331 0.6162075782089212 0.6162075782089212 
16 2803 32 0.5782515234204829 0.6587806679389054 0.6587806679389054 
17 2771 21 0.5846666018260188 0.6697782059928852 0.6697782059928852 
18 3182 28 0.5978597891289058 0.6697782059928852 0.6697782059928852 
19 1972 21 0.6063310053633713 0.6702645116262496 0.6702645116262496 
20 1422 21 0.6136532863724741 0.6702595194785875 0.6702645116262496 
21 1289 20 0.6228018520441109 0.6711886945798466 0.6711886945798466 
22 2033 21 0.6309059868292849 0.6714331984087822 0.6714331984087822 
23 2606 16 0.6428724052806881 0.6714331984087822 0.6714331984087822 
24 1961 20 0.6516731894769775 0.6712785757919822 0.6714331984087822 
25 2097 20 0.6531216227459085 0.6716946244417985 0.6716946244417985 
26 2327 28 0.6526745429358111 0.6717609388463481 0.6717609388463481 
27 2091 19 0.6602088405403828 0.6719057800438741 0.6719057800438741 
28 2004 19 0.66169590992601 0.672237528529228 0.672237528529228 
29 2654 21 0.6594350729644972 0.672237528529228 0.672237528529228 
0 37624 702 0.3778254532600144 0.5323611111258355 0.5323611111258355 
1 4171 285 0.4427998644771389 0.5366092002688985 0.5366092002688985 
2 4581 88 0.47260441164986244 0.527996645748971 0.5366092002688985 
3 2956 45 0.48952452203496294 0.5445456986342314 0.5445456986342314 
4 2962 38 0.4966694169889292 0.5624317358047558 0.5624317358047558 
5 2283 34 0.5020474663967402 0.5636714935912112 0.5636714935912112 
6 2533 37 0.5057485605198849 0.5636714935912112 0.5636714935912112 
7 3196 49 0.5077638754815852 0.5996807588061801 0.5996807588061801 
8 3695 27 0.5131772832852023 0.56482548066427 0.5996807588061801 
9 3332 51 0.512052362048093 0.5680702813202444 0.5996807588061801 
10 2789 29 0.5189479797378211 0.5680702813202444 0.5996807588061801 
11 2833 29 0.5214206235525458 0.5696413063278019 0.5996807588061801 
12 2131 23 0.5293871168493431 0.5914928634401393 0.5996807588061801 
13 1936 26 0.5356478318018278 0.5769977181143172 0.5996807588061801 
14 2608 36 0.5403362442059665 0.5786169704251899 0.5996807588061801 
15 2867 46 0.5415040021529915 0.6009153566969123 0.6009153566969123 
16 1841 27 0.5506570344689894 0.602212882254253 0.602212882254253 
17 2371 24 0.5603743753176404 0.602212882254253 0.602212882254253 
18 1768 22 0.5672091807020245 0.6380582644765227 0.6380582644765227 
19 3606 28 0.5716284307615446 0.6382059400627947 0.6382059400627947 
20 1846 25 0.5798825203745875 0.6411217103607095 0.6411217103607095 
21 1154 22 0.5871560200282664 0.6383388480904396 0.6411217103607095 
22 1116 21 0.5931907874927691 0.6389215986731902 0.6411217103607095 
23 2124 22 0.5974197466596093 0.6544281098957629 0.6544281098957629 
24 2951 35 0.5985953990816401 0.6546221458434753 0.6546221458434753 
25 1790 21 0.6079325659219807 0.6553277311078841 0.6553277311078841 
26 3469 25 0.608239087534621 0.6658863754122559 0.6658863754122559 
27 1870 32 0.6160760287024637 0.6807043663909649 0.6807043663909649 
28 3754 22 0.6251851367565638 0.6807043663909649 0.6807043663909649 
29 3009 22 0.6303998576417921 0.6807043663909649 0.6807043663909649 
0 31659 448 0.4023973129371701 0.5351433642156829 0.5351433642156829 
1 3156 160 0.4469140284002847 0.5393974074587105 0.5393974074587105 
2 2488 72 0.46910850158639666 0.5328557095104421 0.5393974074587105 
3 2467 45 0.47919322608313214 0.5378689654922603 0.5393974074587105 
4 2016 30 0.48780845935019507 0.5371114975395997 0.5393974074587105 
5 3442 23 0.4941680123679163 0.5393974074587105 0.5393974074587105 
6 1764 24 0.498273745077318 0.5451301340142989 0.5451301340142989 
7 2459 21 0.506747450285856 0.5505143105743405 0.5505143105743405 
8 1467 21 0.5114005238131203 0.5574582882807009 0.5574582882807009 
9 1631 19 0.5176578038362746 0.56475440292591 0.56475440292591 
10 995 18 0.5222775781872585 0.56599554993963 0.56599554993963 
11 2468 23 0.526370232774471 0.570638954600456 0.570638954600456 
12 2398 21 0.533496776281065 0.5839938324103121 0.5839938324103121 
13 1390 18 0.5405289592542946 0.5901205115065272 0.5901205115065272 
14 1887 21 0.5475539801810345 0.59744784983118 0.59744784983118 
15 2612 20 0.55179519796497 0.5971910700127498 0.59744784983118 
16 2744 20 0.5575131159069345 0.598836539803537 0.598836539803537 
17 2423 20 0.5641976587942662 0.600853785209565 0.600853785209565 
18 2295 20 0.570787799894065 0.61812824606991 0.61812824606991 
19 1351 20 0.5781872056753807 0.6262249579140686 0.6262249579140686 
20 2336 21 0.5845168874387192 0.6401590947543159 0.6401590947543159 
21 2223 21 0.589370442512552 0.6498606573168103 0.6498606573168103 
22 2052 19 0.598215455608138 0.6498606573168103 0.6498606573168103 
23 2050 20 0.6018837080173451 0.6593023434294646 0.6593023434294646 
24 2931 20 0.6059978639114137 0.6599714609464082 0.6599714609464082 
25 1170 17 0.6186511345265792 0.650689999258568 0.6599714609464082 
26 1917 20 0.6238032016683303 0.6510188215202313 0.6599714609464082 
27 2760 22 0.6244509607673924 0.6518720439466162 0.6599714609464082 
28 1510 21 0.6316483649358816 0.6519203535399782 0.6599714609464082 
29 1802 22 0.6329943551390456 0.6522198730188224 0.6599714609464082 
0 34292 425 0.4119813468860443 0.5452534318523207 0.5452534318523207 
1 5521 173 0.4487891606230361 0.546817530766297 0.546817530766297 
2 4787 76 0.4769507878445207 0.5473380097820872 0.5473380097820872 
3 1310 34 0.4985881246757193 0.5509625940118548 0.5509625940118548 
4 3436 28 0.5073247909729024 0.5721380879897854 0.5721380879897854 
5 1745 20 0.5176072614497454 0.5633127082001768 0.5721380879897854 
6 1750 21 0.5188640895979088 0.5887140731448361 0.5887140731448361 
7 1741 22 0.5238468518853373 0.5763866818976987 0.5887140731448361 
8 1714 21 0.5316033708608766 0.5822065846992057 0.5887140731448361 
9 2703 29 0.5349342654227933 0.6060623320580724 0.6060623320580724 
10 1485 31 0.5422542539194779 0.6136801486970573 0.6136801486970573 
11 2276 21 0.5495533022921947 0.6169808002760864 0.6169808002760864 
12 2526 27 0.5574238938148008 0.6576302482681358 0.6576302482681358 
13 2447 33 0.5663866924881037 0.6696021811385061 0.6696021811385061 
14 3092 23 0.5829314089693498 0.6697169562112376 0.6697169562112376 
15 2024 23 0.5974182752907482 0.6706963688135761 0.6706963688135761 
16 1218 18 0.6131962488189118 0.6707626832181258 0.6707626832181258 
17 1332 17 0.6275761613050022 0.6707626832181258 0.6707626832181258 
18 2402 18 0.6386219535711988 0.6708232311527147 0.6708232311527147 
19 2205 22 0.6433005043607742 0.6926133002030496 0.6926133002030496 
20 1701 16 0.6563093796683687 0.7075849375322236 0.7075849375322236 
21 1879 24 0.6516405164313199 0.7078634580313323 0.7078634580313323 
22 2217 20 0.6602221308410349 0.7079046306268528 0.7079046306268528 
23 3067 20 0.6632021286535893 0.7079046306268528 0.7079046306268528 
24 3616 33 0.661956807675435 0.7079046306268528 0.7079046306268528 
25 2892 24 0.6661842646124514 0.708683326978261 0.708683326978261 
26 1749 21 0.675320974841223 0.7086323438891954 0.708683326978261 
27 1676 17 0.6874710934257579 0.7091070591440908 0.7091070591440908 
28 1829 19 0.6918860780081605 0.7091504619218686 0.7091504619218686 
29 3417 29 0.6819442292707854 0.7091504619218686 0.7091504619218686 
0 31120 499 0.4073919210091288 0.5451484737952995 0.5451484737952995 
1 2816 128 0.46218679883390146 0.5369513324931438 0.5451484737952995 
2 2078 63 0.48158474642963256 0.5384493116478016 0.5451484737952995 
3 1678 47 0.49304718880984466 0.5586374782904586 0.5586374782904586 
4 1604 25 0.49963769847714823 0.5624032823886248 0.5624032823886248 
5 2289 24 0.5038754199099817 0.5524084941575026 0.5624032823886248 
6 1986 22 0.5071965538968274 0.5556540316401724 0.5624032823886248 
7 2038 69 0.502319754242757 0.5608434909717638 0.5624032823886248 
8 1119 23 0.5154897691455436 0.5638657297568165 0.5638657297568165 
9 2516 23 0.5201592981188506 0.5873281799610505 0.5873281799610505 
10 2316 27 0.5235820404712349 0.5947477110635875 0.5947477110635875 
11 3110 28 0.5301859812280056 0.5960978401226948 0.5960978401226948 
12 3251 25 0.5389018448753968 0.5951166614967854 0.5960978401226948 
13 2009 26 0.5474925139164485 0.6048732658037304 0.6048732658037304 
14 1971 22 0.5571702230530475 0.6274767144059705 0.6274767144059705 
15 2298 22 0.5669387549945544 0.6099347020775455 0.6274767144059705 
16 2409 28 0.5707653609616962 0.6288384696896283 0.6288384696896283 
17 2212 23 0.5782361049687141 0.6500328107883087 0.6500328107883087 
18 2866 30 0.5869276714500803 0.6783623992024889 0.6783623992024889 
19 1415 25 0.5933814945990936 0.6477402097464005 0.6783623992024889 
20 3044 23 0.6034777857437854 0.6776591639862158 0.6783623992024889 
21 2884 25 0.6078126325269101 0.6926566831003499 0.6926566831003499 
22 2139 22 0.6203432945776026 0.7068083560801479 0.7068083560801479 
23 1522 22 0.6301545177557624 0.7061039329083363 0.7068083560801479 
24 1528 20 0.6379013118415757 0.7058918538852966 0.7068083560801479 
25 1794 19 0.6472468618011534 0.706638387160179 0.7068083560801479 
26 914 20 0.6564784338359597 0.7068781955797502 0.7068781955797502 
27 3078 21 0.6578244940198417 0.706931409713424 0.706931409713424 
28 1582 23 0.6726366653583881 0.7068781955797502 0.706931409713424 
29 1785 27 0.681954108253717 0.7074361880406531 0.7074361880406531 
0 31381 462 0.4012786516288573 0.5311074511275028 0.5311074511275028 
1 3086 155 0.44988787254880136 0.5260255870188837 0.5311074511275028 
2 1630 59 0.4776929132627801 0.5313260245080447 0.5313260245080447 
3 3135 38 0.4885348918943018 0.5372115731446725 0.5372115731446725 
4 1512 25 0.4955521679008586 0.5424337608662682 0.5424337608662682 
5 2918 44 0.4989623652608268 0.5643474032699514 0.5643474032699514 
6 1728 28 0.5048927517093186 0.5643474032699514 0.5643474032699514 
7 3389 26 0.5107204088086099 0.5643474032699514 0.5643474032699514 
8 1883 26 0.5176155393593153 0.5921635460681403 0.5921635460681403 
9 3750 32 0.5228472881166533 0.5908457971385602 0.5921635460681403 
10 1848 26 0.5383488342400287 0.6236011193418884 0.6236011193418884 
11 1842 28 0.5475260565599617 0.6096952987370544 0.6236011193418884 
12 1862 26 0.5596899893637144 0.6292544602254297 0.6292544602254297 
13 1357 27 0.5703484540925239 0.6334793414297675 0.6334793414297675 
14 1247 27 0.5823398812987448 0.6518843412316908 0.6518843412316908 
15 1957 28 0.5936978809895974 0.6518843412316908 0.6518843412316908 
16 2143 27 0.6019269817651892 0.6526154321748925 0.6526154321748925 
17 1176 27 0.6102608211157964 0.683444567483448 0.683444567483448 
18 2379 30 0.6187968567724595 0.6712575462924769 0.683444567483448 
19 2586 29 0.6211691367335734 0.6715138579674738 0.683444567483448 
20 2100 28 0.6283687885154197 0.6724379135440905 0.683444567483448 
21 2409 32 0.6286597657776583 0.6714754112162242 0.683444567483448 
22 2543 28 0.632904324592701 0.6728031922721099 0.683444567483448 
23 1978 31 0.6371122436693958 0.7075847083332139 0.7075847083332139 
24 1704 30 0.6416831997253009 0.7097306585711296 0.7097306585711296 
25 2152 28 0.6451660630841589 0.7097194578542837 0.7097306585711296 
26 1434 33 0.6488866235497097 0.7097411804566515 0.7097411804566515 
27 1487 26 0.6557913723541365 0.7113264710299642 0.7113264710299642 
28 2523 27 0.6579729077147615 0.7250132361998396 0.7250132361998396 
29 2257 28 0.6621495735446417 0.724983303249648 0.7250132361998396 
0 34468 532 0.39638288774829156 0.5365513661008303 0.5365513661008303 
1 3566 164 0.4447313067571296 0.5375995958252618 0.5375995958252618 
2 1942 71 0.46893286225370223 0.5375995958252618 0.5375995958252618 
3 2862 52 0.4813497176064327 0.5469764270000848 0.5469764270000848 
4 4043 45 0.489549749534059 0.5518012839803972 0.5518012839803972 
5 3519 30 0.5028494799897458 0.5518012839803972 0.5518012839803972 
6 1485 28 0.5128681571713782 0.5566463912784965 0.5566463912784965 
7 2878 20 0.5204956885274302 0.5654163103477419 0.5654163103477419 
8 2283 22 0.5267213313642746 0.575731852294085 0.575731852294085 
9 1863 25 0.5311201189722733 0.6064561414136183 0.6064561414136183 
10 1629 20 0.5385301850791401 0.6064561414136183 0.6064561414136183 
11 3306 31 0.5419056763443167 0.6064561414136183 0.6064561414136183 
12 2210 23 0.5470482970166213 0.6064561414136183 0.6064561414136183 
13 2713 22 0.5538504811681045 0.6064561414136183 0.6064561414136183 
14 2128 25 0.5597028600841067 0.6072645168409556 0.6072645168409556 
15 2418 21 0.5679407566844269 0.614675339004764 0.614675339004764 
16 2157 23 0.5741655102226896 0.6214105213000181 0.6214105213000181 
17 3082 25 0.578225870042417 0.6214105213000181 0.6214105213000181 
18 1057 19 0.5892220219815107 0.6214105213000181 0.6214105213000181 
19 3260 20 0.5923251688225565 0.6214105213000181 0.6214105213000181 
20 2277 22 0.5961447268102825 0.6311999073569248 0.6311999073569248 
21 2517 23 0.5999124540187998 0.630527624273651 0.6311999073569248 
22 1897 25 0.604622205573297 0.6309971553159375 0.6311999073569248 
23 2660 31 0.6012939418494737 0.6398028878119273 0.6398028878119273 
24 3230 32 0.6038074583602223 0.6404051586347864 0.6404051586347864 
25 1735 21 0.6119990657705326 0.6406587463496745 0.6406587463496745 
26 1349 36 0.6132117943445303 0.6450955373049122 0.6450955373049122 
27 3171 24 0.6138882116643127 0.6582401518854087 0.6582401518854087 
28 2858 21 0.6208296930776593 0.6703939284796103 0.6703939284796103 
29 1549 21 0.6312881285283208 0.6703939284796103 0.6703939284796103 
0 33240 694 0.3972145408286131 0.5259339124715524 0.5259339124715524 
1 3196 220 0.44551362259484967 0.5259339124715524 0.5259339124715524 
2 2995 70 0.46728031185833074 0.5259339124715524 0.5259339124715524 
3 2534 38 0.482881935611857 0.5521634235647593 0.5521634235647593 
4 2518 28 0.49186284346222864 0.5374853740082179 0.5521634235647593 
5 2156 24 0.4982241984437106 0.5575756103320366 0.5575756103320366 
6 1591 20 0.5082545921298705 0.5575756103320366 0.5575756103320366 
7 2028 19 0.5138146235211112 0.5566844822758759 0.5575756103320366 
8 1854 21 0.520368160327217 0.562854569782324 0.562854569782324 
9 2962 22 0.5252562868825631 0.5712712780087603 0.5712712780087603 
10 1585 21 0.5323964343914009 0.5897936811828848 0.5897936811828848 
11 1669 22 0.5410987177844762 0.5897936811828848 0.5897936811828848 
12 2377 20 0.5462639173503222 0.5907829904828905 0.5907829904828905 
13 1711 17 0.5536819257652364 0.6074611539813519 0.6074611539813519 
14 1514 20 0.5586408705886361 0.6057818933038585 0.6074611539813519 
15 2715 20 0.5643616486925774 0.6387365834190883 0.6387365834190883 
16 1753 20 0.5734842770461713 0.6387365834190883 0.6387365834190883 
17 2070 21 0.5792843697988379 0.6388512365373834 0.6388512365373834 
18 2927 36 0.584160238219242 0.6382055376674544 0.6388512365373834 
19 1409 17 0.5972468583462945 0.6386247843134811 0.6388512365373834 
20 1069 19 0.6046494584427217 0.6507513880221524 0.6507513880221524 
21 2069 21 0.6059891588237212 0.6493033323533254 0.6507513880221524 
22 3568 23 0.6094277233723094 0.6494992537807937 0.6507513880221524 
23 2319 24 0.6161921381719299 0.6499424949104569 0.6507513880221524 
24 1295 21 0.6257930385603161 0.650606500140142 0.6507513880221524 
25 2486 29 0.6283280010570317 0.6511188405009694 0.6511188405009694 
26 1755 20 0.6393184810811396 0.6515087691997214 0.6515087691997214 
27 2528 22 0.6362908963951104 0.6515496188729242 0.6515496188729242 
28 1387 22 0.6414788402577528 0.6515496188729242 0.6515496188729242 
29 1352 23 0.6404384738037417 0.6517188532333349 0.6517188532333349 
0 33447 598 0.3873689214337771 0.5447694780775614 0.5447694780775614 
1 4067 242 0.4438816868187185 0.5467838986874031 0.5467838986874031 
2 3577 84 0.46982600860798257 0.5447694780775614 0.5467838986874031 
3 1682 37 0.4887213775630069 0.5466136822927049 0.5467838986874031 
4 2325 26 0.49987980892464334 0.5467838986874031 0.5467838986874031 
5 3087 22 0.5073401207275743 0.5454238393538021 0.5467838986874031 
6 2477 26 0.509727767486502 0.5541036220589792 0.5541036220589792 
7 2022 24 0.516066353105979 0.5731041691305959 0.5731041691305959 
8 1714 22 0.5233605131395049 0.5825766652431632 0.5825766652431632 
9 2187 21 0.5297581259750467 0.5825766652431632 0.5825766652431632 
10 796 19 0.5377307456029384 0.5878982624434195 0.5878982624434195 
11 3424 24 0.5409365158678503 0.6299987622598766 0.6299987622598766 
12 3609 31 0.5472540048535913 0.5991538727230441 0.6299987622598766 
13 2091 19 0.5596877983924792 0.6318628794750141 0.6318628794750141 
14 2663 30 0.5658903396828129 0.6401729373305073 0.6401729373305073 
15 1693 23 0.5778489222717995 0.6405916720758674 0.6405916720758674 
16 1944 19 0.5887979555970417 0.6617463229303094 0.6617463229303094 
17 2509 28 0.5900394484029028 0.6512406018323461 0.6617463229303094 
18 885 17 0.606731284627204 0.6512406018323461 0.6617463229303094 
19 2689 25 0.6132343789617168 0.6935846170747894 0.6935846170747894 
20 2288 22 0.6264701921956434 0.6932445156004456 0.6935846170747894 
21 2891 18 0.6312373138452521 0.6935297202807621 0.6935846170747894 
22 1566 16 0.639285419499496 0.6935846170747894 0.6935846170747894 
23 1990 20 0.6372767114063952 0.7074721580513249 0.7074721580513249 
24 1691 18 0.6448503485464694 0.707841604312062 0.707841604312062 
25 1501 19 0.6451385277023971 0.7079774738772794 0.7079774738772794 
26 2451 26 0.6467581705118978 0.7081235150888109 0.7081235150888109 
27 2185 21 0.6582607951055384 0.7082822452475411 0.7082822452475411 
28 3427 32 0.6601915542578395 0.7080152154231731 0.7082822452475411 
29 2617 23 0.6796516869645682 0.7082475230253189 0.7082822452475411 
0 32944 467 0.4023239313011633 0.5252930625522927 0.5252930625522927 
1 4041 167 0.4466298544592297 0.5260542199931305 0.5260542199931305 
2 2342 83 0.47074942772444195 0.5278809978511413 0.5278809978511413 
3 1219 37 0.486260649372616 0.5352432034835325 0.5352432034835325 
4 1746 26 0.49510514969805725 0.5289135806691936 0.5352432034835325 
5 2352 24 0.5012196112790758 0.5523241625503323 0.5523241625503323 
6 931 22 0.5057793736386145 0.5494664682232507 0.5523241625503323 
7 2435 35 0.5080764602381191 0.5500590273716665 0.5523241625503323 
8 2801 24 0.5132158649153111 0.5712048267306424 0.5712048267306424 
9 2478 28 0.5180467341804877 0.5747673006750235 0.5747673006750235 
10 3835 27 0.5232137416395514 0.5747673006750235 0.5747673006750235 
11 1179 21 0.5333147076188934 0.5749640737162238 0.5749640737162238 
12 2481 36 0.5345777739168172 0.578220661973958 0.578220661973958 
13 3016 30 0.541000166366014 0.6044349658764265 0.6044349658764265 
14 1583 22 0.550148151698086 0.6127062468009057 0.6127062468009057 
15 1515 23 0.555332979764368 0.6467525756879687 0.6467525756879687 
16 2207 25 0.5609892426180402 0.656014422935943 0.656014422935943 
17 1708 20 0.5683810635997736 0.6551739105886959 0.656014422935943 
18 3276 31 0.5733241851941382 0.657446106720568 0.657446106720568 
19 2591 28 0.5851179389928027 0.657446106720568 0.657446106720568 
20 3043 31 0.5919873754088308 0.6587020372988537 0.6587020372988537 
21 1994 22 0.6081122826548898 0.6597043517990859 0.6597043517990859 
22 3023 27 0.6144897307740931 0.6819769112726292 0.6819769112726292 
23 1654 21 0.6300553886974282 0.6820403520529816 0.6820403520529816 
24 2541 28 0.6312602794182146 0.6820403520529816 0.6820403520529816 
25 2545 30 0.638787817780792 0.6914535566857889 0.6914535566857889 
26 1543 21 0.6494121257240377 0.6916491180409711 0.6916491180409711 
27 2746 32 0.647800645080245 0.7215692191553782 0.7215692191553782 
28 2414 24 0.6543824489559691 0.7215692191553782 0.7215692191553782 
29 3237 23 0.6504642419680873 0.7374257006368596 0.7374257006368596 
0 32445 472 0.40023582595456664 0.5451657295605672 0.5451657295605672 
1 2906 211 0.4530827448545919 0.5451657295605672 0.5451657295605672 
2 2441 53 0.48129129635055795 0.5541736605952583 0.5541736605952583 
3 2668 36 0.49324050495383676 0.5553197062358523 0.5553197062358523 
4 2510 24 0.504270361230403 0.5553197062358523 0.5553197062358523 
5 1053 21 0.5112025470416893 0.5553197062358523 0.5553197062358523 
6 736 22 0.5188301908773897 0.5720742567406082 0.5720742567406082 
7 3688 24 0.5219586976559223 0.5685427030942648 0.5720742567406082 
8 1992 21 0.5284017680055121 0.5935121294086108 0.5935121294086108 
9 1096 18 0.5387149888472282 0.6036254442567578 0.6036254442567578 
10 2860 47 0.5422572729223543 0.6287380306883739 0.6287380306883739 
11 1788 22 0.5582456569668675 0.6300980359699477 0.6300980359699477 
12 2046 23 0.5650689063405507 0.643603685790622 0.643603685790622 
13 2664 26 0.5734943280805234 0.6439710658581175 0.6439710658581175 
14 2319 33 0.5844037497018639 0.658880080636755 0.658880080636755 
15 2591 22 0.5998967101166124 0.6712227702069564 0.6712227702069564 
16 2747 34 0.6089035567296206 0.6712227702069564 0.6712227702069564 
17 2831 28 0.6203759376598156 0.6713629043480075 0.6713629043480075 
18 2686 20 0.63439187507537 0.6713629043480075 0.6713629043480075 
19 1352 25 0.6459475026033777 0.6707684067093345 0.6713629043480075 
20 2076 32 0.6485986237939203 0.6712493192315405 0.6713629043480075 
21 1618 20 0.6516498346553985 0.671289084611506 0.6713629043480075 
22 2438 20 0.6571051801316382 0.6714561969109714 0.6714561969109714 
23 3123 19 0.655341929661262 0.671503331149282 0.671503331149282 
24 2897 24 0.6590330876519088 0.6716576336920534 0.6716576336920534 
25 859 17 0.6671949840359999 0.6716576336920534 0.6716576336920534 
26 2521 28 0.6557382814564743 0.6716576336920534 0.6716576336920534 
27 3808 26 0.6546761031129499 0.6717641980569298 0.6717641980569298 
28 2516 24 0.6588791497643309 0.6718113322952406 0.6718113322952406 
29 1737 18 0.6667411018249477 0.708338738389101 0.708338738389101 
0 34600 437 0.40911249805299177 0.5224581071522488 0.5224581071522488 
1 2310 139 0.4550916310620076 0.5405889556701122 0.5405889556701122 
2 4370 71 0.4768528456100159 0.5257889206661106 0.5405889556701122 
3 1871 47 0.4904300707747368 0.534722199184539 0.5405889556701122 
4 1945 28 0.49823610185750505 0.5412201974091078 0.5412201974091078 
5 1267 25 0.5017488977064594 0.5387136280874294 0.5412201974091078 
6 3168 25 0.5063620253571623 0.5397337812631229 0.5412201974091078 
7 1545 22 0.512069340300519 0.540572442424744 0.5412201974091078 
8 3766 22 0.5155259437768543 0.5592646914817221 0.5592646914817221 
9 2718 25 0.5173677449625489 0.5595687428711993 0.5595687428711993 
10 2962 21 0.5216403978537594 0.5688647099003623 0.5688647099003623 
11 1424 22 0.5273852576314648 0.5903722226648577 0.5903722226648577 
12 3601 27 0.5283206764085798 0.5903722226648577 0.5903722226648577 
13 3762 25 0.5356452402558926 0.5903722226648577 0.5903722226648577 
14 1990 21 0.545017040457631 0.591634997297289 0.591634997297289 
15 3929 22 0.5524130435179172 0.591634997297289 0.591634997297289 
16 3433 20 0.5614377356290224 0.5965972337762591 0.5965972337762591 
17 3013 19 0.5688342353007529 0.5969718429488106 0.5969718429488106 
18 1684 18 0.5795409012741349 0.632362823915233 0.632362823915233 
19 1732 19 0.5858551082164759 0.6339759032838348 0.6339759032838348 
20 2009 21 0.5899101331955491 0.6347002070990433 0.6347002070990433 
21 2052 24 0.5938176768841835 0.634505058259593 0.6347002070990433 
22 654 19 0.606909422022508 0.6410677674710948 0.6410677674710948 
23 2185 20 0.6132993545754112 0.6524166190444305 0.6524166190444305 
24 3108 19 0.6168647521550057 0.6524166190444305 0.6524166190444305 
25 2981 21 0.6214388654322982 0.6623726799662676 0.6623726799662676 
26 1706 18 0.6291323690787863 0.6646074648739482 0.6646074648739482 
27 1897 18 0.6319242536018755 0.6646074648739482 0.6646074648739482 
28 2582 20 0.6321212368377868 0.6745016180673338 0.6745016180673338 
29 2712 23 0.6295930585653211 0.6457256179678477 0.6745016180673338 
0 35191 503 0.3976763811004777 0.5430853691160243 0.5430853691160243 
1 4386 136 0.4535267569216064 0.5439468055115702 0.5439468055115702 
2 2330 53 0.47747279078200333 0.5443095155728527 0.5443095155728527 
3 3818 43 0.48641072913291983 0.549924030205687 0.549924030205687 
4 1536 28 0.5002830871315179 0.549924030205687 0.549924030205687 
5 2215 24 0.5099590222285658 0.5718789495597951 0.5718789495597951 
6 2442 22 0.517989097171823 0.5730604478001169 0.5730604478001169 
7 2079 21 0.5274096843102588 0.5730604478001169 0.5730604478001169 
8 2586 20 0.5344922898523375 0.5938229372123023 0.5938229372123023 
9 2940 23 0.5425785336128781 0.5945170325142406 0.5945170325142406 
10 4361 42 0.5453478102947363 0.6309891314463711 0.6309891314463711 
11 2480 21 0.5558963750241793 0.6329415764328719 0.6329415764328719 
12 1619 26 0.5635670247186083 0.6430981298239995 0.6430981298239995 
13 3844 20 0.5716278167316139 0.6436547173712992 0.6436547173712992 
14 2450 24 0.5764846720907069 0.6430981298239995 0.6436547173712992 
15 3500 41 0.5807383880492278 0.6430981298239995 0.6436547173712992 
16 2419 19 0.5953547042843522 0.6470662508190025 0.6470662508190025 
17 1885 26 0.6057736628727558 0.6705654445289075 0.6705654445289075 
18 2577 24 0.6127977423939304 0.6582582133310496 0.6705654445289075 
19 3402 30 0.6179956372739308 0.6694395231293114 0.6705654445289075 
20 3225 21 0.6291096653245681 0.6693587122695206 0.6705654445289075 
21 2354 19 0.6372371937685332 0.6700144127223322 0.6705654445289075 
22 3311 27 0.6359337671919212 0.6700144127223322 0.6705654445289075 
23 2879 22 0.6415950565404386 0.6701457152433407 0.6705654445289075 
24 2409 20 0.6505689758970828 0.6709448974704769 0.6709448974704769 
25 1686 19 0.6526202238404695 0.6708177624604371 0.6709448974704769 
26 2952 22 0.6557407870484349 0.6709475108755336 0.6709475108755336 
27 1853 20 0.6579861316876817 0.6710609821899853 0.6710609821899853 
28 3071 27 0.6534165670385942 0.6710842351844974 0.6710842351844974 
29 2018 19 0.6637005530779142 0.6712824656007623 0.6712824656007623 
0 33427 572 0.3905627368373932 0.5426888563522415 0.5426888563522415 
1 3558 170 0.4489947155520724 0.5383119231335383 0.5426888563522415 
2 2186 68 0.47903060294419064 0.5383702126344119 0.5426888563522415 
3 1902 31 0.4970769323510187 0.5625833094034133 0.5625833094034133 
4 2177 24 0.5030788322034584 0.5571547685930093 0.5625833094034133 
5 2891 29 0.5064924670208949 0.5602948046283074 0.5625833094034133 
6 2983 21 0.5135963463317722 0.5602948046283074 0.5625833094034133 
7 1695 21 0.5189088575386909 0.5631751331221846 0.5631751331221846 
8 1824 22 0.5226748031396183 0.5692791008819673 0.5692791008819673 
9 1396 19 0.5313750397224652 0.6072162557696024 0.6072162557696024 
10 1525 22 0.5356334863194061 0.6317158814597408 0.6317158814597408 
11 3139 22 0.5388475598833273 0.6426002733138018 0.6426002733138018 
12 2877 24 0.5462993323354318 0.6427504499345666 0.6427504499345666 
13 2250 26 0.5524687649519315 0.6426775701039014 0.6427504499345666 
14 2302 21 0.5605302771197812 0.6426775701039014 0.6427504499345666 
15 2003 23 0.5715951742689822 0.6421309713739116 0.6427504499345666 
16 1946 17 0.5820146031871737 0.6420162531219384 0.6427504499345666 
17 2985 18 0.5934646560786556 0.6426775701039014 0.6427504499345666 
18 1523 17 0.606879068062413 0.6422377780223003 0.6427504499345666 
19 2159 20 0.6132297049670026 0.6427504499345666 0.6427504499345666 
20 2124 18 0.6226772835018386 0.6430672862516016 0.6430672862516016 
21 2470 19 0.6275223050044652 0.6432250465574542 0.6432250465574542 
22 2941 21 0.6310105474867563 0.6434707547244305 0.6434707547244305 
23 3266 20 0.6321386620746914 0.6434012147466157 0.6434707547244305 
24 1714 17 0.6374512751289437 0.6437977796056209 0.6437977796056209 
25 1738 17 0.6368522032547559 0.6437977796056209 0.6437977796056209 
26 1534 17 0.6382346000124433 0.6439085702049406 0.6439085702049406 
27 1877 19 0.6361727305343041 0.6439085702049406 0.6439085702049406 
28 1273 18 0.6359933079934093 0.6753052100574628 0.6753052100574628 
29 2656 18 0.635986583735755 0.6756083988498032 0.6756083988498032 
0 35320 504 0.40547113583700295 0.5331081180295368 0.5331081180295368 
1 4985 167 0.4547091013910276 0.534546230123125 0.534546230123125 
2 3858 71 0.4788899322618827 0.5379796628985609 0.5379796628985609 
3 2659 42 0.49098231387713476 0.5374737351310425 0.5379796628985609 
4 2867 37 0.4988560264330685 0.5521470092840995 0.5521470092840995 
5 2117 25 0.508607059039353 0.5554761303903426 0.5554761303903426 
6 2906 27 0.5128018412054749 0.5554761303903426 0.5554761303903426 
7 1783 22 0.5192766893512243 0.5716966657792423 0.5716966657792423 
8 2084 25 0.5231481994075221 0.5753281776223269 0.5753281776223269 
9 2817 44 0.522453950549295 0.5956579284387293 0.5956579284387293 
10 2247 20 0.5355104304281064 0.5962431260419009 0.5962431260419009 
11 3399 28 0.5408589568741379 0.5966820242442794 0.5966820242442794 
12 2684 22 0.550621063454797 0.6137228648786147 0.6137228648786147 
13 2096 20 0.5624736254632805 0.615074828666079 0.615074828666079 
14 2973 24 0.5668565531075561 0.6411761066724946 0.6411761066724946 
15 3252 33 0.5713532909437863 0.6411761066724946 0.6411761066724946 
16 2403 21 0.5858546840377642 0.6588237570298441 0.6588237570298441 
17 2055 21 0.6005022993978175 0.6684746859711121 0.6684746859711121 
18 2851 36 0.6047402833086724 0.6685410003756619 0.6685410003756619 
19 4517 46 0.6130865901326747 0.693449077328418 0.693449077328418 
20 1251 20 0.6350436491790582 0.7074366088940746 0.7074366088940746 
21 3331 24 0.6357895176849115 0.6935039741224451 0.7074366088940746 
22 2896 42 0.6416813213105157 0.7075822965397622 0.7075822965397622 
23 2395 32 0.6481899388226192 0.7075155230354887 0.7075822965397622 
24 2229 26 0.6562065477210207 0.7073743981348938 0.7075822965397622 
25 3039 32 0.6591691635757904 0.7073743981348938 0.7075822965397622 
26 2560 21 0.6676006299768059 0.7076395309719966 0.7076395309719966 
27 2533 23 0.6674767938030738 0.7074079584190379 0.7076395309719966 
28 2139 22 0.6722116060734659 0.7075200857805815 0.7076395309719966 
29 2126 22 0.6753894303794691 0.7076119736527726 0.7076395309719966 
0 32603 571 0.38484227002082855 0.5445910189700751 0.5445910189700751 
1 3655 126 0.45670271134135876 0.545668158464383 0.545668158464383 
2 2683 44 0.4799934599305838 0.545743041048728 0.545743041048728 
3 1870 26 0.49392152472946627 0.5497737922125748 0.5497737922125748 
4 2577 23 0.5019494712665513 0.5685210752572158 0.5685210752572158 
5 1427 21 0.5097841322638677 0.5685210752572158 0.5685210752572158 
6 2729 46 0.5112062870483689 0.5687123252011305 0.5687123252011305 
7 2210 21 0.5203139561867595 0.5966563975547027 0.5966563975547027 
8 2280 32 0.5263497644426165 0.5969617180433138 0.5969617180433138 
9 2228 22 0.5332648614657305 0.6043197417923294 0.6043197417923294 
10 2935 36 0.5410240684852884 0.6126859092058237 0.6126859092058237 
11 2158 21 0.5564495089178539 0.6243878061155963 0.6243878061155963 
12 2710 22 0.5672539360887504 0.6241314641006759 0.6243878061155963 
13 3051 25 0.5745296831839176 0.6549024210642973 0.6549024210642973 
14 1500 19 0.5858037235345176 0.6549024210642973 0.6549024210642973 
15 1712 19 0.5941192804306055 0.6558429551096285 0.6558429551096285 
16 2474 17 0.6075776647437158 0.6579896965515 0.6579896965515 
17 1931 18 0.616320923769727 0.6592847132853874 0.6592847132853874 
18 2457 19 0.6224164525110429 0.669833096938091 0.669833096938091 
19 2843 18 0.6299133051122516 0.669833096938091 0.669833096938091 
20 2354 21 0.6340670111673828 0.6708543387681563 0.6708543387681563 
21 2491 19 0.6411858270941743 0.6703819628747988 0.6708543387681563 
22 1541 17 0.6477427149744795 0.6709833694946674 0.6709833694946674 
23 1848 18 0.6504492911603053 0.6710090177243968 0.6710090177243968 
24 978 15 0.6582873882964511 0.6710090177243968 0.6710090177243968 
25 1955 21 0.6568992798692398 0.6719613251274651 0.6719613251274651 
26 2232 21 0.6600993775390199 0.6725173551619834 0.6725173551619834 
27 3343 57 0.6509713658279392 0.6725173551619834 0.6725173551619834 
28 1827 19 0.6595011619756924 0.6725173551619834 0.6725173551619834 
29 2420 30 0.6599298445742977 0.6724796245524982 0.6725173551619834 
0 33511 461 0.4052535900342403 0.5370514073476498 0.5370514073476498 
1 4009 156 0.45180995518522216 0.53800886002052 0.53800886002052 
2 3491 50 0.48184315091507074 0.5319583272675343 0.53800886002052 
3 2728 30 0.4972456221351457 0.5578768994437059 0.5578768994437059 
4 2065 26 0.50430916192485 0.5703504804153869 0.5703504804153869 
5 2275 26 0.508958030960272 0.5703504804153869 0.5703504804153869 
6 2991 36 0.5106574835819833 0.5757317148812027 0.5757317148812027 
7 1967 31 0.5179369685770965 0.60656140117557 0.60656140117557 
8 2194 19 0.524823966604065 0.60656140117557 0.60656140117557 
9 2497 24 0.5275701443596131 0.5994915713587077 0.60656140117557 
10 1723 22 0.5349397052621583 0.5992610960981326 0.60656140117557 
11 2670 28 0.5415706143038242 0.6075152503349001 0.6075152503349001 
12 1950 21 0.5528423845803563 0.6388314166880442 0.6388314166880442 
13 3332 29 0.5574878091605836 0.6489282614584732 0.6489282614584732 
14 1018 20 0.5741818032422554 0.6600559276030391 0.6600559276030391 
15 1407 25 0.5779979294668395 0.6491671220763239 0.6600559276030391 
16 1771 22 0.5892560795417476 0.6494322521740222 0.6600559276030391 
17 2343 26 0.5996433578431662 0.675384225364557 0.675384225364557 
18 1927 24 0.6119168769630627 0.6754228147994313 0.6754228147994313 
19 2665 24 0.620522535135726 0.6643891310864671 0.6754228147994313 
20 2995 28 0.6287832607361483 0.6649935911639572 0.6754228147994313 
21 1880 27 0.639342398613711 0.676230430106075 0.676230430106075 
22 1261 25 0.6478913280534495 0.6762062859142017 0.676230430106075 
23 3308 41 0.6476601013950485 0.6761806327103365 0.676230430106075 
24 2842 28 0.6529217058735761 0.6767723880819502 0.6767723880819502 
25 2119 25 0.6602906877933071 0.6770725371942592 0.6770725371942592 
26 2406 25 0.6642183434282728 0.6770389812916695 0.6770725371942592 
27 4123 31 0.6658714326790534 0.7418535763994929 0.7418535763994929 
28 2456 24 0.669211970822258 0.7418535763994929 0.7418535763994929 
29 2190 23 0.672677253219255 0.7418535763994929 0.7418535763994929 
0 33236 416 0.4077907072029708 0.5330915237206171 0.5330915237206171 
1 3726 142 0.45054799401723744 0.5326078287196933 0.5330915237206171 
2 1275 72 0.469802981562237 0.5522059567671656 0.5522059567671656 
3 2819 49 0.4816852197808798 0.5528693746019585 0.5528693746019585 
4 1938 30 0.4939302456686426 0.5528693746019585 0.5528693746019585 
5 1747 22 0.5047239337109177 0.556180225931457 0.556180225931457 
6 3343 33 0.5099599310300852 0.5763002515673875 0.5763002515673875 
7 1746 18 0.5204952589091694 0.60715388528557 0.60715388528557 
8 2578 25 0.529166015155056 0.6060548687161322 0.60715388528557 
9 3262 24 0.5385268172203078 0.6144643783327617 0.6144643783327617 
10 1960 24 0.5504947122615834 0.6142507852702643 0.6144643783327617 
11 2107 21 0.5626011547367733 0.6369179810531624 0.6369179810531624 
12 1190 20 0.5722688252636086 0.659111810709016 0.659111810709016 
13 2788 24 0.5811070730233591 0.659111810709016 0.659111810709016 
14 2293 22 0.5951283028073684 0.6595741864956037 0.6595741864956037 
15 2446 28 0.6005016086513159 0.660008038197204 0.660008038197204 
16 1551 23 0.6062011986630403 0.660008038197204 0.660008038197204 
17 2358 28 0.6117933054483607 0.6707992111255539 0.6707992111255539 
18 1912 20 0.6262068219747133 0.6707817249434873 0.6707992111255539 
19 2259 21 0.6364040980249043 0.6709029784150176 0.6709029784150176 
20 2403 22 0.6453076290022629 0.6713248503027933 0.6713248503027933 
21 1895 25 0.6491527325171408 0.6712088000948314 0.6713248503027933 
22 2009 20 0.6537929628085916 0.6717553502423321 0.6717553502423321 
23 2825 26 0.6497893716562305 0.6715600607479209 0.6717553502423321 
24 2037 40 0.6557433342823825 0.6716666251127972 0.6717553502423321 
25 2304 19 0.6631976386857397 0.6717553502423321 0.6717553502423321 
26 2237 26 0.6591618065903553 0.6717553502423321 0.6717553502423321 
27 1760 22 0.6644884083362367 0.6725179610683764 0.6725179610683764 
28 2853 19 0.6612813976248263 0.6725734633417495 0.6725734633417495 
29 3056 40 0.6576817018190271 0.6725734633417495 0.6725734633417495 
0 32304 418 0.41399288729466366 0.5447524279701514 0.5447524279701514 
1 4801 120 0.45603928877482375 0.5447524279701514 0.5447524279701514 
2 2168 54 0.47850229742741895 0.5462296697507021 0.5462296697507021 
3 1361 31 0.49140066737341587 0.5462296697507021 0.5462296697507021 
4 2491 23 0.49893090525256795 0.5566846781900888 0.5566846781900888 
5 2373 25 0.5052197392379957 0.5566846781900888 0.5566846781900888 
6 1934 24 0.5091408560461139 0.5566846781900888 0.5566846781900888 
7 3796 31 0.5112326695521161 0.5566846781900888 0.5566846781900888 
8 2193 24 0.5170175150296559 0.5576114609932177 0.5576114609932177 
9 2547 21 0.5218105621577144 0.5584008965948273 0.5584008965948273 
10 2732 27 0.5250804197309734 0.573367812348303 0.573367812348303 
11 2167 30 0.5297436000595679 0.5833297375122901 0.5833297375122901 
12 2396 24 0.5384365643666918 0.6016724067820112 0.6016724067820112 
13 2219 28 0.5454620699638077 0.6131601539801919 0.6131601539801919 
14 2669 21 0.5564798246967334 0.6259142969726538 0.6259142969726538 
15 2859 29 0.5645170118151909 0.6386744593637541 0.6386744593637541 
16 3574 24 0.5745857454133099 0.6386744593637541 0.6386744593637541 
17 4010 37 0.5758129624094775 0.6392087809741958 0.6392087809741958 
18 1943 22 0.5913403092664273 0.6537961413157938 0.6537961413157938 
19 2129 25 0.5998018091044811 0.6537961413157938 0.6537961413157938 
20 3909 29 0.6070293613422756 0.6490255965598002 0.6537961413157938 
21 2711 22 0.615463112635577 0.6490255965598002 0.6537961413157938 
22 2394 21 0.6252801712630255 0.6495086669809511 0.6537961413157938 
23 1738 22 0.6277582342360555 0.6496062100467603 0.6537961413157938 
24 1549 35 0.6298944568578997 0.6511322131758621 0.6537961413157938 
25 1506 17 0.6358771794735261 0.6515422679386912 0.6537961413157938 
26 2036 22 0.6370501314348209 0.6931908656387133 0.6931908656387133 
27 1527 17 0.6418451786852863 0.7064618934929651 0.7064618934929651 
28 1788 20 0.6440129909920332 0.7075363645693498 0.7075363645693498 
29 2957 24 0.6385155314257005 0.7068677376488093 0.7075363645693498 
0 30113 422 0.4017418298894276 0.5369513324931439 0.5369513324931439 
1 3436 132 0.4533576851070493 0.53511689600085 0.5369513324931439 
2 3615 57 0.47497021215645385 0.5336486499586853 0.5369513324931439 
3 1984 44 0.4876849254155917 0.5376335410890261 0.5376335410890261 
4 2619 26 0.5004455876353017 0.5382694887158044 0.5382694887158044 
5 2104 26 0.5068419074962089 0.5516549206067624 0.5516549206067624 
6 637 18 0.5146355260133738 0.5562766485902035 0.5562766485902035 
7 2213 22 0.5163759622372615 0.5781073151390848 0.5781073151390848 
8 2230 20 0.5203398528584315 0.5848650528760404 0.5848650528760404 
9 1573 20 0.5287417822717516 0.5853475912830931 0.5853475912830931 
10 1590 20 0.5339375410320107 0.5920511451100858 0.5920511451100858 
11 2007 26 0.5357555931531243 0.6126646932978795 0.6126646932978795 
12 517 17 0.5450356572705606 0.5980661104714008 0.6126646932978795 
13 1864 18 0.553801358955292 0.6139205033345634 0.6139205033345634 
14 3129 25 0.5533713166402595 0.603474329051268 0.6139205033345634 
15 1575 21 0.5597866204728913 0.6324239817241598 0.6324239817241598 
16 2041 25 0.5636271913483992 0.6324239817241598 0.6324239817241598 
17 2511 20 0.5741812008334155 0.6304169870296195 0.6324239817241598 
18 2713 39 0.5728590066322732 0.639471876598773 0.639471876598773 
19 3064 28 0.57660307680392 0.6402429049133052 0.6402429049133052 
20 1635 24 0.5825227500330518 0.6415805224749666 0.6415805224749666 
21 1424 26 0.5894287957618516 0.6458483526111944 0.6458483526111944 
22 1862 21 0.5950739494567521 0.6415805224749666 0.6458483526111944 
23 1961 23 0.6016537406130248 0.6517837592145104 0.6517837592145104 
24 2340 26 0.6051953478429977 0.6519894259719541 0.6519894259719541 
25 1722 31 0.6145340008533726 0.6520547554125538 0.6520547554125538 
26 2031 22 0.6222478335702801 0.6524263355281736 0.6524263355281736 
27 2243 26 0.6258633537425944 0.6522509775560374 0.6524263355281736 
28 2978 24 0.6251944198581301 0.6641314484218229 0.6641314484218229 
29 1460 21 0.6337999677226921 0.6758509456719425 0.6758509456719425 
0 30889 550 0.39583808910124224 0.5330046542743903 0.5330046542743903 
1 2114 149 0.45057048446381437 0.5344427663679784 0.5344427663679784 
2 2535 59 0.47283203962447895 0.5570842173349035 0.5570842173349035 
3 2163 35 0.4883792512686865 0.5575779792878999 0.5575779792878999 
4 3389 26 0.4970933866635198 0.5580168788016745 0.5580168788016745 
5 2129 21 0.5050753851744342 0.5593734772987958 0.5593734772987958 
6 964 18 0.51192700647362 0.568783549450671 0.568783549450671 
7 1874 20 0.5201331933215823 0.5743939111070366 0.5743939111070366 
8 2844 20 0.5272406681900104 0.585053430367617 0.585053430367617 
9 1427 22 0.533143470695449 0.5864077214831271 0.5864077214831271 
10 2614 39 0.5370704882695405 0.6193230464171618 0.6193230464171618 
11 3522 25 0.5457677414925641 0.619532146942265 0.619532146942265 
12 1915 18 0.5571038381973463 0.6270643953828522 0.6270643953828522 
13 1038 17 0.5661489347679772 0.6199583610300307 0.6270643953828522 
14 1306 18 0.5750095048803197 0.629740722323885 0.629740722323885 
15 1066 18 0.585976121181784 0.631692769504953 0.631692769504953 
16 2199 18 0.5917887560970142 0.6319709947747456 0.6319709947747456 
17 1394 19 0.6011486130633505 0.6319709947747456 0.6319709947747456 
18 2336 19 0.609435671747262 0.6407767272707355 0.6407767272707355 
19 1985 19 0.617174541041645 0.6420673076054335 0.6420673076054335 
20 2236 19 0.61737988072936 0.6420673076054335 0.6420673076054335 
21 1990 18 0.6238383473079643 0.6417111402386173 0.6420673076054335 
22 1727 19 0.6254359202662128 0.6422550283813896 0.6422550283813896 
23 1276 17 0.6283382547238253 0.6430165733605977 0.6430165733605977 
24 3039 17 0.6277788534176387 0.6430165733605977 0.6430165733605977 
25 2220 19 0.629088394622205 0.643091780796627 0.643091780796627 
26 2674 20 0.6309320596923971 0.6432448687002688 0.6432448687002688 
27 2004 19 0.6362869010865406 0.6744986190125319 0.6744986190125319 
28 1792 19 0.6364491559348591 0.6748547443686573 0.6748547443686573 
29 2060 18 0.6344407470449179 0.6745357166924009 0.6748547443686573 
