0 29951 20 0.44134155532639346 0.5513454771632149 0.5513454771632149 
1 1153 6 0.4773739981876386 0.5413543681540414 0.5513454771632149 
2 566 3 0.4877999490642293 0.5483711915995108 0.5513454771632149 
3 1838 3 0.4907593697064601 0.5452561484084749 0.5513454771632149 
4 2060 2 0.4904483041126586 0.5332235670743454 0.5513454771632149 
5 1175 5 0.4761553336419872 0.5285346684512096 0.5513454771632149 
6 1943 3 0.48845857362524664 0.5045642194913358 0.5513454771632149 
7 1360 3 0.48895851987365724 0.49796598809202086 0.5513454771632149 
8 1162 4 0.4889291802815716 0.5006731497181584 0.5513454771632149 
9 2279 4 0.4895666671932524 0.4938897834230528 0.5513454771632149 
10 1749 5 0.48876413537258584 0.4930084296719035 0.5513454771632149 
11 1563 4 0.49030319633029684 0.49316850070200724 0.5513454771632149 
12 1333 6 0.48767727863504257 0.49422660432673404 0.5513454771632149 
13 1786 5 0.4913191290688665 0.4944243900415821 0.5513454771632149 
14 1308 5 0.4916501492180844 0.49434753780256036 0.5513454771632149 
15 1274 6 0.49223044794272774 0.49452483448888085 0.5513454771632149 
16 2037 7 0.4911078166666798 0.49431552936401574 0.5513454771632149 
17 1231 7 0.4925909839929137 0.49408231073631387 0.5513454771632149 
18 1193 8 0.4928993875832738 0.4941576563995076 0.5513454771632149 
19 1895 9 0.4935489309425798 0.49427847823183946 0.5513454771632149 
20 1702 9 0.493549846109111 0.49440120225211964 0.5513454771632149 
21 1901 9 0.4926627265342093 0.49467712238232847 0.5513454771632149 
22 1165 10 0.49439592675407745 0.5218633371598015 0.5513454771632149 
23 2490 10 0.49443952787720613 0.515667269778032 0.5513454771632149 
24 1174 10 0.4945045832137767 0.49498284143927174 0.5513454771632149 
25 2182 11 0.4944241265527507 0.49508163941910993 0.5513454771632149 
26 1570 12 0.49462118322528503 0.4950646041952393 0.5513454771632149 
27 1904 11 0.49446458614293204 0.49522177278487783 0.5513454771632149 
28 571 11 0.49459714458989895 0.49516711669910374 0.5513454771632149 
29 1219 11 0.4947912261441632 0.5222923012249151 0.5513454771632149 
0 29054 19 0.44246468789088295 0.5504836899639899 0.5504836899639899 
1 1133 6 0.47553660331069963 0.5504836899639899 0.5504836899639899 
2 793 3 0.4880492697312803 0.5477412702570671 0.5504836899639899 
3 836 2 0.490296713958123 0.522097937654779 0.5504836899639899 
4 1596 2 0.48900424816237714 0.5053101756775757 0.5504836899639899 
5 721 2 0.4884357061341403 0.49577999343095625 0.5504836899639899 
6 1192 3 0.4890683957290459 0.5063365806505367 0.5504836899639899 
7 973 3 0.4896712319863979 0.4957596808055998 0.5504836899639899 
8 1434 4 0.48914064929066625 0.49370041744649057 0.5504836899639899 
9 1215 3 0.4898018256152262 0.49136243424295367 0.5504836899639899 
10 1604 4 0.4896713253221622 0.4914393495168494 0.5504836899639899 
11 780 4 0.4901449568318418 0.49186006396638954 0.5504836899639899 
12 1511 5 0.48994179019674045 0.49214168931461055 0.5504836899639899 
13 223 4 0.4908196700920616 0.49233248423402914 0.5504836899639899 
14 1292 6 0.49077515068308775 0.49190753098410556 0.5504836899639899 
15 1745 6 0.4913080518418317 0.492154343910964 0.5504836899639899 
16 925 7 0.4916692933869695 0.4922475054134523 0.5504836899639899 
17 1393 7 0.4913334706663811 0.4924658155131951 0.5504836899639899 
18 967 6 0.49197414668116196 0.49320512462600125 0.5504836899639899 
19 1560 7 0.4911896793537505 0.4934713719358391 0.5504836899639899 
20 2028 7 0.49121109906765353 0.49337346569150275 0.5504836899639899 
21 2020 9 0.4910371958627159 0.4929500198837725 0.5504836899639899 
22 1224 9 0.49158209200008174 0.4937995628268383 0.5504836899639899 
23 1283 10 0.4911951992030213 0.49312092308957667 0.5504836899639899 
24 1495 8 0.4926898857362571 0.4941366572287345 0.5504836899639899 
25 805 9 0.49292909311739513 0.49432610980578384 0.5504836899639899 
26 1350 12 0.49115908331547325 0.4933625244301745 0.5504836899639899 
27 1173 9 0.49301374401317055 0.49349464108457985 0.5504836899639899 
28 384 9 0.49271862485104984 0.49357479839493473 0.5504836899639899 
29 1768 8 0.49287229132147 0.49368303080793485 0.5504836899639899 
0 33069 25 0.42681045590797995 0.5429663651689909 0.5429663651689909 
1 1687 7 0.4684535391033747 0.525324893169544 0.5429663651689909 
2 809 2 0.48535957354995424 0.5235474620298585 0.5429663651689909 
3 2111 2 0.4882085082549632 0.5235474620298585 0.5429663651689909 
4 1160 2 0.4876207265987456 0.5126180317841411 0.5429663651689909 
5 760 1 0.48825200733364577 0.5140048043241652 0.5429663651689909 
6 797 2 0.48953706549841675 0.5186548542986305 0.5429663651689909 
7 1197 2 0.48866382083120163 0.5093220011724455 0.5429663651689909 
8 1893 3 0.48891220838565147 0.516964838943174 0.5429663651689909 
9 1794 3 0.4900164754454157 0.4992933018930266 0.5429663651689909 
10 807 3 0.4894877571023337 0.4935157514303977 0.5429663651689909 
11 1146 3 0.4904192357482497 0.49295814905354984 0.5429663651689909 
12 2256 5 0.48882860431435105 0.49280357563118754 0.5429663651689909 
13 635 5 0.49117246427521616 0.49305049716632526 0.5429663651689909 
14 1155 6 0.48912643800606576 0.49332692065678146 0.5429663651689909 
15 1328 5 0.4916137367164001 0.49346048202806025 0.5429663651689909 
16 1064 5 0.492449862139204 0.4935053712728874 0.5429663651689909 
17 1092 5 0.49308648706825847 0.4937651891263126 0.5429663651689909 
18 1527 5 0.4933473088333959 0.49379199548064023 0.5429663651689909 
19 1185 5 0.49225672854840785 0.49369575209479855 0.5429663651689909 
20 1237 5 0.4934339983434065 0.4936603654355871 0.5429663651689909 
21 3136 6 0.49246629102662476 0.49369414321728855 0.5429663651689909 
22 941 6 0.49343935901293584 0.4938273782469021 0.5429663651689909 
23 1076 6 0.49353939352857545 0.49387522675944345 0.5429663651689909 
24 1718 7 0.4931757307324147 0.49397229205711807 0.5429663651689909 
25 2089 6 0.49350005476462167 0.49394772664223413 0.5429663651689909 
26 1695 7 0.4925036452458116 0.503932350377176 0.5429663651689909 
27 806 7 0.49388114952597406 0.4940796768847484 0.5429663651689909 
28 1455 7 0.49386601844716227 0.4940969999996111 0.5429663651689909 
29 1743 8 0.4936753207271478 0.494111782782483 0.5429663651689909 
0 33711 20 0.433866715846143 0.5283616502624948 0.5283616502624948 
1 1799 6 0.471465105792817 0.5340510682499293 0.5340510682499293 
2 1132 3 0.4835611704977481 0.5351948009091848 0.5351948009091848 
3 1497 2 0.486190434280443 0.5288059926152988 0.5351948009091848 
4 1481 1 0.48989966935948426 0.5154970927625523 0.5351948009091848 
5 1398 3 0.48868530764224344 0.5184287714426801 0.5351948009091848 
6 1257 2 0.48898546112404184 0.5006202589926464 0.5351948009091848 
7 1384 2 0.4900221286917704 0.4980056124833233 0.5351948009091848 
8 1151 3 0.49019024881203954 0.49634697278540785 0.5351948009091848 
9 473 3 0.4903504329151083 0.4956808073613619 0.5351948009091848 
10 2419 3 0.4905887634183898 0.49498524710790437 0.5351948009091848 
11 1786 4 0.4908908092153286 0.4926305911279679 0.5351948009091848 
12 1114 4 0.491435399935358 0.49330585038688457 0.5351948009091848 
13 1224 4 0.49186364084476025 0.49347311609303157 0.5351948009091848 
14 2320 4 0.492267089204901 0.4936966062898417 0.5351948009091848 
15 1002 5 0.49276863383357233 0.4938197577687615 0.5351948009091848 
16 1438 6 0.49313744738324844 0.49393293781449216 0.5351948009091848 
17 2133 6 0.4904478126790754 0.49391817891965983 0.5351948009091848 
18 1840 6 0.4933463229832654 0.49408260151478767 0.5351948009091848 
19 1699 7 0.49320020246701807 0.494051759261099 0.5351948009091848 
20 1886 7 0.4934872994934069 0.4940710142613932 0.5351948009091848 
21 2050 7 0.49368245603496064 0.49425781507485056 0.5351948009091848 
22 1177 8 0.49388077423398613 0.4943451311924481 0.5351948009091848 
23 1803 8 0.4940324364945205 0.49440343772633766 0.5351948009091848 
24 2984 8 0.49385946002459286 0.49447263829191923 0.5351948009091848 
25 3002 9 0.4940423775116563 0.4946240868918623 0.5351948009091848 
26 955 8 0.49424687445432874 0.4948815991427103 0.5351948009091848 
27 910 9 0.4941489195299558 0.4947635232392267 0.5351948009091848 
28 1878 10 0.4943799946751215 0.49480369139685354 0.5351948009091848 
29 1521 11 0.4943407113972421 0.49504521999120843 0.5351948009091848 
0 35425 30 0.4314165728388527 0.5392478157887576 0.5392478157887576 
1 1111 6 0.4716710443730669 0.5392478157887576 0.5392478157887576 
2 1913 2 0.48533282573744396 0.5404017265916284 0.5404017265916284 
3 2004 2 0.48873896061289074 0.5212121954912772 0.5404017265916284 
4 1454 1 0.48884123590322676 0.5101179968403329 0.5404017265916284 
5 593 1 0.4893722593936215 0.5012121731393268 0.5404017265916284 
6 1162 2 0.48877828815682917 0.4946457216487452 0.5404017265916284 
7 775 2 0.48885083371404897 0.4929474066897747 0.5404017265916284 
8 1109 3 0.4861547925683456 0.49244570403566124 0.5404017265916284 
9 1495 3 0.4893486356280395 0.4928206309424509 0.5404017265916284 
10 1983 3 0.48978481529257034 0.4924026940603871 0.5404017265916284 
11 833 3 0.4906877421817829 0.49253156215490757 0.5404017265916284 
12 1299 4 0.4891154243828766 0.4927509687923174 0.5404017265916284 
13 955 7 0.4916757272848345 0.49378475669887706 0.5404017265916284 
14 1598 4 0.4916475679978337 0.49330800879133163 0.5404017265916284 
15 2111 5 0.49186368404929953 0.4937852992482039 0.5404017265916284 
16 1405 4 0.49283939261470605 0.49398202367635 0.5404017265916284 
17 1913 4 0.4931102637379204 0.49409348263704694 0.5404017265916284 
18 774 4 0.492902263995609 0.49422379115423354 0.5404017265916284 
19 1995 4 0.4936441710830243 0.4942761689344336 0.5404017265916284 
20 1710 5 0.49390316010426155 0.4943823575679094 0.5404017265916284 
21 2251 5 0.4939431315096062 0.49439966112598044 0.5404017265916284 
22 2231 5 0.49391275113983724 0.49442938837386585 0.5404017265916284 
23 874 5 0.49390103324858764 0.4942796670766804 0.5404017265916284 
24 696 5 0.49405964568417526 0.49438192677385484 0.5404017265916284 
25 1431 6 0.4939801363578409 0.49450330323074043 0.5404017265916284 
26 1298 5 0.49422615568268435 0.4945691052132528 0.5404017265916284 
27 858 6 0.49388225815847064 0.49459516039613205 0.5404017265916284 
28 3416 6 0.49416517547861666 0.49459661991728693 0.5404017265916284 
29 870 6 0.4936746383510789 0.4945288968661369 0.5404017265916284 
0 33321 26 0.4292238299364062 0.5482010403654543 0.5482010403654543 
1 1997 6 0.46795886949367616 0.5327375708256309 0.5482010403654543 
2 1413 3 0.4831177129164223 0.5304792713936376 0.5482010403654543 
3 2494 2 0.48737209626495664 0.5205245755761061 0.5482010403654543 
4 1537 3 0.4865341451294755 0.5338475940194677 0.5482010403654543 
5 1802 3 0.48771734889560336 0.5135223587059368 0.5482010403654543 
6 1011 4 0.4890952317507329 0.5019557833697986 0.5482010403654543 
7 878 4 0.489335249086167 0.4945488508028145 0.5482010403654543 
8 505 4 0.48980232022943504 0.49185231165740173 0.5482010403654543 
9 1859 5 0.49016808479259394 0.49266950648575253 0.5482010403654543 
10 1477 5 0.49061198733693023 0.49274706995846684 0.5482010403654543 
11 828 5 0.49094937983267334 0.4931904552093822 0.5482010403654543 
12 1751 5 0.48797831786407814 0.4935006167366528 0.5482010403654543 
13 2682 5 0.4919612645539774 0.4937696022262027 0.5482010403654543 
14 1868 5 0.49199505048572467 0.49356486884353407 0.5482010403654543 
15 2486 8 0.49126731111312927 0.49364926825451105 0.5482010403654543 
16 632 7 0.49298713155103063 0.49470068586198046 0.5482010403654543 
17 1569 7 0.49323585565304284 0.49470696512253065 0.5482010403654543 
18 600 8 0.49378305320807686 0.49505049329050244 0.5482010403654543 
19 1546 9 0.494108892363517 0.4953176455608761 0.5482010403654543 
20 903 9 0.4938160378145205 0.4948180691616907 0.5482010403654543 
21 845 9 0.4939218374448636 0.4946419710310079 0.5482010403654543 
22 1132 10 0.4941365919434109 0.49467568978764087 0.5482010403654543 
23 1672 10 0.49425028870638515 0.4948267636048614 0.5482010403654543 
24 1784 9 0.4943315821999165 0.494887446101606 0.5482010403654543 
25 1517 10 0.49463537386532835 0.4949635817735918 0.5482010403654543 
26 1457 11 0.49423175780678213 0.4950230013351334 0.5482010403654543 
27 2521 12 0.49416329940900594 0.49440078554355066 0.5482010403654543 
28 598 14 0.4941886303780008 0.4943458706169618 0.5482010403654543 
29 2069 14 0.4932851868640673 0.49436043224541937 0.5482010403654543 
0 32704 21 0.4331859251366501 0.5500220844386512 0.5500220844386512 
1 1185 8 0.47462977737136247 0.5467388535700022 0.5500220844386512 
2 2693 3 0.48571640319101833 0.5368652884391214 0.5500220844386512 
3 1709 3 0.4898153292747876 0.5309201604529269 0.5500220844386512 
4 1751 2 0.4900473432977545 0.5257404669003737 0.5500220844386512 
5 1633 2 0.4908293358279988 0.5260222449294418 0.5500220844386512 
6 971 2 0.4886775340855236 0.5070154619372125 0.5500220844386512 
7 1525 3 0.48790593615898836 0.5026398699418826 0.5500220844386512 
8 1166 2 0.4888065951594075 0.5284342905539687 0.5500220844386512 
9 1343 3 0.4895624040670055 0.5166751192127796 0.5500220844386512 
10 2006 3 0.4905757331757749 0.5134354569807407 0.5500220844386512 
11 1603 3 0.4913002646415411 0.5104628885565421 0.5500220844386512 
12 1219 3 0.49049260323912786 0.49601094673730817 0.5500220844386512 
13 1584 3 0.49052317992206546 0.49227836694843674 0.5500220844386512 
14 1702 4 0.49095586194335844 0.4937442155929318 0.5500220844386512 
15 1607 5 0.49022000725162806 0.49275641580433815 0.5500220844386512 
16 1658 5 0.4895528654533755 0.49231375979828274 0.5500220844386512 
17 567 5 0.49140567496158505 0.49253191519452766 0.5500220844386512 
18 1075 6 0.49181562683846436 0.49338212985469715 0.5500220844386512 
19 1761 6 0.49180370784935334 0.49342828773777153 0.5500220844386512 
20 1640 6 0.4920752216827397 0.49333216212514375 0.5500220844386512 
21 2167 6 0.49235505967100773 0.49333216212514375 0.5500220844386512 
22 1273 8 0.4920706576341636 0.49311059470947405 0.5500220844386512 
23 2220 7 0.49156216898628796 0.492915991165416 0.5500220844386512 
24 1266 6 0.4926719860052124 0.49309737347761257 0.5500220844386512 
25 1013 6 0.49293867111777423 0.493264025876346 0.5500220844386512 
26 1107 5 0.49253280143138667 0.49348294151018957 0.5500220844386512 
27 1295 6 0.49337449088796925 0.49362534420071014 0.5500220844386512 
28 852 12 0.49346000783441335 0.49370055634061183 0.5500220844386512 
29 1858 7 0.49318619128922336 0.4935278565580485 0.5500220844386512 
0 32010 25 0.42252592797075894 0.5498504150944894 0.5498504150944894 
1 1433 6 0.46627759026692833 0.5498504150944894 0.5498504150944894 
2 1161 4 0.4828026766093364 0.5517988097814326 0.5517988097814326 
3 1715 3 0.48833846552281124 0.5506711049725731 0.5517988097814326 
4 701 2 0.48858759008507163 0.5457014415584088 0.5517988097814326 
5 1369 2 0.4884972865698718 0.5067725046157636 0.5517988097814326 
6 1958 2 0.48659791640652744 0.49765909140617737 0.5517988097814326 
7 1710 2 0.48812310451701163 0.4989107878253852 0.5517988097814326 
8 683 3 0.48914684789304713 0.49864214520809536 0.5517988097814326 
9 254 2 0.489836658755905 0.49442395173095854 0.5517988097814326 
10 945 2 0.4908615806233047 0.4939301828145098 0.5517988097814326 
11 1507 3 0.49137118644097066 0.4935149721180515 0.5517988097814326 
12 1610 3 0.4915327170539607 0.49390953819516137 0.5517988097814326 
13 1985 3 0.49145357475268064 0.4940241061369429 0.5517988097814326 
14 2210 4 0.49216134236506603 0.49440395850212165 0.5517988097814326 
15 2568 4 0.4923572330064258 0.49453649237954717 0.5517988097814326 
16 1104 5 0.49275176242707 0.49489763309802676 0.5517988097814326 
17 2328 6 0.49257440459283935 0.4948156883344474 0.5517988097814326 
18 1268 6 0.49311198199077366 0.4949922684084319 0.5517988097814326 
19 1891 5 0.4934813421126903 0.49506247864185843 0.5517988097814326 
20 1980 6 0.49389466523168757 0.4951149028317656 0.5517988097814326 
21 2237 6 0.4939294956612001 0.49507709171194936 0.5517988097814326 
22 949 7 0.4930707571966544 0.49458242869925606 0.5517988097814326 
23 3234 7 0.4937396241401858 0.4944546508368338 0.5517988097814326 
24 1345 8 0.49408669472293426 0.5112948143803553 0.5517988097814326 
25 2305 8 0.49407628696236927 0.5075382560810878 0.5517988097814326 
26 2097 8 0.49371392387417745 0.4946148785687997 0.5517988097814326 
27 1612 9 0.4939780256460736 0.49471428429780273 0.5517988097814326 
28 1252 10 0.4940132092749943 0.49468517444737914 0.5517988097814326 
29 968 11 0.49386800049113433 0.4947534751629563 0.5517988097814326 
0 34467 20 0.43677780511706416 0.5416668381051313 0.5416668381051313 
1 2537 8 0.46516235900875885 0.5416668381051313 0.5416668381051313 
2 1610 4 0.47952569267960576 0.5257892288902066 0.5416668381051313 
3 1293 3 0.4851167232337832 0.5222643024414946 0.5416668381051313 
4 2157 3 0.4874143757356046 0.5204284267895805 0.5416668381051313 
5 1507 3 0.47966281944401024 0.5030192410438332 0.5416668381051313 
6 1599 3 0.4871242939792808 0.49706408385777334 0.5416668381051313 
7 1230 3 0.48806021939886285 0.4942497373190229 0.5416668381051313 
8 1317 3 0.48773925071212654 0.4917280191305605 0.5416668381051313 
9 2065 4 0.4890434661697644 0.494528233851644 0.5416668381051313 
10 1130 4 0.49014566445557883 0.4920798571135866 0.5416668381051313 
11 1290 3 0.49032672323440596 0.49216959690194395 0.5416668381051313 
12 2433 4 0.4890462435522905 0.4921040878993746 0.5416668381051313 
13 1368 6 0.4896867123711124 0.4921040878993746 0.5416668381051313 
14 1015 5 0.49059978832890566 0.4914387420339973 0.5416668381051313 
15 1249 6 0.49046843465889006 0.49146919885811907 0.5416668381051313 
16 610 7 0.49071259359624847 0.4912259528319631 0.5416668381051313 
17 1835 7 0.4908364488225699 0.4914074200291144 0.5416668381051313 
18 1378 6 0.4910952919130086 0.4916210535870543 0.5416668381051313 
19 2327 7 0.49119110576268876 0.49163142951993555 0.5416668381051313 
20 536 7 0.49091531219937556 0.49169623383930705 0.5416668381051313 
21 2390 8 0.49090035876122406 0.49194892104541954 0.5416668381051313 
22 1657 8 0.4917921363204558 0.49209328438823685 0.5416668381051313 
23 2149 8 0.49184193078131777 0.49207225079476113 0.5416668381051313 
24 1942 8 0.49128585790559365 0.4920488084786848 0.5416668381051313 
25 1098 8 0.49200914433740905 0.4921225948093767 0.5416668381051313 
26 1308 12 0.4903200728813995 0.49219980949004805 0.5416668381051313 
27 464 8 0.4918306244558908 0.4921871230635384 0.5416668381051313 
28 2068 11 0.4918359799770887 0.4921505320997316 0.5416668381051313 
29 1064 11 0.4912246124712994 0.49227230190330074 0.5416668381051313 
0 33457 29 0.41276636669522593 0.5387021400925702 0.5387021400925702 
1 1381 6 0.46862525069070693 0.5306923968919933 0.5387021400925702 
2 2553 3 0.48294233309702433 0.5241611074771599 0.5387021400925702 
3 1792 3 0.4864793276888883 0.5182142304988747 0.5387021400925702 
4 2156 2 0.4879083907972693 0.517486374328386 0.5387021400925702 
5 1694 2 0.4875455437056875 0.5112528895895625 0.5387021400925702 
6 2222 3 0.4883459110317165 0.5023556929347364 0.5387021400925702 
7 2163 2 0.4881675071138431 0.49442221797808594 0.5387021400925702 
8 1155 3 0.488877117615622 0.49191481413875665 0.5387021400925702 
9 903 3 0.48956756537372625 0.5049578508887755 0.5387021400925702 
10 964 3 0.490060322248087 0.5007566222223003 0.5387021400925702 
11 1092 3 0.4895725419697625 0.4957246724338732 0.5387021400925702 
12 1789 4 0.48926395323125704 0.4952736869767732 0.5387021400925702 
13 1868 4 0.4897127311184258 0.49414726095123074 0.5387021400925702 
14 487 4 0.4904694908927217 0.4931548405274195 0.5387021400925702 
15 1615 4 0.4908192585889043 0.4934443166778303 0.5387021400925702 
16 1902 4 0.4911373489558498 0.4931896842687303 0.5387021400925702 
17 2768 5 0.4897139189916999 0.49327561752700455 0.5387021400925702 
18 2198 5 0.49168567423269854 0.4933218229104916 0.5387021400925702 
19 897 5 0.49229127868599065 0.49327445433984773 0.5387021400925702 
20 1613 5 0.4925750318789357 0.4933058753844739 0.5387021400925702 
21 477 5 0.4925198147744515 0.49282505049646896 0.5387021400925702 
22 1197 5 0.49104448339734774 0.4928437323972491 0.5387021400925702 
23 765 6 0.49145275545330125 0.49316714421763463 0.5387021400925702 
24 1626 5 0.4915243710721098 0.49305161945152626 0.5387021400925702 
25 1257 6 0.49143615438040805 0.4931525700160112 0.5387021400925702 
26 2317 6 0.4915455166612576 0.49320878995358386 0.5387021400925702 
27 2049 8 0.49170393043782523 0.49321147514602426 0.5387021400925702 
28 1006 8 0.4917179821884886 0.4930443488287096 0.5387021400925702 
29 640 8 0.49204995749227187 0.493163379070424 0.5387021400925702 
0 32146 23 0.4333173665091742 0.5411033984848239 0.5411033984848239 
1 1735 8 0.4644164335513939 0.5389559177125254 0.5411033984848239 
2 1033 4 0.47849416655548116 0.5395382852712158 0.5411033984848239 
3 1358 3 0.48500258127924295 0.5337613509920646 0.5411033984848239 
4 1562 2 0.488051070941134 0.5124631255123013 0.5411033984848239 
5 2027 3 0.4880496716863557 0.5061148633053487 0.5411033984848239 
6 2080 2 0.4884608401963289 0.5034992292236762 0.5411033984848239 
7 1738 4 0.4867773413633932 0.5003634328453239 0.5411033984848239 
8 1611 4 0.4885459731112324 0.4964667235939457 0.5411033984848239 
9 1529 4 0.4880616584728176 0.49303259441933245 0.5411033984848239 
10 595 4 0.48924646013697404 0.493216143489676 0.5411033984848239 
11 1276 4 0.48948065891175985 0.4931833286337754 0.5411033984848239 
12 1809 5 0.4897119127392818 0.4932686712426463 0.5411033984848239 
13 1676 5 0.4909401248156628 0.4933916416097628 0.5411033984848239 
14 1232 5 0.49087214774302945 0.49326078972172716 0.5411033984848239 
15 1574 5 0.49204833293983763 0.5048149232522902 0.5411033984848239 
16 1275 7 0.49164371860723727 0.49341349266211443 0.5411033984848239 
17 1152 6 0.492676700309141 0.49356355794818585 0.5411033984848239 
18 1030 9 0.49140538550210167 0.49321868575034555 0.5411033984848239 
19 1123 8 0.4929687046297013 0.4935070074847866 0.5411033984848239 
20 1808 7 0.49312633248079485 0.49353246120679584 0.5411033984848239 
21 2266 9 0.4914550416158859 0.49335957907001826 0.5411033984848239 
22 1329 9 0.49302814873226125 0.493266594618226 0.5411033984848239 
23 1922 8 0.4930508091576562 0.49333564030342825 0.5411033984848239 
24 1147 7 0.4931008056873569 0.49335636680596806 0.5411033984848239 
25 1665 9 0.4927874568047054 0.4933880821243618 0.5411033984848239 
26 1299 8 0.493164761412604 0.4954968523951202 0.5411033984848239 
27 1971 9 0.4928980129310908 0.49335160486108426 0.5411033984848239 
28 596 10 0.49304179637234347 0.4932747764821598 0.5411033984848239 
29 1723 10 0.4922968461631055 0.4932207009174653 0.5411033984848239 
0 33631 21 0.4399410871134662 0.5511404436977396 0.5511404436977396 
1 1484 6 0.47120211561289116 0.5511404436977396 0.5511404436977396 
2 1749 4 0.4862971673584159 0.5511404436977396 0.5511404436977396 
3 1771 2 0.4908052345106948 0.5568994200842933 0.5568994200842933 
4 2123 2 0.49172819690337344 0.5530521274979742 0.5568994200842933 
5 868 2 0.48929563492863387 0.5072791794407414 0.5568994200842933 
6 1090 2 0.48945535114950645 0.4997776624169742 0.5568994200842933 
7 1776 3 0.4900476370876091 0.4968608169570914 0.5568994200842933 
8 1531 3 0.48959604528657974 0.4935638183712196 0.5568994200842933 
9 1194 3 0.491244986121913 0.4935023586173625 0.5568994200842933 
10 874 4 0.49189497051165804 0.4936591199850108 0.5568994200842933 
11 1148 4 0.4917041401185891 0.49332724574900905 0.5568994200842933 
12 180 3 0.49253922761807806 0.49330595824762496 0.5568994200842933 
13 1403 3 0.49281632237114287 0.4936029727142245 0.5568994200842933 
14 2054 3 0.49275972304171944 0.49372052257868515 0.5568994200842933 
15 789 4 0.49304812060499026 0.5013286818703913 0.5568994200842933 
16 2616 4 0.49318088208931665 0.4998739748758346 0.5568994200842933 
17 1846 5 0.49308791163315524 0.4981842562349561 0.5568994200842933 
18 869 5 0.49321253807763926 0.4983401194949206 0.5568994200842933 
19 1097 6 0.49340470600099473 0.49782679234821914 0.5568994200842933 
20 1254 6 0.49247768810944764 0.4978933983226769 0.5568994200842933 
21 1164 6 0.4936975601662168 0.49761212977027575 0.5568994200842933 
22 815 7 0.49394995566603667 0.49779530316049914 0.5568994200842933 
23 1270 7 0.4939708730157944 0.4978101869194795 0.5568994200842933 
24 1922 7 0.4941232556674941 0.49788082170786074 0.5568994200842933 
25 1262 7 0.4944293272685469 0.49835299443047265 0.5568994200842933 
26 1530 6 0.4935341818830924 0.498410055151924 0.5568994200842933 
27 938 7 0.49398273017068506 0.4981121762321242 0.5568994200842933 
28 1780 6 0.4947562703764218 0.4985024935206752 0.5568994200842933 
29 832 7 0.494855718751411 0.49860050948047696 0.5568994200842933 
0 30319 25 0.4329090264676674 0.5505684371915757 0.5505684371915757 
1 1929 9 0.4689694276619084 0.53973635740989 0.5505684371915757 
2 1621 4 0.4855840010118899 0.5369108748440564 0.5505684371915757 
3 1269 4 0.4891579736636899 0.5336823948873879 0.5505684371915757 
4 1268 2 0.49027601063388687 0.5232330032967425 0.5505684371915757 
5 1539 3 0.48868893199957497 0.5181624218308002 0.5505684371915757 
6 411 3 0.4888067451464815 0.5089899293876797 0.5505684371915757 
7 1355 3 0.4887622556074549 0.5031025540815264 0.5505684371915757 
8 1518 3 0.48872395810711794 0.4967125979755376 0.5505684371915757 
9 1160 3 0.48840174332945957 0.49281230487222694 0.5505684371915757 
10 1120 4 0.4890735009497118 0.49281230487222694 0.5505684371915757 
11 1665 4 0.48809221597418934 0.4926805098511359 0.5505684371915757 
12 1483 5 0.48993012632494304 0.4916213509614984 0.5505684371915757 
13 1085 5 0.49029703929533935 0.49325313607186627 0.5505684371915757 
14 1115 5 0.4879630862403641 0.4940078201341642 0.5505684371915757 
15 1063 5 0.4910630557807882 0.4928593527984552 0.5505684371915757 
16 1518 6 0.4898406930463245 0.4928593527984552 0.5505684371915757 
17 1885 7 0.48995935170000476 0.4928512456116869 0.5505684371915757 
18 664 5 0.4918185329705199 0.49282194252379485 0.5505684371915757 
19 795 5 0.4920485993729148 0.4929866737169894 0.5505684371915757 
20 1288 5 0.492272472577678 0.4931765669429897 0.5505684371915757 
21 1094 5 0.49244449918642524 0.49314766186684966 0.5505684371915757 
22 315 5 0.49265567153741585 0.49309579320165053 0.5505684371915757 
23 997 6 0.49262357656119937 0.4931922875681718 0.5505684371915757 
24 641 6 0.49270194466536815 0.493281712025517 0.5505684371915757 
25 570 6 0.4926872660049802 0.49348984059712697 0.5505684371915757 
26 1360 6 0.4926027526284726 0.49316086534047393 0.5505684371915757 
27 2278 7 0.4918988549345496 0.4929151688936093 0.5505684371915757 
28 769 8 0.4923399662757025 0.4926089633540345 0.5505684371915757 
29 1092 8 0.49228642351477647 0.49254318984495826 0.5505684371915757 
0 35754 23 0.43021566877810336 0.5364145225383357 0.5364145225383357 
1 478 6 0.46744563150806145 0.5513439695453917 0.5513439695453917 
2 1959 3 0.4820853915299031 0.5445994060011522 0.5513439695453917 
3 880 2 0.48681748039752115 0.5385106283187202 0.5513439695453917 
4 1213 2 0.48760348921727625 0.5373785159766851 0.5513439695453917 
5 1373 2 0.48914292093487205 0.5385742766883771 0.5513439695453917 
6 1427 2 0.48887270352311013 0.503884274463285 0.5513439695453917 
7 1317 3 0.4887265862068769 0.4967382333627032 0.5513439695453917 
8 2130 3 0.48906015642896095 0.4946524502045522 0.5513439695453917 
9 1626 3 0.4899605425394437 0.49426796384632055 0.5513439695453917 
10 892 3 0.4905924998646076 0.4950759720546231 0.5513439695453917 
11 1227 4 0.4911059628572405 0.4941937528153336 0.5513439695453917 
12 982 3 0.4915880848508023 0.4937591615777447 0.5513439695453917 
13 998 3 0.49244842901592795 0.4945095013609344 0.5513439695453917 
14 3146 4 0.49160120339012875 0.4946760715704014 0.5513439695453917 
15 2367 4 0.492696957312827 0.49438604589045065 0.5513439695453917 
16 1748 6 0.49242939164921645 0.4939546262081974 0.5513439695453917 
17 610 6 0.49306281585378897 0.5033282809865949 0.5513439695453917 
18 2218 5 0.4934025336254021 0.4944394158668145 0.5513439695453917 
19 764 5 0.4937076089257983 0.4947882352106904 0.5513439695453917 
20 938 5 0.493915981936762 0.5070304028080528 0.5513439695453917 
21 1531 5 0.4941028486250537 0.5035729804659108 0.5513439695453917 
22 1448 5 0.4945502769086007 0.5039437978731311 0.5513439695453917 
23 2227 6 0.49459885749326815 0.5040086411964415 0.5513439695453917 
24 1468 8 0.4948821339720339 0.5053261949816595 0.5513439695453917 
25 2078 5 0.495015004153069 0.5081348122319168 0.5513439695453917 
26 1896 5 0.49488072067127115 0.5081756354469452 0.5513439695453917 
27 3864 5 0.49426292073266054 0.5082704772596374 0.5513439695453917 
28 1709 5 0.4948700605011884 0.5086591249276438 0.5513439695453917 
29 2171 7 0.49448497465080704 0.5083882242648288 0.5513439695453917 
0 31799 40 0.42713207591817054 0.5420739594303506 0.5420739594303506 
1 2005 8 0.46338759762484716 0.540244260873792 0.5420739594303506 
2 350 4 0.48177003053129314 0.5351007736983524 0.5420739594303506 
3 2000 3 0.48873934729572377 0.5210969092964296 0.5420739594303506 
4 1258 2 0.4891993623987134 0.5184207613534718 0.5420739594303506 
5 1524 2 0.48851877745803785 0.5140579057766602 0.5420739594303506 
6 813 3 0.4897953543074694 0.5049779426661988 0.5420739594303506 
7 466 3 0.48939989579046317 0.5026057539819557 0.5420739594303506 
8 2132 4 0.48912555051707135 0.49198574616196744 0.5420739594303506 
9 1466 4 0.4901490047020169 0.4929834652360219 0.5420739594303506 
10 782 5 0.49054644269084113 0.49271477605968356 0.5420739594303506 
11 1013 5 0.4909019220458999 0.49271477605968356 0.5420739594303506 
12 1514 5 0.49146690405561455 0.492507429025693 0.5420739594303506 
13 1177 6 0.49176250053300774 0.4926214437886236 0.5420739594303506 
14 1748 7 0.49105160630842704 0.49269632424193954 0.5420739594303506 
15 877 6 0.4921212108392479 0.492714596864063 0.5420739594303506 
16 1336 7 0.49235944257447306 0.4928767504790879 0.5420739594303506 
17 1110 7 0.49257870632929224 0.49321351785633816 0.5420739594303506 
18 972 7 0.4912997014389133 0.4932579190588463 0.5420739594303506 
19 1968 8 0.492812248037674 0.49313501597349557 0.5420739594303506 
20 1528 9 0.4925405949627441 0.4933472269006552 0.5420739594303506 
21 876 9 0.49319535190486846 0.49386712948141853 0.5420739594303506 
22 2298 9 0.4920539424016894 0.4938345718143866 0.5420739594303506 
23 746 9 0.49321077948546976 0.49388848965055265 0.5420739594303506 
24 2100 10 0.4918065102600127 0.4938682747558636 0.5420739594303506 
25 1393 12 0.4919230100122158 0.4940277337276117 0.5420739594303506 
26 1141 11 0.49331865059092744 0.49443173334860624 0.5420739594303506 
27 1078 11 0.4935354929389649 0.494601341348903 0.5420739594303506 
28 1542 11 0.4932828377725528 0.4944632050639156 0.5420739594303506 
29 1627 11 0.49320889023802017 0.4945481077732877 0.5420739594303506 

0 35312 23 0.42657051727579515 0.5316788150366798 0.5316788150366798 
1 1861 6 0.4683290550150815 0.5265335515742052 0.5316788150366798 
2 1328 3 0.4814836023587797 0.520106548162292 0.5316788150366798 
3 1973 4 0.48406581587149494 0.5123267320313487 0.5316788150366798 
4 988 1 0.486093113859149 0.49922186434248056 0.5316788150366798 
5 1437 1 0.4877243064036444 0.5145926923529675 0.5316788150366798 
6 1210 2 0.48800978463142003 0.5150314034013599 0.5316788150366798 
7 1382 2 0.48854526296282264 0.5120664054562041 0.5316788150366798 
8 1138 3 0.48950878102942397 0.5057734761506898 0.5316788150366798 
9 1505 3 0.4900398259247429 0.498255757797203 0.5316788150366798 
10 2112 3 0.490170132524771 0.4925310665228608 0.5316788150366798 
11 1379 3 0.4907648556228924 0.49263355244514384 0.5316788150366798 
12 885 3 0.4917744364952956 0.49333359802955823 0.5316788150366798 
13 1051 3 0.4920450603534471 0.4938153201102572 0.5316788150366798 
14 866 4 0.49187772918317413 0.49385121929839126 0.5316788150366798 
15 2030 4 0.49232459671247647 0.49384629389664075 0.5316788150366798 
16 1745 4 0.49295838045177937 0.49358486693291953 0.5316788150366798 
17 2957 3 0.49288014334073493 0.49386101620823697 0.5316788150366798 
18 2137 4 0.4929151710869051 0.49346311481444993 0.5316788150366798 
19 1840 5 0.4913539690877532 0.49370007137249794 0.5316788150366798 
20 1138 6 0.4906331894212157 0.49385314051886653 0.5316788150366798 
21 2116 7 0.49115679719368793 0.49379696655634786 0.5316788150366798 
22 2584 7 0.49231099388908656 0.4939750353714874 0.5316788150366798 
23 985 7 0.49294407327980166 0.49431765398159627 0.5316788150366798 
24 1690 7 0.4923054736585734 0.494399879824565 0.5316788150366798 
25 971 7 0.4917074739826509 0.494531506799922 0.5316788150366798 
26 1723 7 0.49318782100219116 0.49482216524313105 0.5316788150366798 
27 1856 7 0.4935082603562205 0.4948731933093219 0.5316788150366798 
28 697 8 0.49393148891101696 0.4948731933093219 0.5316788150366798 
29 1797 7 0.49408278299831443 0.4971646735985312 0.5316788150366798 
0 34403 38 0.419983583249299 0.5498489074766663 0.5498489074766663 
1 1817 6 0.4679982177936289 0.5498489074766663 0.5498489074766663 
2 402 3 0.48499687949175296 0.5372086424132585 0.5498489074766663 
3 1512 2 0.4862774373565128 0.5372086424132585 0.5498489074766663 
4 849 3 0.4881642494865334 0.5243311853087294 0.5498489074766663 
5 2897 2 0.4854652605613418 0.5224318998959441 0.5498489074766663 
6 2671 2 0.487727639705058 0.5213565270221663 0.5498489074766663 
7 1285 2 0.4890306336437924 0.5187086017750352 0.5498489074766663 
8 829 3 0.48813584541566407 0.5066409755847364 0.5498489074766663 
9 1438 3 0.48923178602001727 0.5212168909081526 0.5498489074766663 
10 1017 3 0.489697616382533 0.5182096606562858 0.5498489074766663 
11 1624 4 0.4880923155549048 0.5017477396518129 0.5498489074766663 
12 717 3 0.49109385848404247 0.5003171282503702 0.5498489074766663 
13 857 4 0.4899951050917226 0.4951036217524267 0.5498489074766663 
14 2838 4 0.48936342790283655 0.4932543490921303 0.5498489074766663 
15 1865 4 0.4913345852324674 0.49287254621598225 0.5498489074766663 
16 1027 3 0.4917835699616097 0.4936742969745961 0.5498489074766663 
17 1419 4 0.49217239619116315 0.4939944401891867 0.5498489074766663 
18 594 4 0.4926208275027164 0.49428329539581384 0.5498489074766663 
19 1470 4 0.49224747624116205 0.49465930834724375 0.5498489074766663 
20 1971 5 0.49246672800183666 0.4937691489026308 0.5498489074766663 
21 1460 5 0.49313908089874714 0.49398781669120045 0.5498489074766663 
22 1838 6 0.4931798483237149 0.4940592988108613 0.5498489074766663 
23 1618 6 0.49332741527282387 0.4941273964152939 0.5498489074766663 
24 1381 7 0.4921749774830477 0.4940983886964573 0.5498489074766663 
25 2560 8 0.4927337959475972 0.4938771614674249 0.5498489074766663 
26 601 7 0.49124721950856826 0.49396571323006666 0.5498489074766663 
27 3134 7 0.4934738694157854 0.49409156444960234 0.5498489074766663 
28 1294 7 0.4936856972493308 0.4941321953638436 0.5498489074766663 
29 2564 7 0.49387880018646685 0.49425153933094956 0.5498489074766663 
0 34059 35 0.4293246976582925 0.5318115155399551 0.5318115155399551 
1 1120 6 0.46745593878851216 0.5318115155399551 0.5318115155399551 
2 1031 3 0.4856007739188562 0.5279170927068322 0.5318115155399551 
3 1289 2 0.4900532448526851 0.5265837511629118 0.5318115155399551 
4 814 2 0.48820459433888685 0.5130545414584212 0.5318115155399551 
5 1521 2 0.48762876099951846 0.50390468291491 0.5318115155399551 
6 1041 2 0.48839476763664175 0.49834609820603787 0.5318115155399551 
7 167 3 0.48928926562613173 0.49834609820603787 0.5318115155399551 
8 478 3 0.4901274404481999 0.49764974082555513 0.5318115155399551 
9 2120 4 0.4884087895262504 0.49270550066162866 0.5318115155399551 
10 1760 3 0.49043785875975826 0.4932445467669525 0.5318115155399551 
11 1424 4 0.4913054777296349 0.4933825161230462 0.5318115155399551 
12 1808 3 0.4919368420383082 0.4935635042474707 0.5318115155399551 
13 719 4 0.49265739749112364 0.49388480134259394 0.5318115155399551 
14 1293 4 0.49248124151010875 0.494016193873846 0.5318115155399551 
15 1894 5 0.49240922199136833 0.4932784259164971 0.5318115155399551 
16 1418 5 0.4927791059935155 0.49350519229069734 0.5318115155399551 
17 1610 5 0.49302351341516976 0.4937511460696892 0.5318115155399551 
18 1792 6 0.49328416317725376 0.49426425199973134 0.5318115155399551 
19 1797 6 0.4934336662140603 0.49401313487803 0.5318115155399551 
20 1648 6 0.4937856569646297 0.5019688970883156 0.5318115155399551 
21 2494 6 0.4933742345675495 0.5019952046605469 0.5318115155399551 
22 899 6 0.4936615115075248 0.5021613915192757 0.5318115155399551 
23 1804 6 0.49403791900245075 0.5039259740503185 0.5318115155399551 
24 1300 8 0.493470506823832 0.4944092637594205 0.5318115155399551 
25 1492 9 0.4940667740215221 0.4944981026453537 0.5318115155399551 
26 1851 8 0.4941998749662897 0.4946114338954558 0.5318115155399551 
27 1023 8 0.4940987732187668 0.4945193844869286 0.5318115155399551 
28 1849 7 0.49439597463039353 0.4946266349939917 0.5318115155399551 
29 971 7 0.49450283772533793 0.4946250007221416 0.5318115155399551 
0 31784 21 0.42792466015704167 0.5504015419800462 0.5504015419800462 
1 964 6 0.46832551455752913 0.5295824902177867 0.5504015419800462 
2 1604 4 0.4808197439796601 0.5478943221982013 0.5504015419800462 
3 1227 2 0.48562508771657176 0.5330323227971386 0.5504015419800462 
4 1831 1 0.48766862296752533 0.510629588560652 0.5504015419800462 
5 963 2 0.48750624569797396 0.49644392406696536 0.5504015419800462 
6 1712 2 0.4871483486778324 0.49208284267383473 0.5504015419800462 
7 1649 2 0.48761473986475523 0.4909010518227618 0.5504015419800462 
8 2352 4 0.48850911500701566 0.49139068354691695 0.5504015419800462 
9 2404 3 0.4892342787762311 0.49152989086189075 0.5504015419800462 
10 1715 4 0.48992215364765956 0.49242228763992046 0.5504015419800462 
11 1725 4 0.4896649486041508 0.49218709323007637 0.5504015419800462 
12 1568 4 0.49099362802933916 0.4927525020398883 0.5504015419800462 
13 1657 5 0.490560182126828 0.49310889588447854 0.5504015419800462 
14 2002 5 0.49026076501033594 0.4930775711492035 0.5504015419800462 
15 1349 5 0.49152467210285883 0.49337887807155667 0.5504015419800462 
16 817 5 0.49096806344488564 0.49354144788171966 0.5504015419800462 
17 1681 6 0.49030106677382873 0.49371304177387043 0.5504015419800462 
18 607 5 0.49191164175035385 0.49374382896474905 0.5504015419800462 
19 1510 5 0.4921346654830451 0.4937958765178097 0.5504015419800462 
20 1232 5 0.4926569294357771 0.49380148877590624 0.5504015419800462 
21 1404 5 0.49307815660784615 0.49388519251610874 0.5504015419800462 
22 1162 5 0.4930748297428182 0.4939178934205003 0.5504015419800462 
23 1336 5 0.4930467419110838 0.4946272454920459 0.5504015419800462 
24 1871 5 0.49341947530393765 0.4945582387992455 0.5504015419800462 
25 2575 5 0.49339869202083003 0.49457872279035625 0.5504015419800462 
26 789 5 0.4938147652898594 0.49462430455122547 0.5504015419800462 
27 1796 5 0.49218324501286304 0.4946892343725382 0.5504015419800462 
28 1065 5 0.4941738120999156 0.49476108435058685 0.5504015419800462 
29 893 5 0.49415980288305306 0.4947944508901001 0.5504015419800462 
0 33019 28 0.43902709410725116 0.5285317615536832 0.5285317615536832 
1 1871 5 0.47596397032731075 0.5270648849065013 0.5285317615536832 
2 1106 2 0.4866717783751053 0.5270648849065013 0.5285317615536832 
3 1116 2 0.4909571573658846 0.5270648849065013 0.5285317615536832 
4 2280 2 0.49026795214064306 0.5139509852511248 0.5285317615536832 
5 2186 2 0.48784087856573555 0.5106646980638126 0.5285317615536832 
6 1077 2 0.4880254625071477 0.49886615384729427 0.5285317615536832 
7 1952 2 0.48747510282236434 0.49129566906178124 0.5285317615536832 
8 1731 2 0.48850640888462704 0.49691573065170114 0.5285317615536832 
9 819 3 0.4884379770183203 0.49461018963521786 0.5285317615536832 
10 2881 3 0.48955108681573245 0.49392761494632487 0.5285317615536832 
11 1303 3 0.4895119619811127 0.4923261051306144 0.5285317615536832 
12 1229 4 0.4898390613572067 0.4924949848925806 0.5285317615536832 
13 1195 4 0.49031094791358126 0.49224840011266713 0.5285317615536832 
14 1158 5 0.4885285149265565 0.49383422206806105 0.5285317615536832 
15 337 5 0.4905213223119531 0.4939618039126989 0.5285317615536832 
16 1609 5 0.49084461293093024 0.49379753866445253 0.5285317615536832 
17 744 5 0.49109797169817815 0.49395931294376116 0.5285317615536832 
18 1231 5 0.49023009545315555 0.4944015680632051 0.5285317615536832 
19 2065 5 0.49166308464260616 0.4944196628693617 0.5285317615536832 
20 1968 5 0.49190230420254183 0.4943147745926492 0.5285317615536832 
21 1609 5 0.49217288070732906 0.49421041179455205 0.5285317615536832 
22 1549 4 0.4924029557361915 0.4945578638797513 0.5285317615536832 
23 1459 7 0.4931296716377785 0.49467069093052296 0.5285317615536832 
24 729 3 0.49357119060751364 0.49474883753536064 0.5285317615536832 
25 984 4 0.49383653755461515 0.49474883753536064 0.5285317615536832 
26 727 4 0.4941672627104725 0.49594355457861505 0.5285317615536832 
27 2418 4 0.4937870764121405 0.4948023548663669 0.5285317615536832 
28 1652 4 0.49194102331195483 0.49462084593844635 0.5285317615536832 
29 713 4 0.4943291736983308 0.4946820912311259 0.5285317615536832 
0 32393 23 0.42846715265978114 0.5487945923427691 0.5487945923427691 
1 1519 5 0.4673121811127608 0.5354498938034853 0.5487945923427691 
2 2080 3 0.48048487253108085 0.5354498938034853 0.5487945923427691 
3 1887 3 0.48448060128588594 0.5354498938034853 0.5487945923427691 
4 3308 2 0.4867516479951855 0.5367080686383714 0.5487945923427691 
5 1457 2 0.48816340547587667 0.5367080686383714 0.5487945923427691 
6 1750 2 0.48745101423337195 0.5039345607828782 0.5487945923427691 
7 1011 3 0.48816584087333637 0.4991076204587026 0.5487945923427691 
8 849 3 0.48863781174589815 0.49850692551340337 0.5487945923427691 
9 657 3 0.48814446385639243 0.49445227986358625 0.5487945923427691 
10 1083 3 0.4897507614188031 0.4946748993620915 0.5487945923427691 
11 1587 3 0.4898170899882704 0.49274041409745134 0.5487945923427691 
12 1372 3 0.4904808581018378 0.4922992055202554 0.5487945923427691 
13 1655 3 0.4903346100266578 0.4926313286587887 0.5487945923427691 
14 1067 3 0.4908028015117696 0.49278097783156927 0.5487945923427691 
15 1977 3 0.4910276282225537 0.4923696999285266 0.5487945923427691 
16 1537 4 0.49120084488963545 0.4923365412565498 0.5487945923427691 
17 248 3 0.49073966619718284 0.49239578376047893 0.5487945923427691 
18 2180 5 0.4897563010910859 0.4925873289844229 0.5487945923427691 
19 2436 4 0.4920992346544388 0.49275549460886603 0.5487945923427691 
20 1111 4 0.4922692376741879 0.4930321610078271 0.5487945923427691 
21 1028 4 0.4924687748928456 0.49319550275873014 0.5487945923427691 
22 1115 5 0.492340450705768 0.4931540595796265 0.5487945923427691 
23 1711 6 0.49263976434175727 0.4932690304433358 0.5487945923427691 
24 1480 6 0.4928475628269697 0.4934772971025593 0.5487945923427691 
25 970 6 0.4930505319264866 0.4936362149389535 0.5487945923427691 
26 2371 6 0.49276561074218894 0.49373158398299016 0.5487945923427691 
27 2742 7 0.49239003646526247 0.49289857201223575 0.5487945923427691 
28 627 7 0.4925512113391068 0.49299207449409355 0.5487945923427691 
29 1933 7 0.4926630661190646 0.49306957820844677 0.5487945923427691 
0 36987 25 0.4242443656354584 0.548487685016222 0.548487685016222 
1 1587 7 0.4683155961163354 0.548487685016222 0.548487685016222 
2 1546 3 0.4855850083743545 0.5494398984633293 0.5494398984633293 
3 1129 2 0.4894863163539193 0.5420315498493798 0.5494398984633293 
4 1364 2 0.48976490855361116 0.5385812701120455 0.5494398984633293 
5 1691 2 0.48962170939658134 0.533267845738531 0.5494398984633293 
6 2482 3 0.4886612599686238 0.5225475735726248 0.5494398984633293 
7 1318 3 0.48838459106921905 0.5016463835678225 0.5494398984633293 
8 1033 3 0.48868255725243864 0.49117332705656236 0.5494398984633293 
9 757 4 0.48994666229053613 0.49139730799822945 0.5494398984633293 
10 1050 4 0.49056217487117587 0.5068178128468355 0.5494398984633293 
11 2091 3 0.49115620012030464 0.4986329063142262 0.5494398984633293 
12 1577 4 0.49154547892215006 0.5033493827332377 0.5494398984633293 
13 2325 4 0.4908349301952751 0.5146136937265618 0.5494398984633293 
14 1344 4 0.4917864063181987 0.5146136937265618 0.5494398984633293 
15 982 5 0.4916347991721564 0.4925933237454211 0.5494398984633293 
16 1460 5 0.4919273419713711 0.49950078153858096 0.5494398984633293 
17 1085 5 0.4920617673359752 0.4981790251916926 0.5494398984633293 
18 1138 5 0.49231696917863416 0.4924376304911143 0.5494398984633293 
19 750 6 0.492391387880799 0.4926618240412102 0.5494398984633293 
20 2351 7 0.4920769594135765 0.49666271754933383 0.5494398984633293 
21 2048 7 0.4915653298749962 0.49968869327057897 0.5494398984633293 
22 1166 7 0.4929046000785089 0.49971964480565845 0.5494398984633293 
23 2352 8 0.492028409617442 0.5035736804222555 0.5494398984633293 
24 295 7 0.49301202088892715 0.4964119253043182 0.5494398984633293 
25 902 7 0.49304007566725766 0.49535087990084364 0.5494398984633293 
26 863 8 0.4930037706467232 0.49519108587156513 0.5494398984633293 
27 2382 7 0.49319001618238006 0.5017508637656324 0.5494398984633293 
28 1583 7 0.49310366539345063 0.49877338322403153 0.5494398984633293 
29 1462 10 0.4931132683748832 0.49881076650536105 0.5494398984633293 
0 33468 21 0.4299176850467435 0.5387354665242767 0.5387354665242767 
1 1654 6 0.4713152769415588 0.5484406269178043 0.5484406269178043 
2 1713 3 0.4853565130659378 0.5305269443868342 0.5484406269178043 
3 1521 1 0.4915441103712726 0.5234984173805112 0.5484406269178043 
4 1515 1 0.49111300099596067 0.5183675506433771 0.5484406269178043 
5 687 1 0.4895417648049456 0.5143905016333208 0.5484406269178043 
6 1212 2 0.4893130649367608 0.5084901854884358 0.5484406269178043 
7 1205 3 0.48930701824004336 0.49448028321962884 0.5484406269178043 
8 2136 2 0.48985374987130437 0.49282118266739805 0.5484406269178043 
9 940 3 0.49007483789902784 0.4939113041289037 0.5484406269178043 
10 1403 3 0.4908643446899199 0.49338510490830123 0.5484406269178043 
11 1420 4 0.4915114471660047 0.49415647456878586 0.5484406269178043 
12 2218 4 0.49157970996765477 0.4943073768566608 0.5484406269178043 
13 1654 5 0.4917866088592423 0.493940694394357 0.5484406269178043 
14 1302 6 0.49189602666633514 0.49418903895156285 0.5484406269178043 
15 2002 5 0.49250960426868345 0.4943264481006503 0.5484406269178043 
16 1719 6 0.49278796332901614 0.4943919067897824 0.5484406269178043 
17 2099 6 0.4930458218678176 0.4944672722035506 0.5484406269178043 
18 877 6 0.4932873714536767 0.4940406273571393 0.5484406269178043 
19 1005 6 0.49363926680565107 0.4943085845659261 0.5484406269178043 
20 1979 7 0.4936116060590932 0.4946365705948811 0.5484406269178043 
21 1941 7 0.4937588428083092 0.49438868753836374 0.5484406269178043 
22 3209 7 0.49339711571840716 0.4942370259669614 0.5484406269178043 
23 1231 7 0.49356476785495595 0.49450172884235444 0.5484406269178043 
24 1183 8 0.49334038692710536 0.49474144879470805 0.5484406269178043 
25 1105 8 0.49404048040600557 0.4948494323606648 0.5484406269178043 
26 1729 8 0.4936773112320513 0.4948668806855925 0.5484406269178043 
27 2063 8 0.49335051326419366 0.49482491565227954 0.5484406269178043 
28 2239 9 0.49280924919985125 0.4948525158701095 0.5484406269178043 
29 1581 10 0.49397953776221293 0.494525573038869 0.5484406269178043 
0 31730 38 0.4214965286005144 0.5506373269906605 0.5506373269906605 
1 1074 6 0.4744072081639166 0.5514580168687442 0.5514580168687442 
2 1382 2 0.4866238761993273 0.5357554341958954 0.5514580168687442 
3 1729 2 0.4909215159189082 0.533266169790569 0.5514580168687442 
4 1109 2 0.4904968385877797 0.5314376299796963 0.5514580168687442 
5 736 2 0.4897841618614946 0.5223003312356409 0.5514580168687442 
6 1280 2 0.488492860014661 0.5115379291176734 0.5514580168687442 
7 923 3 0.48845496116654374 0.4996895403737838 0.5514580168687442 
8 1572 4 0.4885166930827672 0.4918861854005092 0.5514580168687442 
9 2312 3 0.48938939021699446 0.4932476438055855 0.5514580168687442 
10 1808 4 0.4891623507177749 0.49298668872994456 0.5514580168687442 
11 877 4 0.4905983080263821 0.49378748897303104 0.5514580168687442 
12 1091 4 0.4913231739617732 0.49380224406434703 0.5514580168687442 
13 2519 5 0.4909939919751771 0.4934713517045227 0.5514580168687442 
14 1316 5 0.4920100386282331 0.4937506320624352 0.5514580168687442 
15 670 5 0.49246705374123806 0.49381451001663856 0.5514580168687442 
16 957 7 0.4895001752107093 0.494066570782422 0.5514580168687442 
17 1570 6 0.4927004509420245 0.4941520086317702 0.5514580168687442 
18 1079 5 0.4936386732283345 0.4944185176437368 0.5514580168687442 
19 1471 5 0.49365358231118966 0.49462486775744274 0.5514580168687442 
20 1437 5 0.49335400484123404 0.494348224399496 0.5514580168687442 
21 1491 7 0.4922117319676349 0.49387397089080903 0.5514580168687442 
22 2033 7 0.49214132119777715 0.4938567913641635 0.5514580168687442 
23 958 6 0.4935305228747759 0.49389793409544724 0.5514580168687442 
24 1591 8 0.4927686098618902 0.4940189696402808 0.5514580168687442 
25 1282 9 0.49297737685859205 0.4940850700289978 0.5514580168687442 
26 1128 8 0.4936876711353201 0.4940585597496521 0.5514580168687442 
27 1427 8 0.49290463986219735 0.49403335802325166 0.5514580168687442 
28 1070 10 0.4929504980000276 0.5084940621133716 0.5514580168687442 
29 1687 9 0.49414192438953947 0.508527030840619 0.5514580168687442 
0 34231 21 0.4340714842336293 0.5437342538342569 0.5437342538342569 
1 2520 5 0.4690964829047666 0.5512683301184116 0.5512683301184116 
2 1887 3 0.48315374010915974 0.5513722169589691 0.5513722169589691 
3 1422 2 0.48847486798458223 0.5350156020457829 0.5513722169589691 
4 699 1 0.48944476275559956 0.522860604299588 0.5513722169589691 
5 1620 1 0.48828991633514607 0.5060910091872821 0.5513722169589691 
6 941 2 0.48891042648202643 0.4966907629829378 0.5513722169589691 
7 1147 2 0.48905250970769104 0.4964768946906051 0.5513722169589691 
8 508 2 0.4892341556048315 0.4931552872290164 0.5513722169589691 
9 962 3 0.48976292165038104 0.4932561401045818 0.5513722169589691 
10 2237 4 0.48995943316303836 0.49203412348641795 0.5513722169589691 
11 1219 3 0.4904925062820728 0.4922009065762556 0.5513722169589691 
12 1084 3 0.49028716344105655 0.4925016863839172 0.5513722169589691 
13 826 3 0.491555200436276 0.4932749229603036 0.5513722169589691 
14 1748 4 0.49196500548283817 0.4932749229603036 0.5513722169589691 
15 1759 4 0.4921336466836572 0.49368563754614625 0.5513722169589691 
16 1131 4 0.49257790537878043 0.49376503133707494 0.5513722169589691 
17 1671 4 0.4928285607384164 0.4937546247456633 0.5513722169589691 
18 1921 5 0.49318580259724 0.49385631065856606 0.5513722169589691 
19 2623 7 0.4926100873114478 0.49368503133490005 0.5513722169589691 
20 1097 5 0.4934940349237913 0.4936607492315386 0.5513722169589691 
21 3269 6 0.4933853354846016 0.49370843635015355 0.5513722169589691 
22 1825 6 0.4936529093442392 0.4939334587968106 0.5513722169589691 
23 279 6 0.49373292494662024 0.49413954754611816 0.5513722169589691 
24 2691 6 0.4929243251853437 0.49420684540018034 0.5513722169589691 
25 2266 6 0.49279739186119365 0.49389160384747044 0.5513722169589691 
26 1577 6 0.4932147344929825 0.4940795142148767 0.5513722169589691 
27 839 7 0.4936550854451497 0.4941591947533297 0.5513722169589691 
28 1436 7 0.4938122272658029 0.494205344799331 0.5513722169589691 
29 2546 8 0.4932394745321965 0.49427568169406744 0.5513722169589691 
0 32129 24 0.43356404554248384 0.5389522068623221 0.5389522068623221 
1 2452 5 0.4673167509541029 0.5310518468949825 0.5389522068623221 
2 908 4 0.47666013767936993 0.5195110175987103 0.5389522068623221 
3 1158 2 0.4846757763823872 0.5256580632859357 0.5389522068623221 
4 1530 2 0.48626702235599867 0.5220868447915696 0.5389522068623221 
5 1770 1 0.4884954181411287 0.5107085516995655 0.5389522068623221 
6 1299 2 0.48799371752495946 0.5052493692395076 0.5389522068623221 
7 1426 2 0.4877106791100177 0.4937821082547971 0.5389522068623221 
8 3054 3 0.4872685589607791 0.4913695043298054 0.5389522068623221 
9 1620 3 0.48826121588038796 0.49149314891940277 0.5389522068623221 
10 1482 4 0.49007130497680235 0.4917340507565715 0.5389522068623221 
11 1809 3 0.49076007599072236 0.492341048277886 0.5389522068623221 
12 1793 4 0.490317036686097 0.4950000135420211 0.5389522068623221 
13 1727 4 0.4917654335833175 0.49537898445008466 0.5389522068623221 
14 1813 4 0.4920523807399627 0.49470747941352 0.5389522068623221 
15 1587 4 0.492478022401211 0.49434925364114685 0.5389522068623221 
16 588 4 0.4928866889588167 0.4945666432034056 0.5389522068623221 
17 1822 4 0.4931303715887826 0.4945525591061642 0.5389522068623221 
18 1087 4 0.49307670595469344 0.49448194961528436 0.5389522068623221 
19 1347 4 0.4934200703319692 0.4944622694162532 0.5389522068623221 
20 660 3 0.49312038916159423 0.49467681986921386 0.5389522068623221 
21 694 4 0.4937646203623523 0.5046943193001321 0.5389522068623221 
22 2429 7 0.4937215030203756 0.5047310052117703 0.5389522068623221 
23 1054 5 0.49359265974666533 0.5047310052117703 0.5389522068623221 
24 1132 6 0.49380018994750835 0.5057547638714348 0.5389522068623221 
25 2747 7 0.49352654503312154 0.49420416650748916 0.5389522068623221 
26 2611 7 0.4937939772482356 0.5048497752243817 0.5389522068623221 
27 1873 8 0.4938523772179969 0.5010190784940027 0.5389522068623221 
28 1396 7 0.49324610781379336 0.4941957489990586 0.5389522068623221 
29 2341 7 0.49373843556787533 0.4941358967995324 0.5389522068623221 
0 30494 21 0.43928898555564666 0.5500220844386512 0.5500220844386512 
1 2049 6 0.47161468310634297 0.5470364911945804 0.5500220844386512 
2 1072 3 0.4856265930495388 0.543579808476111 0.5500220844386512 
3 1240 2 0.4891256726777924 0.5373175723088633 0.5500220844386512 
4 1099 2 0.48917891937198354 0.5163703107938037 0.5500220844386512 
5 2019 2 0.4886937209815343 0.4981756254950285 0.5500220844386512 
6 1752 2 0.48623086612006977 0.4997743262836776 0.5500220844386512 
7 959 2 0.48844461234986114 0.4984960089704372 0.5500220844386512 
8 2596 3 0.48982641740945776 0.4966396949398811 0.5500220844386512 
9 1621 3 0.4903186651413504 0.4983813432273808 0.5500220844386512 
10 1511 6 0.49088328258461855 0.4979850716017681 0.5500220844386512 
11 2366 4 0.49129259880283316 0.4942944252706938 0.5500220844386512 
12 2033 5 0.48993743243050597 0.4945763271106487 0.5500220844386512 
13 1706 5 0.49180308839475484 0.4945763271106487 0.5500220844386512 
14 1691 5 0.49124151476374434 0.4946651911156757 0.5500220844386512 
15 2126 5 0.49177267318083673 0.4946288693114574 0.5500220844386512 
16 686 5 0.49099502448852733 0.49418913228173283 0.5500220844386512 
17 2138 4 0.4922548931971835 0.49425743450471193 0.5500220844386512 
18 981 5 0.4906375327958721 0.49426651150666234 0.5500220844386512 
19 1195 4 0.49294374519155615 0.49446930586411464 0.5500220844386512 
20 1334 4 0.49365154099883946 0.49491419528071545 0.5500220844386512 
21 1393 4 0.49397930175071075 0.49493896669738247 0.5500220844386512 
22 1547 3 0.49423740312189296 0.49501730165600644 0.5500220844386512 
23 1944 5 0.4936799816290131 0.49477693169551373 0.5500220844386512 
24 2474 6 0.4941133218620461 0.4947250785480816 0.5500220844386512 
25 1397 5 0.4940018054167122 0.49470705893822087 0.5500220844386512 
26 578 5 0.4932342115222001 0.49477838256330087 0.5500220844386512 
27 742 5 0.4943619539199284 0.49494460654988237 0.5500220844386512 
28 911 5 0.4944668025039205 0.4949676413754741 0.5500220844386512 
29 1779 5 0.4942461776039551 0.49500521458294255 0.5500220844386512 
0 32119 22 0.4312464662890679 0.5424970891750505 0.5424970891750505 
1 2811 6 0.4671690900172588 0.5382932114374381 0.5424970891750505 
2 495 4 0.4806322036908833 0.535568629288898 0.5424970891750505 
3 1823 3 0.48542168731425717 0.5126928319579296 0.5424970891750505 
4 1246 2 0.48652484899649484 0.5122696503788534 0.5424970891750505 
5 973 2 0.4868036436096921 0.4960183278616406 0.5424970891750505 
6 847 2 0.4873712036654061 0.4965620846573576 0.5424970891750505 
7 2261 2 0.48586660649193464 0.49271541645424316 0.5424970891750505 
8 1550 3 0.4883415915263274 0.49326353776051457 0.5424970891750505 
9 507 3 0.48961020774615593 0.4965022787356757 0.5424970891750505 
10 1877 4 0.48781815665914635 0.4956555196929031 0.5424970891750505 
11 1815 3 0.4902686037875853 0.4955876271660087 0.5424970891750505 
12 2034 3 0.4913996708492585 0.4952764393217084 0.5424970891750505 
13 1773 3 0.492420476435062 0.5016966414630579 0.5424970891750505 
14 1546 3 0.4937785678958242 0.5205252836919881 0.5424970891750505 
15 1919 4 0.4937688125132552 0.5124252520374506 0.5424970891750505 
16 847 4 0.49423196494451965 0.49587588798057936 0.5424970891750505 
17 715 4 0.4948228156986794 0.49589630374604704 0.5424970891750505 
18 3202 4 0.4947556411270236 0.49558908232531984 0.5424970891750505 
19 2137 4 0.49479735067143005 0.4954232224245544 0.5424970891750505 
20 501 4 0.49477322209208346 0.4952905978846516 0.5424970891750505 
21 1284 5 0.49474040302958955 0.49519878415088026 0.5424970891750505 
22 1260 5 0.4947989201423204 0.49527385323942164 0.5424970891750505 
23 3037 6 0.4945099176956375 0.49530877979076504 0.5424970891750505 
24 645 6 0.4947601811036585 0.4951214113585011 0.5424970891750505 
25 2589 7 0.49354012176359313 0.4953405353237678 0.5424970891750505 
26 608 6 0.4949477718841448 0.495434222992473 0.5424970891750505 
27 1672 6 0.49512135801031193 0.4955896151767637 0.5424970891750505 
28 822 7 0.49516345779717597 0.4955896151767637 0.5424970891750505 
29 1543 7 0.49483907111782327 0.49559476928376595 0.5424970891750505 
0 32053 21 0.42644665665065157 0.5413930210492023 0.5413930210492023 
1 2237 6 0.46329254484694105 0.538759277283845 0.5413930210492023 
2 928 3 0.47989692394802924 0.5336420263755104 0.5413930210492023 
3 1546 2 0.4845344769061603 0.5138726896900176 0.5413930210492023 
4 935 2 0.4870290430595088 0.5151432028935179 0.5413930210492023 
5 1615 2 0.4869714501684744 0.5044628317879911 0.5413930210492023 
6 2051 2 0.48764669409356814 0.4939713427707729 0.5413930210492023 
7 1835 2 0.48883406779966493 0.4921127437928057 0.5413930210492023 
8 1285 2 0.4895775683073376 0.4927014465477056 0.5413930210492023 
9 407 2 0.490689966718108 0.4922895064167312 0.5413930210492023 
10 2147 3 0.49115521168047427 0.4929653622274931 0.5413930210492023 
11 586 2 0.4914761769194829 0.49291344307017104 0.5413930210492023 
12 1213 3 0.4913277905455 0.4937443243026095 0.5413930210492023 
13 1482 4 0.4914185773126809 0.49440255967420804 0.5413930210492023 
14 1562 4 0.4924199990877045 0.49439382463959824 0.5413930210492023 
15 1367 4 0.49221142633780796 0.4945512363541427 0.5413930210492023 
16 1530 4 0.4925796862006958 0.49474042602044965 0.5413930210492023 
17 974 4 0.49363394638558605 0.4950574867149887 0.5413930210492023 
18 653 3 0.49390270836860606 0.49509460134657746 0.5413930210492023 
19 1399 3 0.4938574868001247 0.4952987318203158 0.5413930210492023 
20 1554 3 0.493745180556232 0.49440915279134867 0.5413930210492023 
21 1667 4 0.49213417108148827 0.5156962501105564 0.5413930210492023 
22 1742 5 0.49483578699323927 0.5161373862384439 0.5413930210492023 
23 1171 5 0.49524088182604165 0.5111446111557767 0.5413930210492023 
24 2355 4 0.4962280895711836 0.5117057603975361 0.5413930210492023 
25 601 5 0.4958888202066335 0.521310232214002 0.5413930210492023 
26 2273 5 0.4968571448872555 0.521310232214002 0.5413930210492023 
27 1486 5 0.49362811503980303 0.5082172328619203 0.5413930210492023 
28 1406 5 0.4967610202834756 0.5213106967899481 0.5413930210492023 
29 260 5 0.4991662695129432 0.5214581017530523 0.5413930210492023 
0 34352 23 0.4213298995048179 0.5366654366919658 0.5366654366919658 
1 1300 7 0.46038903149790683 0.5341325266076775 0.5366654366919658 
2 1060 3 0.47771828502471275 0.5255236964167085 0.5366654366919658 
3 2341 3 0.485605042958696 0.5234373772697832 0.5366654366919658 
4 1116 2 0.4877082021967121 0.5216166444103957 0.5366654366919658 
5 2009 1 0.48805528892287975 0.5163612666911633 0.5366654366919658 
6 1284 2 0.48619711829182954 0.4976490969452817 0.5366654366919658 
7 1251 2 0.48761281840627346 0.49369346765460165 0.5366654366919658 
8 2163 3 0.4868415054480272 0.4929086614503114 0.5366654366919658 
9 2386 3 0.4886389587543127 0.5053216490573753 0.5366654366919658 
10 542 3 0.4890264499752541 0.5045004974254305 0.5366654366919658 
11 1419 3 0.4894713172763865 0.5076112993493098 0.5366654366919658 
12 1750 4 0.48943381589115653 0.5076112993493098 0.5366654366919658 
13 1546 4 0.4908074383883483 0.499666397992215 0.5366654366919658 
14 1608 4 0.49109375352080503 0.49706839480261344 0.5366654366919658 
15 2582 4 0.49063153129549764 0.4936591558042415 0.5366654366919658 
16 1164 4 0.491256726784769 0.4936591558042415 0.5366654366919658 
17 851 4 0.49131545947641714 0.49214709721744976 0.5366654366919658 
18 1518 4 0.4910748099517226 0.4923542089527563 0.5366654366919658 
19 1861 4 0.49078427521087403 0.4924268221281829 0.5366654366919658 
20 865 4 0.4922675170864894 0.4937727239371452 0.5366654366919658 
21 1367 3 0.4922990052925794 0.4936804418370089 0.5366654366919658 
22 1403 3 0.49208963766299674 0.49391026282120254 0.5366654366919658 
23 1819 4 0.49207373208759214 0.49404583665104684 0.5366654366919658 
24 2213 5 0.4911694389950085 0.4937221004127135 0.5366654366919658 
25 1143 5 0.4914065186103164 0.4938741545448404 0.5366654366919658 
26 782 5 0.4925277770643368 0.49390790842025156 0.5366654366919658 
27 1326 4 0.49283814420196115 0.4939794800969497 0.5366654366919658 
28 943 3 0.4930476763844868 0.49383697049341446 0.5366654366919658 
29 676 4 0.49334968657854483 0.4941790680503777 0.5366654366919658 