0 292 7 0.679282240707056 0.856785394656103 0.856785394656103 
1 47 4 0.7154927763693572 0.8769165785058636 0.8769165785058636 
2 25 3 0.7430347359438018 0.9000223047477822 0.9000223047477822 
3 40 4 0.7752028644940103 0.8774831980607615 0.9000223047477822 
4 23 1 0.7937011860183308 0.8774831980607615 0.9000223047477822 
5 52 2 0.8015712670851016 0.8774831980607615 0.9000223047477822 
6 33 1 0.8097625396293465 0.8774831980607615 0.9000223047477822 
7 19 1 0.8297892500416576 0.8968807305477958 0.9000223047477822 
8 17 1 0.8383847579375276 0.8774831980607615 0.9000223047477822 
9 24 1 0.8416216739241241 0.8774831980607615 0.9000223047477822 
10 35 1 0.8535224394204307 0.8774831980607615 0.9000223047477822 
11 20 1 0.8607925488835199 0.8774831980607615 0.9000223047477822 
12 20 1 0.8567224341423908 0.8897930977353514 0.9000223047477822 
13 35 3 0.8557347712492125 0.8897930977353514 0.9000223047477822 
14 24 1 0.858530780817304 0.8774831980607615 0.9000223047477822 
15 21 1 0.8673280032050056 0.8774831980607615 0.9000223047477822 
16 4 1 0.8716726791167686 0.8774831980607615 0.9000223047477822 
17 25 1 0.8636818603377084 0.8774831980607615 0.9000223047477822 
18 16 1 0.8654746778768936 0.8774831980607615 0.9000223047477822 
19 14 1 0.8653128201999725 0.8774831980607615 0.9000223047477822 
20 21 1 0.8614376544206291 0.8897930977353514 0.9000223047477822 
21 23 1 0.8631852546114773 0.8897930977353514 0.9000223047477822 
22 19 0 0.866039246199773 0.8897930977353514 0.9000223047477822 
23 10 0 0.8616654664059541 0.8897930977353514 0.9000223047477822 
24 9 1 0.8644296912965931 0.8774831980607615 0.9000223047477822 
25 10 1 0.8632804154883132 0.8774831980607615 0.9000223047477822 
26 6 1 0.8694121698963084 0.8774831980607615 0.9000223047477822 
27 13 1 0.8634120965684045 0.8774831980607615 0.9000223047477822 
28 22 0 0.8619049071488436 0.8774831980607615 0.9000223047477822 
29 14 1 0.8638849993148701 0.8774831980607615 0.9000223047477822 
0 177 6 0.6804226784910259 0.8702508378299644 0.8702508378299644 
1 23 3 0.718359313117736 0.8916778791590736 0.8916778791590736 
2 45 3 0.75028504104785 0.8916778791590736 0.8916778791590736 
3 26 2 0.7849528286583144 0.8916778791590736 0.8916778791590736 
4 16 2 0.8016543092722038 0.8916778791590736 0.8916778791590736 
5 14 1 0.8195414795104804 0.8916778791590736 0.8916778791590736 
6 25 2 0.838165228542894 0.8916778791590736 0.8916778791590736 
7 38 2 0.8448048384432751 0.8916778791590736 0.8916778791590736 
8 49 1 0.8548564406704187 0.8916778791590736 0.8916778791590736 
9 17 2 0.8671296002956178 0.8916778791590736 0.8916778791590736 
10 40 2 0.8728450032214026 0.8916778791590736 0.8916778791590736 
11 34 1 0.8731314011023532 0.8916778791590736 0.8916778791590736 
12 17 2 0.8809840551849749 0.8916778791590736 0.8916778791590736 
13 28 3 0.8791299689617698 0.8916778791590736 0.8916778791590736 
14 39 1 0.8758438755140848 0.8916778791590736 0.8916778791590736 
15 68 1 0.8675843372221506 0.8916778791590736 0.8916778791590736 
16 42 2 0.8735740863035475 0.8916778791590736 0.8916778791590736 
17 34 1 0.8737828762672164 0.8916778791590736 0.8916778791590736 
18 43 1 0.8734477292936748 0.8916778791590736 0.8916778791590736 
19 31 1 0.8778911479971307 0.8916778791590736 0.8916778791590736 
20 29 1 0.874341559387348 0.905242829338714 0.905242829338714 
21 61 1 0.8805750939560981 0.8916778791590736 0.905242829338714 
22 32 1 0.8754686639127185 0.8916778791590736 0.905242829338714 
23 42 1 0.8789595149230064 0.8916778791590736 0.905242829338714 
24 26 1 0.8817668598868812 0.8916778791590736 0.905242829338714 
25 41 1 0.8744031276792683 0.8916778791590736 0.905242829338714 
26 32 1 0.8659074259398283 0.8916778791590736 0.905242829338714 
27 35 1 0.8746579064633195 0.8916778791590736 0.905242829338714 
28 26 1 0.8775199049449863 0.8916778791590736 0.905242829338714 
29 36 1 0.8725759530483349 0.8916778791590736 0.905242829338714 
0 142 5 0.6855594523118527 0.8702508378299644 0.8702508378299644 
1 29 3 0.7168210250874081 0.8853082338852454 0.8853082338852454 
2 20 2 0.7517603472084236 0.9000223047477822 0.9000223047477822 
3 20 1 0.7808651928312975 0.902030142441391 0.902030142441391 
4 8 2 0.7971279042729492 0.902030142441391 0.902030142441391 
5 13 1 0.8194170907569788 0.902030142441391 0.902030142441391 
6 21 1 0.831940859006169 0.902030142441391 0.902030142441391 
7 40 1 0.8424474170364771 0.902030142441391 0.902030142441391 
8 32 1 0.8461552831054436 0.902030142441391 0.902030142441391 
9 20 1 0.8591761057611725 0.902030142441391 0.902030142441391 
10 32 1 0.8656867596811579 0.902030142441391 0.902030142441391 
11 29 1 0.868509298988103 0.902030142441391 0.902030142441391 
12 70 1 0.8628922503981135 0.902030142441391 0.902030142441391 
13 74 3 0.8582290823826021 0.902030142441391 0.902030142441391 
14 35 1 0.8700166945630983 0.902030142441391 0.902030142441391 
15 20 1 0.8766923830653214 0.902030142441391 0.902030142441391 
16 11 1 0.8871891587670795 0.902030142441391 0.902030142441391 
17 8 1 0.8843288875482513 0.902030142441391 0.902030142441391 
18 15 1 0.8795846523135091 0.902030142441391 0.902030142441391 
19 35 1 0.8812016558939274 0.902030142441391 0.902030142441391 
20 10 1 0.8812452903565261 0.902030142441391 0.902030142441391 
21 7 1 0.8889329248945166 0.902030142441391 0.902030142441391 
22 9 1 0.8817687325703599 0.902030142441391 0.902030142441391 
23 17 1 0.8875275592523946 0.902030142441391 0.902030142441391 
24 11 1 0.885286845656097 0.902030142441391 0.902030142441391 
25 41 1 0.8788942966946058 0.902030142441391 0.902030142441391 
26 15 1 0.8823378658264197 0.902030142441391 0.902030142441391 
27 6 1 0.8874640105506242 0.902030142441391 0.902030142441391 
28 13 0 0.8840168897774717 0.902030142441391 0.902030142441391 
29 8 1 0.8839569154836049 0.902030142441391 0.902030142441391 
0 178 6 0.6838787523568897 0.84067305564585 0.84067305564585 
1 47 3 0.725108069189328 0.856785394656103 0.856785394656103 
2 45 2 0.7512595890162642 0.856785394656103 0.856785394656103 
3 35 2 0.7779853710599283 0.8756643224357423 0.8756643224357423 
4 22 2 0.7979648792104216 0.8774831980607615 0.8774831980607615 
5 23 2 0.813361650094627 0.8774831980607615 0.8774831980607615 
6 38 2 0.818280966670647 0.8774831980607615 0.8774831980607615 
7 20 1 0.8292815499763906 0.8774831980607615 0.8774831980607615 
8 47 2 0.8363488967378768 0.8774831980607615 0.8774831980607615 
9 31 2 0.8393242244601729 0.8774831980607615 0.8774831980607615 
10 41 2 0.8466948504901878 0.8774831980607615 0.8774831980607615 
11 29 1 0.8575855170136164 0.8774831980607615 0.8774831980607615 
12 26 1 0.8588999972111321 0.8774831980607615 0.8774831980607615 
13 42 3 0.8573333254360855 0.8774831980607615 0.8774831980607615 
14 48 1 0.8591568555336483 0.8774831980607615 0.8774831980607615 
15 25 1 0.8634383590912775 0.8897930977353514 0.8897930977353514 
16 23 1 0.8655841858129711 0.8774831980607615 0.8897930977353514 
17 11 1 0.8705971606187595 0.8774831980607615 0.8897930977353514 
18 15 2 0.8675718850556264 0.8774831980607615 0.8897930977353514 
19 30 1 0.8645209862220382 0.8774831980607615 0.8897930977353514 
20 38 1 0.8673988720586311 0.8897930977353514 0.8897930977353514 
21 23 1 0.8631108626147135 0.8774831980607615 0.8897930977353514 
22 46 1 0.860626418511684 0.8774831980607615 0.8897930977353514 
23 21 1 0.8641836256320548 0.8774831980607615 0.8897930977353514 
24 7 1 0.8705041854111414 0.8774831980607615 0.8897930977353514 
25 27 1 0.8635075069102439 0.8774831980607615 0.8897930977353514 
26 17 2 0.86504578124798 0.8774831980607615 0.8897930977353514 
27 16 1 0.8621534510238618 0.8897930977353514 0.8897930977353514 
28 20 1 0.8641387559613386 0.8774831980607615 0.8897930977353514 
29 49 1 0.8640254125113878 0.8774831980607615 0.8897930977353514 
0 174 5 0.6807127177087989 0.856785394656103 0.856785394656103 
1 27 2 0.7208331318404617 0.856785394656103 0.856785394656103 
2 17 2 0.7529313598607881 0.856785394656103 0.856785394656103 
3 14 2 0.7801900993493479 0.8702508378299644 0.8702508378299644 
4 19 2 0.8005075062199031 0.8774831980607615 0.8774831980607615 
5 21 1 0.816314806277083 0.8805189536865453 0.8805189536865453 
6 9 1 0.828036842556861 0.8805189536865453 0.8805189536865453 
7 25 2 0.8363402471347822 0.8774831980607615 0.8805189536865453 
8 14 1 0.8398968124231869 0.8774831980607615 0.8805189536865453 
9 14 1 0.8461453735251528 0.8774831980607615 0.8805189536865453 
10 13 1 0.8560765515021607 0.8774831980607615 0.8805189536865453 
11 37 1 0.861518112611116 0.8774831980607615 0.8805189536865453 
12 30 1 0.8590090931848345 0.8774831980607615 0.8805189536865453 
13 51 3 0.8559861922848249 0.8774831980607615 0.8805189536865453 
14 12 1 0.8687923533856096 0.8774831980607615 0.8805189536865453 
15 21 1 0.865378111340322 0.8774831980607615 0.8805189536865453 
16 31 1 0.8640726095690503 0.8774831980607615 0.8805189536865453 
17 21 1 0.8660069429471767 0.8774831980607615 0.8805189536865453 
18 19 1 0.8615492184786407 0.8774831980607615 0.8805189536865453 
19 12 1 0.863613845067892 0.8774831980607615 0.8805189536865453 
20 18 1 0.8655646747218461 0.8774831980607615 0.8805189536865453 
21 15 1 0.8670181151419106 0.8897930977353514 0.8897930977353514 
22 28 1 0.8614794984381953 0.8897930977353514 0.8897930977353514 
23 20 1 0.8629274394225803 0.8897930977353514 0.8897930977353514 
24 25 1 0.8567315535405643 0.8897930977353514 0.8897930977353514 
25 12 1 0.8633614315609968 0.8897930977353514 0.8897930977353514 
26 15 1 0.8640512249823563 0.8774831980607615 0.8897930977353514 
27 14 1 0.8604799032856023 0.8774831980607615 0.8897930977353514 
28 30 1 0.8635295728877003 0.8774831980607615 0.8897930977353514 
29 25 1 0.8594932820199791 0.8774831980607615 0.8897930977353514 
0 231 6 0.6874774211487994 0.84067305564585 0.84067305564585 
1 19 3 0.7268809325659815 0.8728665840153356 0.8728665840153356 
2 27 2 0.7579268782820737 0.8728665840153356 0.8728665840153356 
3 18 2 0.776695051753067 0.8728665840153356 0.8728665840153356 
4 24 2 0.7924079387012912 0.8691058340530364 0.8728665840153356 
5 12 2 0.8089021847916292 0.8691058340530364 0.8728665840153356 
6 20 2 0.8234816061837043 0.8774831980607615 0.8774831980607615 
7 33 1 0.826878288499371 0.8774831980607615 0.8774831980607615 
8 30 1 0.8361154230135575 0.8774831980607615 0.8774831980607615 
9 21 1 0.8407245895710196 0.8774831980607615 0.8774831980607615 
10 29 2 0.8507454137020858 0.8774831980607615 0.8774831980607615 
11 18 1 0.8514381196176043 0.8774831980607615 0.8774831980607615 
12 17 1 0.8590184745660082 0.8774831980607615 0.8774831980607615 
13 13 3 0.8617311279500222 0.8774831980607615 0.8774831980607615 
14 13 1 0.8586852549648853 0.8774831980607615 0.8774831980607615 
15 25 1 0.8586810212530785 0.8774831980607615 0.8774831980607615 
16 32 1 0.8648781995214114 0.8897930977353514 0.8897930977353514 
17 18 1 0.8656210865909266 0.8774831980607615 0.8897930977353514 
18 34 1 0.8602619457388627 0.8774831980607615 0.8897930977353514 
19 24 1 0.8588681793417966 0.8774831980607615 0.8897930977353514 
20 24 1 0.8668043844067738 0.8897930977353514 0.8897930977353514 
21 18 1 0.8684244211537531 0.8897930977353514 0.8897930977353514 
22 29 1 0.8644701878260195 0.8774831980607615 0.8897930977353514 
23 36 1 0.8669276864929164 0.8897930977353514 0.8897930977353514 
24 40 1 0.8571091778722415 0.8774831980607615 0.8897930977353514 
25 18 1 0.86292369294076 0.8774831980607615 0.8897930977353514 
26 37 1 0.8607592212963957 0.8774831980607615 0.8897930977353514 
27 50 1 0.8596736848982558 0.8897930977353514 0.8897930977353514 
28 28 1 0.8582422839934877 0.8897930977353514 0.8897930977353514 
29 15 1 0.8639196463575661 0.8774831980607615 0.8897930977353514 
0 228 8 0.678242255430951 0.8702508378299644 0.8702508378299644 
1 43 3 0.7266863902292185 0.8702508378299644 0.8702508378299644 
2 37 3 0.760511422083725 0.8702508378299644 0.8702508378299644 
3 35 2 0.7809475664092789 0.8774831980607615 0.8774831980607615 
4 11 2 0.8068184852234023 0.8774831980607615 0.8774831980607615 
5 32 1 0.8165169016376735 0.8774831980607615 0.8774831980607615 
6 30 2 0.8215069596029022 0.8774831980607615 0.8774831980607615 
7 21 1 0.8344129189705356 0.8774831980607615 0.8774831980607615 
8 30 1 0.8479930776452026 0.8774831980607615 0.8774831980607615 
9 25 1 0.8537571409764488 0.8774831980607615 0.8774831980607615 
10 23 1 0.8580893968491867 0.8897930977353514 0.8897930977353514 
11 15 1 0.8629620539069979 0.8774831980607615 0.8897930977353514 
12 38 0 0.8613134861299627 0.8774831980607615 0.8897930977353514 
13 11 2 0.8696305966961966 0.8774831980607615 0.8897930977353514 
14 33 1 0.8619529178414099 0.8774831980607615 0.8897930977353514 
15 13 1 0.8669220640790474 0.8774831980607615 0.8897930977353514 
16 15 1 0.8645274379824609 0.8774831980607615 0.8897930977353514 
17 5 1 0.8703518943907779 0.8774831980607615 0.8897930977353514 
18 25 0 0.8644146145434499 0.8774831980607615 0.8897930977353514 
19 32 0 0.865327061310415 0.8774831980607615 0.8897930977353514 
20 22 0 0.8671743047720409 0.8774831980607615 0.8897930977353514 
21 42 1 0.8646112406422184 0.8897930977353514 0.8897930977353514 
22 27 1 0.8646437773892975 0.8774831980607615 0.8897930977353514 
23 17 1 0.8649340115152433 0.8774831980607615 0.8897930977353514 
24 6 1 0.8669010259360839 0.8774831980607615 0.8897930977353514 
25 24 1 0.8645123732912263 0.8897930977353514 0.8897930977353514 
26 5 1 0.8716573124107404 0.8897930977353514 0.8897930977353514 
27 17 1 0.862889155193227 0.8897930977353514 0.8897930977353514 
28 18 1 0.8609898733017073 0.8897930977353514 0.8897930977353514 
29 29 1 0.863621711850881 0.8897930977353514 0.8897930977353514 
0 201 6 0.6805796514272257 0.84067305564585 0.84067305564585 
1 43 4 0.7225912857513667 0.8756643224357423 0.8756643224357423 
2 19 2 0.7541162980519961 0.8756643224357423 0.8756643224357423 
3 28 2 0.7748512062287166 0.874054392302311 0.8756643224357423 
4 27 2 0.788398175712979 0.874054392302311 0.8756643224357423 
5 21 2 0.8050471149347339 0.874054392302311 0.8756643224357423 
6 19 2 0.8244399905470391 0.874054392302311 0.8756643224357423 
7 18 2 0.8374131730278352 0.874054392302311 0.8756643224357423 
8 20 1 0.8378606822196122 0.874054392302311 0.8756643224357423 
9 11 2 0.8458279535635179 0.874054392302311 0.8756643224357423 
10 21 1 0.8584094162446851 0.874054392302311 0.8756643224357423 
11 9 1 0.8573805344774813 0.874054392302311 0.8756643224357423 
12 5 1 0.8627270409230323 0.8962102852661233 0.8962102852661233 
13 7 3 0.8580318456035466 0.8962102852661233 0.8962102852661233 
14 11 1 0.8578816563011529 0.8962102852661233 0.8962102852661233 
15 8 1 0.8581288008150565 0.8962102852661233 0.8962102852661233 
16 13 1 0.8550912557482359 0.8962102852661233 0.8962102852661233 
17 6 1 0.8634179781171588 0.8962102852661233 0.8962102852661233 
18 7 1 0.8638182927346253 0.8962102852661233 0.8962102852661233 
19 9 1 0.8609699844993307 0.8962102852661233 0.8962102852661233 
20 12 1 0.8647171859139523 0.8962102852661233 0.8962102852661233 
21 10 1 0.8572010477150123 0.8962102852661233 0.8962102852661233 
22 8 1 0.8696996883406753 0.8962102852661233 0.8962102852661233 
23 5 1 0.8706657897053028 0.8962102852661233 0.8962102852661233 
24 15 2 0.8719628675742817 0.8962102852661233 0.8962102852661233 
25 13 1 0.8758384931720505 0.8962102852661233 0.8962102852661233 
26 8 1 0.8806209776703483 0.8962102852661233 0.8962102852661233 
27 12 1 0.8794161731361584 0.8962102852661233 0.8962102852661233 
28 14 1 0.8838531736696476 0.8962102852661233 0.8962102852661233 
29 12 1 0.8773554425128621 0.8962102852661233 0.8962102852661233 
0 183 5 0.6847907503033744 0.856785394656103 0.856785394656103 
1 17 2 0.731055277072122 0.8972002034979067 0.8972002034979067 
2 18 2 0.7595306247504466 0.9000223047477822 0.9000223047477822 
3 15 2 0.7839896130471345 0.8774831980607615 0.9000223047477822 
4 7 1 0.8064333624053548 0.8774831980607615 0.9000223047477822 
5 15 1 0.8203740106706069 0.8774831980607615 0.9000223047477822 
6 26 1 0.8311831326679752 0.8774831980607615 0.9000223047477822 
7 16 1 0.8397374999409117 0.8774831980607615 0.9000223047477822 
8 16 1 0.8502355431933036 0.8774831980607615 0.9000223047477822 
9 34 1 0.8514173066403591 0.8774831980607615 0.9000223047477822 
10 16 1 0.8649870852961682 0.8774831980607615 0.9000223047477822 
11 17 1 0.86639372153206 0.8774831980607615 0.9000223047477822 
12 20 1 0.8635211459966173 0.8774831980607615 0.9000223047477822 
13 20 3 0.8673659759889435 0.8774831980607615 0.9000223047477822 
14 33 1 0.8668714818786809 0.8774831980607615 0.9000223047477822 
15 19 1 0.8659703095709959 0.8774831980607615 0.9000223047477822 
16 26 0 0.8710555723261959 0.8897930977353514 0.9000223047477822 
17 18 1 0.8631866293047793 0.8897930977353514 0.9000223047477822 
18 39 1 0.8668155944807593 0.8897930977353514 0.9000223047477822 
19 26 1 0.8666596107603618 0.8897930977353514 0.9000223047477822 
20 10 1 0.865663407558144 0.8774831980607615 0.9000223047477822 
21 20 1 0.8617151167304469 0.8774831980607615 0.9000223047477822 
22 12 1 0.8667045800622847 0.8774831980607615 0.9000223047477822 
23 16 1 0.8706719541234986 0.8774831980607615 0.9000223047477822 
24 15 0 0.8647300257066591 0.8774831980607615 0.9000223047477822 
25 33 1 0.8644166690331899 0.8774831980607615 0.9000223047477822 
26 15 1 0.8639479034818032 0.8774831980607615 0.9000223047477822 
27 44 1 0.8629247485864024 0.8774831980607615 0.9000223047477822 
28 27 1 0.8651717900047825 0.8774831980607615 0.9000223047477822 
29 9 1 0.8650531475578616 0.8774831980607615 0.9000223047477822 
0 215 6 0.6806122347771223 0.8702508378299644 0.8702508378299644 
1 22 3 0.7206321313094344 0.8702508378299644 0.8702508378299644 
2 33 2 0.752233090773453 0.8702508378299644 0.8702508378299644 
3 40 2 0.7766244414572775 0.8477975955815816 0.8702508378299644 
4 32 2 0.8035803924044551 0.8774831980607615 0.8774831980607615 
5 8 1 0.8174587160306882 0.8774831980607615 0.8774831980607615 
6 40 2 0.8219906669423469 0.8774831980607615 0.8774831980607615 
7 20 1 0.8310208281698565 0.8774831980607615 0.8774831980607615 
8 52 2 0.8369053014843092 0.8774831980607615 0.8774831980607615 
9 41 2 0.8398036829321984 0.8774831980607615 0.8774831980607615 
10 24 2 0.8492335683709851 0.8774831980607615 0.8774831980607615 
11 15 1 0.8567860783815793 0.8774831980607615 0.8774831980607615 
12 30 1 0.8582677087798548 0.8774831980607615 0.8774831980607615 
13 28 3 0.8594891237214892 0.8774831980607615 0.8774831980607615 
14 54 2 0.8546008375169089 0.8897930977353514 0.8897930977353514 
15 17 1 0.8614298294490237 0.8897930977353514 0.8897930977353514 
16 29 1 0.863730275652199 0.8774831980607615 0.8897930977353514 
17 20 1 0.860697259239826 0.8774831980607615 0.8897930977353514 
18 15 1 0.8651240969702302 0.8774831980607615 0.8897930977353514 
19 28 1 0.8624466214747134 0.8897930977353514 0.8897930977353514 
20 25 1 0.8603539795244971 0.8774831980607615 0.8897930977353514 
21 11 1 0.8689917131606942 0.8774831980607615 0.8897930977353514 
22 20 1 0.867232282909599 0.8774831980607615 0.8897930977353514 
23 29 1 0.8636142507844844 0.8774831980607615 0.8897930977353514 
24 24 2 0.8636106586245854 0.8774831980607615 0.8897930977353514 
25 22 2 0.8659170967462053 0.8774831980607615 0.8897930977353514 
26 20 1 0.8698013446493189 0.8774831980607615 0.8897930977353514 
27 26 2 0.862135497463214 0.8774831980607615 0.8897930977353514 
28 24 1 0.8641343080734974 0.8774831980607615 0.8897930977353514 
29 13 1 0.867854183418769 0.8774831980607615 0.8897930977353514 
0 208 5 0.6797012077662535 0.8702508378299644 0.8702508378299644 
1 37 3 0.718312824552939 0.856785394656103 0.8702508378299644 
2 22 2 0.7501252853466134 0.856785394656103 0.8702508378299644 
3 24 2 0.769426813235052 0.8580769667683379 0.8702508378299644 
4 28 2 0.785491467358202 0.8580769667683379 0.8702508378299644 
5 17 1 0.7987911258324136 0.8741386341196955 0.8741386341196955 
6 58 1 0.80334920313303 0.8774831980607615 0.8774831980607615 
7 27 1 0.8136892211107033 0.8774831980607615 0.8774831980607615 
8 59 1 0.8221480593798698 0.8774831980607615 0.8774831980607615 
9 27 1 0.8316308348921849 0.8774831980607615 0.8774831980607615 
10 25 1 0.837986819928964 0.8774831980607615 0.8774831980607615 
11 18 1 0.8443251809359006 0.8774831980607615 0.8774831980607615 
12 20 1 0.8475524464994764 0.8774831980607615 0.8774831980607615 
13 29 3 0.8546398904142908 0.8774831980607615 0.8774831980607615 
14 23 0 0.8580843384712405 0.8774831980607615 0.8774831980607615 
15 24 0 0.8614685322864402 0.8774831980607615 0.8774831980607615 
16 13 1 0.862835266404507 0.8774831980607615 0.8774831980607615 
17 19 1 0.864797823090242 0.8897930977353514 0.8897930977353514 
18 21 1 0.8661851585483267 0.8897930977353514 0.8897930977353514 
19 34 1 0.8658469418921526 0.8774831980607615 0.8897930977353514 
20 27 1 0.8632605041027905 0.8774831980607615 0.8897930977353514 
21 9 1 0.8717545687358712 0.8774831980607615 0.8897930977353514 
22 25 1 0.8691882972495683 0.8774831980607615 0.8897930977353514 
23 42 1 0.8676587345269404 0.8774831980607615 0.8897930977353514 
24 16 0 0.8666117542654558 0.8774831980607615 0.8897930977353514 
25 25 0 0.8600797590649556 0.8774831980607615 0.8897930977353514 
26 17 1 0.8636523099846524 0.8774831980607615 0.8897930977353514 
27 17 0 0.861560628884406 0.8774831980607615 0.8897930977353514 
28 28 1 0.8626324719978499 0.8774831980607615 0.8897930977353514 
29 11 1 0.8675851229540582 0.8897930977353514 0.8897930977353514 
0 206 6 0.681897047577301 0.856785394656103 0.856785394656103 
1 22 3 0.7242493452796827 0.84067305564585 0.856785394656103 
2 23 3 0.7605123206948439 0.856785394656103 0.856785394656103 
3 12 2 0.782432806120258 0.8805189536865453 0.8805189536865453 
4 16 2 0.8028792049344574 0.8805189536865453 0.8805189536865453 
5 26 2 0.8149170049044427 0.8690383631488159 0.8805189536865453 
6 52 2 0.8199561586061574 0.8774831980607615 0.8805189536865453 
7 31 1 0.8223111900857589 0.8774831980607615 0.8805189536865453 
8 28 1 0.832564276307397 0.8774831980607615 0.8805189536865453 
9 37 2 0.8402441262189082 0.8774831980607615 0.8805189536865453 
10 37 1 0.8392740764066008 0.8774831980607615 0.8805189536865453 
11 68 1 0.8441037048738028 0.8774831980607615 0.8805189536865453 
12 30 1 0.8499223692159034 0.8893131618133047 0.8893131618133047 
13 37 4 0.8540534897513161 0.8774831980607615 0.8893131618133047 
14 45 1 0.8603092618479755 0.8897930977353514 0.8897930977353514 
15 45 1 0.8603349236228105 0.8897930977353514 0.8897930977353514 
16 42 2 0.8553495249579917 0.8897930977353514 0.8897930977353514 
17 20 2 0.8640518166781003 0.8774831980607615 0.8897930977353514 
18 29 1 0.8582986373277172 0.8774831980607615 0.8897930977353514 
19 20 1 0.8631424527554209 0.8897930977353514 0.8897930977353514 
20 31 1 0.8636358010597144 0.8774831980607615 0.8897930977353514 
21 43 2 0.8659724872977718 0.8774831980607615 0.8897930977353514 
22 18 1 0.8619085593474299 0.8774831980607615 0.8897930977353514 
23 11 1 0.8702863454587821 0.8774831980607615 0.8897930977353514 
24 50 1 0.8603995348668951 0.8897930977353514 0.8897930977353514 
25 30 2 0.8610750672911252 0.8897930977353514 0.8897930977353514 
26 32 1 0.8620466628896191 0.8774831980607615 0.8897930977353514 
27 37 1 0.8571039325658895 0.8774831980607615 0.8897930977353514 
28 21 1 0.8600872475906617 0.8774831980607615 0.8897930977353514 
29 17 1 0.8654243612011855 0.8897930977353514 0.8897930977353514 
0 172 6 0.6817448656888966 0.856785394656103 0.856785394656103 
1 20 3 0.7235619417674876 0.856785394656103 0.856785394656103 
2 31 2 0.7451959677508421 0.8728665840153356 0.8728665840153356 
3 16 2 0.7657265491577192 0.8621723489246576 0.8728665840153356 
4 34 2 0.7896715101659844 0.8702508378299644 0.8728665840153356 
5 29 2 0.8032080509821868 0.865342349833377 0.8728665840153356 
6 19 2 0.8146118486537806 0.865342349833377 0.8728665840153356 
7 36 2 0.8298377090734974 0.8774831980607615 0.8774831980607615 
8 35 1 0.8327644920376452 0.8774831980607615 0.8774831980607615 
9 12 2 0.8423069470345466 0.8774831980607615 0.8774831980607615 
10 30 1 0.8395572795827849 0.8774831980607615 0.8774831980607615 
11 7 1 0.8587172472078656 0.8774831980607615 0.8774831980607615 
12 27 1 0.8628790235758814 0.8774831980607615 0.8774831980607615 
13 31 3 0.862729998429853 0.8774831980607615 0.8774831980607615 
14 21 2 0.8651956454607931 0.8774831980607615 0.8774831980607615 
15 41 2 0.853552649808995 0.8774831980607615 0.8774831980607615 
16 24 1 0.8646246240232729 0.8774831980607615 0.8774831980607615 
17 16 1 0.864930361011117 0.8774831980607615 0.8774831980607615 
18 11 1 0.866503159515498 0.8774831980607615 0.8774831980607615 
19 25 1 0.8637720815956408 0.8897930977353514 0.8897930977353514 
20 16 1 0.8695797330996234 0.8774831980607615 0.8897930977353514 
21 40 1 0.8597124077209315 0.8774831980607615 0.8897930977353514 
22 42 1 0.8597835947000699 0.8774831980607615 0.8897930977353514 
23 17 1 0.8660600039800909 0.8774831980607615 0.8897930977353514 
24 25 1 0.8656145323044965 0.8897930977353514 0.8897930977353514 
25 50 1 0.8619673648226686 0.8774831980607615 0.8897930977353514 
26 19 1 0.8632484011041883 0.8774831980607615 0.8897930977353514 
27 28 1 0.8604860029415654 0.8774831980607615 0.8897930977353514 
28 23 1 0.8583858481018016 0.8774831980607615 0.8897930977353514 
29 32 1 0.8634458721870085 0.8774831980607615 0.8897930977353514 
0 207 6 0.6813736087388671 0.8702508378299644 0.8702508378299644 
1 35 3 0.7209527807080192 0.8756643224357423 0.8756643224357423 
2 21 3 0.7522745951257805 0.8774831980607615 0.8774831980607615 
3 18 2 0.7814625172133769 0.8774831980607615 0.8774831980607615 
4 40 2 0.7998359591678124 0.8805189536865453 0.8805189536865453 
5 25 1 0.8167044375416985 0.8774831980607615 0.8805189536865453 
6 39 1 0.828435548655462 0.8774831980607615 0.8805189536865453 
7 29 2 0.8399618267738242 0.8774831980607615 0.8805189536865453 
8 17 2 0.8471376820407222 0.8774831980607615 0.8805189536865453 
9 7 1 0.8544914818794908 0.8774831980607615 0.8805189536865453 
10 20 1 0.8631434962987073 0.8774831980607615 0.8805189536865453 
11 37 1 0.8657795432486818 0.8897930977353514 0.8897930977353514 
12 47 1 0.8624660216823736 0.8774831980607615 0.8897930977353514 
13 14 3 0.8670307719523598 0.8774831980607615 0.8897930977353514 
14 17 1 0.869829710050096 0.8774831980607615 0.8897930977353514 
15 33 1 0.8639905902712307 0.8897930977353514 0.8897930977353514 
16 28 1 0.8688794333482811 0.8897930977353514 0.8897930977353514 
17 37 1 0.864267338835023 0.8897930977353514 0.8897930977353514 
18 14 1 0.8683755294414383 0.8897930977353514 0.8897930977353514 
19 9 1 0.8699952313139885 0.8897930977353514 0.8897930977353514 
20 19 1 0.8610449195307486 0.8897930977353514 0.8897930977353514 
21 24 1 0.8652011151603434 0.8774831980607615 0.8897930977353514 
22 8 1 0.8715117120180089 0.8774831980607615 0.8897930977353514 
23 11 1 0.8678564411902465 0.8774831980607615 0.8897930977353514 
24 43 1 0.8629994891780862 0.8774831980607615 0.8897930977353514 
25 26 1 0.8608848426928415 0.8774831980607615 0.8897930977353514 
26 26 1 0.863301650556751 0.8774831980607615 0.8897930977353514 
27 48 1 0.8588224545695938 0.8897930977353514 0.8897930977353514 
28 18 1 0.8598521593837216 0.8897930977353514 0.8897930977353514 
29 16 1 0.85713662320686 0.8774831980607615 0.8897930977353514 
0 159 7 0.6863262978971737 0.856785394656103 0.856785394656103 
1 47 3 0.7238799798092063 0.856785394656103 0.856785394656103 
2 19 2 0.7568265982448094 0.856785394656103 0.856785394656103 
3 11 1 0.7812070168382533 0.8621723489246576 0.8621723489246576 
4 34 1 0.7977636873843875 0.8621723489246576 0.8621723489246576 
5 13 1 0.8110844911658681 0.8621723489246576 0.8621723489246576 
6 35 1 0.8245663216235735 0.8621723489246576 0.8621723489246576 
7 12 1 0.8273042000206332 0.8621723489246576 0.8621723489246576 
8 8 1 0.8340436482807815 0.8621723489246576 0.8621723489246576 
9 26 1 0.8348248565395218 0.8621723489246576 0.8621723489246576 
10 17 1 0.8385163201893192 0.8621723489246576 0.8621723489246576 
11 32 1 0.834895667738364 0.8621723489246576 0.8621723489246576 
12 16 1 0.8403605938794314 0.8621723489246576 0.8621723489246576 
13 28 3 0.8395491229014944 0.8621723489246576 0.8621723489246576 
14 17 1 0.8446911684519547 0.8621723489246576 0.8621723489246576 
15 20 1 0.8442192849678298 0.8621723489246576 0.8621723489246576 
16 37 1 0.8469831224481033 0.8621723489246576 0.8621723489246576 
17 22 1 0.8468681806167422 0.8706870465790454 0.8706870465790454 
18 13 1 0.8528228761685089 0.8706870465790454 0.8706870465790454 
19 11 1 0.8520229358921679 0.8706870465790454 0.8706870465790454 
20 13 1 0.851893645482949 0.8621723489246576 0.8706870465790454 
21 15 1 0.8568378962169229 0.8621723489246576 0.8706870465790454 
22 19 1 0.8548915490642176 0.8621723489246576 0.8706870465790454 
23 19 1 0.8528190323289226 0.8621723489246576 0.8706870465790454 
24 44 1 0.8520152197829431 0.8621723489246576 0.8706870465790454 
25 18 1 0.852860198235841 0.8621723489246576 0.8706870465790454 
26 12 1 0.855558350820482 0.8621723489246576 0.8706870465790454 
27 12 1 0.8529426054870559 0.8621723489246576 0.8706870465790454 
28 22 1 0.8449555102573473 0.8621723489246576 0.8706870465790454 
29 35 2 0.8462155221929747 0.8621723489246576 0.8706870465790454 
0 182 5 0.6842926027782097 0.8263370953832585 0.8263370953832585 
1 14 2 0.7222786666287055 0.8818895513811049 0.8818895513811049 
2 33 2 0.7577544877248288 0.8818895513811049 0.8818895513811049 
3 19 1 0.780808788976249 0.8774831980607615 0.8818895513811049 
4 7 2 0.7913432590568001 0.8774831980607615 0.8818895513811049 
5 29 2 0.800416126445504 0.8774831980607615 0.8818895513811049 
6 32 1 0.8065759480535606 0.8774831980607615 0.8818895513811049 
7 28 1 0.8133157230476398 0.8774831980607615 0.8818895513811049 
8 38 2 0.8185680014100848 0.8774831980607615 0.8818895513811049 
9 21 1 0.8336293326337659 0.8774831980607615 0.8818895513811049 
10 23 1 0.8384261056692084 0.8774831980607615 0.8818895513811049 
11 25 1 0.8472165310762972 0.8774831980607615 0.8818895513811049 
12 25 1 0.8542861015004974 0.8774831980607615 0.8818895513811049 
13 17 3 0.8533697804976561 0.8774831980607615 0.8818895513811049 
14 42 1 0.8579938049649342 0.8774831980607615 0.8818895513811049 
15 72 1 0.8524817579711229 0.8774831980607615 0.8818895513811049 
16 28 1 0.8544966258293998 0.8774831980607615 0.8818895513811049 
17 10 1 0.8613663633404479 0.8774831980607615 0.8818895513811049 
18 14 2 0.8593548581778302 0.8774831980607615 0.8818895513811049 
19 10 1 0.866885581902226 0.8774831980607615 0.8818895513811049 
20 25 1 0.8651900896149882 0.8774831980607615 0.8818895513811049 
21 27 1 0.8630550039526419 0.8774831980607615 0.8818895513811049 
22 16 1 0.868171362751591 0.8774831980607615 0.8818895513811049 
23 33 1 0.856283786657781 0.8774831980607615 0.8818895513811049 
24 41 1 0.8600319591287456 0.8774831980607615 0.8818895513811049 
25 28 1 0.8661409641786376 0.8897930977353514 0.8897930977353514 
26 11 1 0.866872705689153 0.8774831980607615 0.8897930977353514 
27 54 1 0.8645255250859928 0.8897930977353514 0.8897930977353514 
28 23 1 0.8651293088610381 0.8897930977353514 0.8897930977353514 
29 37 1 0.8636998052760404 0.8774831980607615 0.8897930977353514 
0 211 5 0.6839019758213511 0.8702508378299644 0.8702508378299644 
1 42 3 0.7176844219921028 0.8853082338852454 0.8853082338852454 
2 18 2 0.7501640740192174 0.8820658130537044 0.8853082338852454 
3 20 2 0.7669740032782134 0.8898162729284678 0.8898162729284678 
4 19 2 0.7862414089957533 0.8898162729284678 0.8898162729284678 
5 30 2 0.7975740777436887 0.8820658130537044 0.8898162729284678 
6 33 1 0.8093300160961862 0.8774831980607615 0.8898162729284678 
7 15 1 0.8181782751183212 0.8774831980607615 0.8898162729284678 
8 16 1 0.8322083882200276 0.8774831980607615 0.8898162729284678 
9 23 1 0.8400008058260542 0.8774831980607615 0.8898162729284678 
10 45 1 0.8447174481314993 0.8774831980607615 0.8898162729284678 
11 19 1 0.8508869287437507 0.8774831980607615 0.8898162729284678 
12 29 1 0.8578949014510535 0.8897930977353514 0.8898162729284678 
13 16 3 0.864164687900028 0.8774831980607615 0.8898162729284678 
14 16 1 0.8616318033856349 0.8774831980607615 0.8898162729284678 
15 6 1 0.8683970117298933 0.8774831980607615 0.8898162729284678 
16 32 1 0.864496769064018 0.8774831980607615 0.8898162729284678 
17 50 1 0.8572329606594647 0.8774831980607615 0.8898162729284678 
18 19 1 0.8681575585170479 0.8774831980607615 0.8898162729284678 
19 46 0 0.861622617821134 0.8774831980607615 0.8898162729284678 
20 19 1 0.8654813982965817 0.8774831980607615 0.8898162729284678 
21 26 1 0.8653948886167723 0.8897930977353514 0.8898162729284678 
22 22 1 0.8639254038069091 0.8897930977353514 0.8898162729284678 
23 25 0 0.8641320673964286 0.8897930977353514 0.8898162729284678 
24 20 1 0.8635548721981405 0.8897930977353514 0.8898162729284678 
25 11 1 0.8671785142681255 0.8897930977353514 0.8898162729284678 
26 16 1 0.8651064781779841 0.8897930977353514 0.8898162729284678 
27 34 1 0.8644097894264522 0.8774831980607615 0.8898162729284678 
28 22 1 0.861663828525687 0.8774831980607615 0.8898162729284678 
29 19 1 0.8667345981801152 0.8774831980607615 0.8898162729284678 
0 232 5 0.6821133675775454 0.856785394656103 0.856785394656103 
1 30 3 0.7291663764143541 0.8633075573060673 0.8633075573060673 
2 18 2 0.7543794434567505 0.8580769667683379 0.8633075573060673 
3 17 3 0.7763280817975189 0.8633075573060673 0.8633075573060673 
4 22 3 0.7906984448114791 0.8774831980607615 0.8774831980607615 
5 14 2 0.7984222409204598 0.8774831980607615 0.8774831980607615 
6 20 2 0.8034362364541299 0.8774831980607615 0.8774831980607615 
7 42 2 0.8167019959113578 0.8774831980607615 0.8774831980607615 
8 11 2 0.8270441495268956 0.8774831980607615 0.8774831980607615 
9 22 2 0.8364066603509765 0.8774831980607615 0.8774831980607615 
10 30 1 0.8408722446465343 0.8774831980607615 0.8774831980607615 
11 24 2 0.8499054075967863 0.8774831980607615 0.8774831980607615 
12 51 2 0.8583168215359669 0.8774831980607615 0.8774831980607615 
13 46 3 0.856075355610501 0.8774831980607615 0.8774831980607615 
14 25 2 0.859541875539217 0.8774831980607615 0.8774831980607615 
15 11 2 0.8684392590021389 0.8774831980607615 0.8774831980607615 
16 24 2 0.8636554984824852 0.8774831980607615 0.8774831980607615 
17 11 1 0.8637383498515476 0.8774831980607615 0.8774831980607615 
18 23 2 0.8668878504150621 0.8774831980607615 0.8774831980607615 
19 53 1 0.8578938070382885 0.8774831980607615 0.8774831980607615 
20 18 2 0.8621546584561679 0.8897930977353514 0.8897930977353514 
21 25 1 0.8661384698729119 0.8897930977353514 0.8897930977353514 
22 39 2 0.8572831906792088 0.8897930977353514 0.8897930977353514 
23 25 2 0.8669298799039611 0.8897930977353514 0.8897930977353514 
24 37 1 0.8570412562460581 0.8897930977353514 0.8897930977353514 
25 21 2 0.8635299494149691 0.8774831980607615 0.8897930977353514 
26 24 1 0.8605506478515638 0.8774831980607615 0.8897930977353514 
27 7 1 0.8675979629346087 0.8774831980607615 0.8897930977353514 
28 41 1 0.8671334249564124 0.8774831980607615 0.8897930977353514 
29 14 1 0.8672833586876417 0.8774831980607615 0.8897930977353514 
0 155 5 0.6819011075984683 0.8702508378299644 0.8702508378299644 
1 41 3 0.7229251675472903 0.9175344650933607 0.9175344650933607 
2 32 2 0.7565844753712428 0.9175344650933607 0.9175344650933607 
3 15 2 0.7907946770942269 0.9175344650933607 0.9175344650933607 
4 16 2 0.8015248658906438 0.9175344650933607 0.9175344650933607 
5 10 1 0.8159076298752085 0.8774831980607615 0.9175344650933607 
6 23 1 0.8229477973700301 0.8774831980607615 0.9175344650933607 
7 24 1 0.8269212101300156 0.8774831980607615 0.9175344650933607 
8 26 1 0.8347807514747118 0.8774831980607615 0.9175344650933607 
9 13 1 0.8456244775579 0.8774831980607615 0.9175344650933607 
10 22 2 0.847461737974816 0.8774831980607615 0.9175344650933607 
11 9 1 0.8599987718708786 0.8774831980607615 0.9175344650933607 
12 21 1 0.863488096606732 0.8774831980607615 0.9175344650933607 
13 18 4 0.8650736581284235 0.8774831980607615 0.9175344650933607 
14 19 1 0.8628002940096726 0.8774831980607615 0.9175344650933607 
15 37 1 0.8613705994091658 0.8774831980607615 0.9175344650933607 
16 15 1 0.8633311473532117 0.8774831980607615 0.9175344650933607 
17 38 1 0.8603075093873218 0.8774831980607615 0.9175344650933607 
18 19 1 0.8655282158558425 0.8774831980607615 0.9175344650933607 
19 29 1 0.8607571446164042 0.8774831980607615 0.9175344650933607 
20 30 1 0.8661421957908587 0.8774831980607615 0.9175344650933607 
21 15 1 0.8676198326618528 0.8774831980607615 0.9175344650933607 
22 23 1 0.8654871564563464 0.8774831980607615 0.9175344650933607 
23 27 1 0.8643531579524455 0.8897930977353514 0.9175344650933607 
24 7 1 0.866530674375282 0.8774831980607615 0.9175344650933607 
25 27 1 0.8648269398764401 0.8897930977353514 0.9175344650933607 
26 14 1 0.8649021348748336 0.8897930977353514 0.9175344650933607 
27 37 2 0.8590879708136815 0.8774831980607615 0.9175344650933607 
28 7 1 0.8679879722069788 0.8774831980607615 0.9175344650933607 
29 26 1 0.8648937160056656 0.8774831980607615 0.9175344650933607 
0 195 5 0.6829331465231178 0.8702508378299644 0.8702508378299644 
1 43 3 0.7222137334605739 0.8702508378299644 0.8702508378299644 
2 19 3 0.755929206732759 0.8756643224357423 0.8756643224357423 
3 22 2 0.7853564536580557 0.8691837318980129 0.8756643224357423 
4 32 1 0.8101881413970498 0.8821659507180468 0.8821659507180468 
5 13 2 0.8249044363485329 0.8821659507180468 0.8821659507180468 
6 31 2 0.8290150473727235 0.8821659507180468 0.8821659507180468 
7 25 2 0.8359252942722261 0.8821659507180468 0.8821659507180468 
8 19 2 0.8361982314104286 0.8821659507180468 0.8821659507180468 
9 16 2 0.841566854383744 0.8821659507180468 0.8821659507180468 
10 33 2 0.8476421994602985 0.8821659507180468 0.8821659507180468 
11 15 1 0.8564135277604303 0.8821659507180468 0.8821659507180468 
12 33 1 0.8604385265934908 0.8821659507180468 0.8821659507180468 
13 17 3 0.8653302228900889 0.8821659507180468 0.8821659507180468 
14 17 1 0.8665729339297872 0.8821659507180468 0.8821659507180468 
15 7 1 0.8646698665209168 0.8821659507180468 0.8821659507180468 
16 6 1 0.8735692513905475 0.9182614821619904 0.9182614821619904 
17 10 1 0.8755920502187102 0.9182614821619904 0.9182614821619904 
18 9 1 0.8696741451781511 0.9182614821619904 0.9182614821619904 
19 10 1 0.876057236589481 0.9182614821619904 0.9182614821619904 
20 8 1 0.8806570204594696 0.9182614821619904 0.9182614821619904 
21 8 1 0.886917440293692 0.9182614821619904 0.9182614821619904 
22 12 1 0.8887752375142276 0.9182614821619904 0.9182614821619904 
23 9 1 0.8915622120191862 0.9182614821619904 0.9182614821619904 
24 12 1 0.9020372539520713 0.9182614821619904 0.9182614821619904 
25 6 2 0.9038374175206634 0.9182614821619904 0.9182614821619904 
26 6 1 0.9016048656584391 0.9182614821619904 0.9182614821619904 
27 7 1 0.904984505741325 0.9182614821619904 0.9182614821619904 
28 4 1 0.9049167562570014 0.9182614821619904 0.9182614821619904 
29 4 1 0.9078842543764385 0.9182614821619904 0.9182614821619904 
0 214 5 0.6809291293973374 0.8702508378299644 0.8702508378299644 
1 23 2 0.720337637648798 0.84067305564585 0.8702508378299644 
2 15 2 0.7534063181949388 0.8723338667411938 0.8723338667411938 
3 16 2 0.7688462430079787 0.8723338667411938 0.8723338667411938 
4 16 2 0.7871645250304431 0.8723338667411938 0.8723338667411938 
5 26 2 0.8020599795736675 0.8723338667411938 0.8723338667411938 
6 19 2 0.8104680314173335 0.8723338667411938 0.8723338667411938 
7 25 1 0.8170328179256918 0.8723338667411938 0.8723338667411938 
8 12 1 0.8307847407034964 0.8723338667411938 0.8723338667411938 
9 15 1 0.8386010178179917 0.8723338667411938 0.8723338667411938 
10 25 1 0.8401954808958864 0.8723338667411938 0.8723338667411938 
11 25 1 0.8405556071947857 0.8723338667411938 0.8723338667411938 
12 20 1 0.8442108204544442 0.8723338667411938 0.8723338667411938 
13 12 2 0.8560032257002199 0.8723338667411938 0.8723338667411938 
14 24 1 0.8582688539123003 0.8723338667411938 0.8723338667411938 
15 17 1 0.86077566666894 0.8723338667411938 0.8723338667411938 
16 7 1 0.8629895573178932 0.8723338667411938 0.8723338667411938 
17 22 1 0.8528921506406824 0.8723338667411938 0.8723338667411938 
18 31 1 0.8525884898096165 0.8723338667411938 0.8723338667411938 
19 21 1 0.8540809829747081 0.8723338667411938 0.8723338667411938 
20 20 1 0.8509036763700292 0.8723338667411938 0.8723338667411938 
21 24 1 0.8565722936491182 0.8723338667411938 0.8723338667411938 
22 22 1 0.8550764491245981 0.8723338667411938 0.8723338667411938 
23 21 1 0.8508627653614255 0.8853856856077029 0.8853856856077029 
24 10 1 0.8615416531055641 0.8723338667411938 0.8853856856077029 
25 32 0 0.8506787221066184 0.8723338667411938 0.8853856856077029 
26 16 1 0.854722534250054 0.8723338667411938 0.8853856856077029 
27 20 1 0.8537060995701594 0.8723338667411938 0.8853856856077029 
28 40 1 0.8474483383722899 0.8723338667411938 0.8853856856077029 
29 29 1 0.8490539205261228 0.8723338667411938 0.8853856856077029 
0 215 5 0.6777775448401102 0.8702508378299644 0.8702508378299644 
1 38 3 0.7183943933889216 0.9175344650933607 0.9175344650933607 
2 37 3 0.7517265730209727 0.9000223047477822 0.9175344650933607 
3 19 2 0.7753873683111765 0.900677707775067 0.9175344650933607 
4 9 2 0.7980410269523287 0.8774831980607615 0.9175344650933607 
5 8 2 0.8096083977514137 0.8774831980607615 0.9175344650933607 
6 33 1 0.8173261428727107 0.8774831980607615 0.9175344650933607 
7 21 1 0.8277999375772422 0.8774831980607615 0.9175344650933607 
8 44 2 0.838291569097388 0.8774831980607615 0.9175344650933607 
9 27 1 0.8498767580268972 0.8774831980607615 0.9175344650933607 
10 27 1 0.8631186713663229 0.8774831980607615 0.9175344650933607 
11 42 2 0.8575077657733112 0.8774831980607615 0.9175344650933607 
12 44 2 0.865179606713001 0.8774831980607615 0.9175344650933607 
13 19 3 0.8641418460382795 0.8897930977353514 0.9175344650933607 
14 16 1 0.8673893265968958 0.8897930977353514 0.9175344650933607 
15 16 1 0.8672433838921999 0.8897930977353514 0.9175344650933607 
16 3 1 0.8692976909894332 0.8774831980607615 0.9175344650933607 
17 7 1 0.8699527398400657 0.8897930977353514 0.9175344650933607 
18 15 1 0.8650465050752476 0.8774831980607615 0.9175344650933607 
19 26 1 0.8639917755357698 0.8774831980607615 0.9175344650933607 
20 35 1 0.8585035754798652 0.8774831980607615 0.9175344650933607 
21 23 1 0.8609554237991623 0.8774831980607615 0.9175344650933607 
22 29 1 0.8608725695987397 0.8897930977353514 0.9175344650933607 
23 31 1 0.8653209412544619 0.8774831980607615 0.9175344650933607 
24 20 2 0.8628273641214963 0.8774831980607615 0.9175344650933607 
25 17 2 0.8667610443751521 0.8774831980607615 0.9175344650933607 
26 18 2 0.8638117379619529 0.8774831980607615 0.9175344650933607 
27 32 4 0.8616567399014751 0.8774831980607615 0.9175344650933607 
28 29 1 0.8640447296419468 0.8897930977353514 0.9175344650933607 
29 29 1 0.8672335032348988 0.8897930977353514 0.9175344650933607 
0 186 7 0.6804808670865458 0.84067305564585 0.84067305564585 
1 48 4 0.7199497285909559 0.8702508378299644 0.8702508378299644 
2 23 3 0.7544401331314409 0.8702508378299644 0.8702508378299644 
3 72 3 0.7657850374487225 0.8691837318980129 0.8702508378299644 
4 51 3 0.7836207800727706 0.8702508378299644 0.8702508378299644 
5 28 2 0.8011469227038336 0.8702508378299644 0.8702508378299644 
6 25 2 0.8182538406661705 0.8691837318980129 0.8702508378299644 
7 39 2 0.830307637193354 0.8754122778779627 0.8754122778779627 
8 40 2 0.8367045779690848 0.8691837318980129 0.8754122778779627 
9 35 1 0.8453049641288862 0.8691837318980129 0.8754122778779627 
10 53 2 0.8550814567421122 0.8691837318980129 0.8754122778779627 
11 23 2 0.8576538322782672 0.8691837318980129 0.8754122778779627 
12 37 1 0.8563658766200503 0.8691837318980129 0.8754122778779627 
13 21 4 0.8563755083955571 0.8691837318980129 0.8754122778779627 
14 22 1 0.858527488803108 0.8691837318980129 0.8754122778779627 
15 35 1 0.8543627143057541 0.8754122778779627 0.8754122778779627 
16 12 1 0.8597920771875346 0.8691837318980129 0.8754122778779627 
17 24 1 0.8588843070019943 0.8754122778779627 0.8754122778779627 
18 12 1 0.8550312243018863 0.8754122778779627 0.8754122778779627 
19 19 1 0.8550173551550021 0.8754122778779627 0.8754122778779627 
20 20 1 0.854137725657202 0.8754122778779627 0.8754122778779627 
21 31 1 0.8492942950368735 0.8754122778779627 0.8754122778779627 
22 30 1 0.8534904179935968 0.8871797426837138 0.8871797426837138 
23 23 1 0.8541427597695608 0.8871797426837138 0.8871797426837138 
24 17 1 0.8475266406858798 0.8871797426837138 0.8871797426837138 
25 24 1 0.8484308870890142 0.8871797426837138 0.8871797426837138 
26 19 1 0.8528423095973113 0.8754122778779627 0.8871797426837138 
27 9 1 0.8517239371753027 0.8754122778779627 0.8871797426837138 
28 16 2 0.8581799362916023 0.8754122778779627 0.8871797426837138 
29 12 2 0.8557422753650347 0.8754122778779627 0.8871797426837138 
0 185 6 0.6776517909599178 0.856785394656103 0.856785394656103 
1 42 3 0.7164852605904639 0.84067305564585 0.856785394656103 
2 20 2 0.7511148822527087 0.84067305564585 0.856785394656103 
3 43 2 0.7685809330560344 0.882594974995345 0.882594974995345 
4 13 2 0.7832582139663087 0.8774831980607615 0.882594974995345 
5 32 2 0.796571735110266 0.8774831980607615 0.882594974995345 
6 24 1 0.8101812978700869 0.8774831980607615 0.882594974995345 
7 26 2 0.8229029582207597 0.8774831980607615 0.882594974995345 
8 49 2 0.8216844454112926 0.8774831980607615 0.882594974995345 
9 20 1 0.832795474280497 0.8774831980607615 0.882594974995345 
10 32 2 0.8442458171000328 0.8853856856077029 0.8853856856077029 
11 21 1 0.8530802749758819 0.8853856856077029 0.8853856856077029 
12 16 2 0.8571884832986576 0.8774831980607615 0.8853856856077029 
13 29 3 0.8614029803250743 0.8774831980607615 0.8853856856077029 
14 27 1 0.8635824116372887 0.8897930977353514 0.8897930977353514 
15 52 1 0.8606024889368845 0.8774831980607615 0.8897930977353514 
16 35 2 0.8603865455917721 0.8774831980607615 0.8897930977353514 
17 31 1 0.8606188891737767 0.8774831980607615 0.8897930977353514 
18 31 1 0.8623763582257885 0.8774831980607615 0.8897930977353514 
19 18 1 0.8674695488811425 0.8774831980607615 0.8897930977353514 
20 22 2 0.866777755508265 0.8774831980607615 0.8897930977353514 
21 13 1 0.8636461868871039 0.8774831980607615 0.8897930977353514 
22 24 1 0.8630919771713024 0.8774831980607615 0.8897930977353514 
23 24 1 0.8683538044703907 0.8774831980607615 0.8897930977353514 
24 26 1 0.8601512365208758 0.8774831980607615 0.8897930977353514 
25 26 1 0.8657893083785914 0.8897930977353514 0.8897930977353514 
26 48 1 0.8576799105613024 0.8897930977353514 0.8897930977353514 
27 23 2 0.8609554600396284 0.8897930977353514 0.8897930977353514 
28 15 1 0.8662680268309779 0.8897930977353514 0.8897930977353514 
29 23 1 0.8618566869543217 0.8897930977353514 0.8897930977353514 
0 251 8 0.6747099050786974 0.856785394656103 0.856785394656103 
1 29 4 0.7188233767130896 0.8728665840153356 0.8728665840153356 
2 28 3 0.7460558708002761 0.8821073333331667 0.8821073333331667 
3 42 3 0.7717391482170709 0.8691837318980129 0.8821073333331667 
4 43 3 0.7883630790067417 0.8691837318980129 0.8821073333331667 
5 63 2 0.8083067531372359 0.8916778791590736 0.8916778791590736 
6 58 2 0.8136352409148471 0.8916778791590736 0.8916778791590736 
7 65 2 0.8271999901804179 0.8916778791590736 0.8916778791590736 
8 14 1 0.8411577438133631 0.8916778791590736 0.8916778791590736 
9 53 1 0.8455096345536317 0.8916778791590736 0.8916778791590736 
10 26 1 0.8597656977482334 0.8916778791590736 0.8916778791590736 
11 14 2 0.8599645037353133 0.8916778791590736 0.8916778791590736 
12 27 1 0.86627509822344 0.8916778791590736 0.8916778791590736 
13 28 3 0.870139119502253 0.8916778791590736 0.8916778791590736 
14 43 1 0.8729433139821157 0.8916778791590736 0.8916778791590736 
15 69 2 0.8685759220027375 0.8916778791590736 0.8916778791590736 
16 39 1 0.8732055791616596 0.8916778791590736 0.8916778791590736 
17 48 1 0.8757707136501456 0.8916778791590736 0.8916778791590736 
18 28 0 0.873919886615196 0.8916778791590736 0.8916778791590736 
19 21 1 0.8724078340460601 0.905242829338714 0.905242829338714 
20 32 0 0.8779296701730276 0.905242829338714 0.905242829338714 
21 29 1 0.8756366848007062 0.905242829338714 0.905242829338714 
22 26 1 0.8769036090325716 0.905242829338714 0.905242829338714 
23 29 1 0.8754246210210459 0.905242829338714 0.905242829338714 
24 30 0 0.8789619012592668 0.905242829338714 0.905242829338714 
25 33 1 0.8709014606217366 0.905242829338714 0.905242829338714 
26 37 1 0.8764159108283996 0.8916778791590736 0.905242829338714 
27 21 1 0.8719441482883734 0.8916778791590736 0.905242829338714 
28 31 1 0.874533596142159 0.8916778791590736 0.905242829338714 
29 24 1 0.8680549218746582 0.8916778791590736 0.905242829338714 
0 178 5 0.6886478662259635 0.8702508378299644 0.8702508378299644 
1 34 3 0.7182150912721645 0.8702508378299644 0.8702508378299644 
2 17 2 0.7481601964702334 0.8766161081636286 0.8766161081636286 
3 18 2 0.7770443985666212 0.8766161081636286 0.8766161081636286 
4 33 2 0.7903587014437922 0.8766161081636286 0.8766161081636286 
5 15 1 0.804429189228316 0.8766161081636286 0.8766161081636286 
6 41 2 0.8087221380702201 0.8766161081636286 0.8766161081636286 
7 16 1 0.8268398262536784 0.8766161081636286 0.8766161081636286 
8 28 1 0.8366220868947865 0.8766161081636286 0.8766161081636286 
9 14 2 0.8482042070581224 0.8766161081636286 0.8766161081636286 
10 15 1 0.8587123426167875 0.8766161081636286 0.8766161081636286 
11 13 2 0.8596677508854473 0.8766161081636286 0.8766161081636286 
12 16 1 0.8584424012862386 0.8766161081636286 0.8766161081636286 
13 38 3 0.84916090513244 0.8766161081636286 0.8766161081636286 
14 23 1 0.8578208475526793 0.8766161081636286 0.8766161081636286 
15 25 2 0.8536833732229736 0.8766161081636286 0.8766161081636286 
16 22 1 0.859775934144447 0.8766161081636286 0.8766161081636286 
17 12 1 0.8653336928673854 0.8766161081636286 0.8766161081636286 
18 21 1 0.8633267870433595 0.8766161081636286 0.8766161081636286 
19 35 1 0.858397390439675 0.8766161081636286 0.8766161081636286 
20 26 1 0.8631745613102346 0.8766161081636286 0.8766161081636286 
21 35 1 0.8646971454818092 0.8766161081636286 0.8766161081636286 
22 8 1 0.8638063961188028 0.8766161081636286 0.8766161081636286 
23 22 1 0.8613669600184792 0.8766161081636286 0.8766161081636286 
24 29 1 0.8574449357058742 0.8766161081636286 0.8766161081636286 
25 29 1 0.8604184791885758 0.8766161081636286 0.8766161081636286 
26 37 1 0.8605837079115036 0.8766161081636286 0.8766161081636286 
27 40 1 0.8542230233172549 0.8821659507180468 0.8821659507180468 
28 23 1 0.8557958004182357 0.8821659507180468 0.8821659507180468 
29 34 1 0.8555955311667975 0.8821659507180468 0.8821659507180468 
0 164 5 0.6889294998229698 0.8702508378299644 0.8702508378299644 
1 23 3 0.7301326696877485 0.856785394656103 0.8702508378299644 
2 19 2 0.7631693641925434 0.856785394656103 0.8702508378299644 
3 31 2 0.7909761348087773 0.9175344650933607 0.9175344650933607 
4 17 2 0.8036923283928812 0.8822998394500621 0.9175344650933607 
5 31 2 0.8118236887222491 0.8633075573060673 0.9175344650933607 
6 13 1 0.8231813644510042 0.8633075573060673 0.9175344650933607 
7 26 2 0.8211606961347125 0.8580769667683379 0.9175344650933607 
8 13 1 0.8290556115674867 0.8580769667683379 0.9175344650933607 
9 11 1 0.8301065654753288 0.8580769667683379 0.9175344650933607 
10 22 1 0.8338883968870076 0.8580769667683379 0.9175344650933607 
11 5 1 0.8388040621890172 0.8580769667683379 0.9175344650933607 
12 20 1 0.8366879195628342 0.8580769667683379 0.9175344650933607 
13 19 3 0.8441490320226244 0.8741386341196955 0.9175344650933607 
14 19 1 0.8448520450700917 0.8741386341196955 0.9175344650933607 
15 20 1 0.8411032832887697 0.8741386341196955 0.9175344650933607 
16 10 1 0.8450745455062042 0.8580769667683379 0.9175344650933607 
17 34 1 0.8353419367098753 0.8580769667683379 0.9175344650933607 
18 16 1 0.8406066460452621 0.8580769667683379 0.9175344650933607 
19 18 1 0.841005898707304 0.8741386341196955 0.9175344650933607 
20 24 0 0.8438437616694036 0.8741386341196955 0.9175344650933607 
21 16 1 0.844110581312806 0.8741386341196955 0.9175344650933607 
22 33 1 0.8398764092731976 0.8741386341196955 0.9175344650933607 
23 18 1 0.8422937067355858 0.8741386341196955 0.9175344650933607 
24 16 0 0.8449415841457337 0.8741386341196955 0.9175344650933607 
25 28 1 0.8423623999447245 0.8741386341196955 0.9175344650933607 
26 8 1 0.8431366190077473 0.8741386341196955 0.9175344650933607 
27 13 1 0.8465127999458387 0.8741386341196955 0.9175344650933607 
28 22 1 0.8436955904109432 0.8741386341196955 0.9175344650933607 
29 14 1 0.8429840815417298 0.8741386341196955 0.9175344650933607 
0 242 6 0.6686660307431604 0.8702508378299644 0.8702508378299644 
1 28 3 0.7149974676464879 0.8702508378299644 0.8702508378299644 
2 28 2 0.7634410719069623 0.8898162729284678 0.8898162729284678 
3 12 3 0.7929085661809491 0.8898162729284678 0.8898162729284678 
4 37 2 0.8032548926700983 0.8898162729284678 0.8898162729284678 
5 9 1 0.8209778943999022 0.8898162729284678 0.8898162729284678 
6 20 1 0.8337572444835684 0.8898162729284678 0.8898162729284678 
7 37 1 0.8366744734071169 0.8774831980607615 0.8898162729284678 
8 37 2 0.8418345376413084 0.8774831980607615 0.8898162729284678 
9 22 2 0.8475990401195762 0.8774831980607615 0.8898162729284678 
10 24 1 0.855861101518467 0.8774831980607615 0.8898162729284678 
11 28 1 0.8548615938604947 0.8871797426837138 0.8898162729284678 
12 20 1 0.8587320096809866 0.8774831980607615 0.8898162729284678 
13 36 3 0.8642453096740331 0.8774831980607615 0.8898162729284678 
14 14 1 0.8626624117870427 0.8774831980607615 0.8898162729284678 
15 17 2 0.8631977890834945 0.8774831980607615 0.8898162729284678 
16 48 2 0.8605413789236658 0.8774831980607615 0.8898162729284678 
17 23 1 0.86613109798843 0.8897930977353514 0.8898162729284678 
18 27 1 0.8607372362701419 0.8897930977353514 0.8898162729284678 
19 12 2 0.8679485084057874 0.8897930977353514 0.8898162729284678 
20 12 2 0.8679712785218392 0.8897930977353514 0.8898162729284678 
21 14 1 0.8622185564129856 0.8897930977353514 0.8898162729284678 
22 23 1 0.8626800403898816 0.8897930977353514 0.8898162729284678 
23 10 1 0.8726640202910666 0.8897930977353514 0.8898162729284678 
24 24 1 0.8654032419292421 0.8897930977353514 0.8898162729284678 
25 58 2 0.8590714094962115 0.8897930977353514 0.8898162729284678 
26 17 3 0.8639985966344138 0.8774831980607615 0.8898162729284678 
27 41 1 0.8611261710392466 0.8774831980607615 0.8898162729284678 
28 27 1 0.8619610891528839 0.8774831980607615 0.8898162729284678 
29 25 2 0.8628688684259821 0.8774831980607615 0.8898162729284678 
0 200 5 0.6796684412351709 0.8702508378299644 0.8702508378299644 
1 24 2 0.7235352702383814 0.8818895513811049 0.8818895513811049 
2 36 2 0.7540723021728704 0.8677549162880516 0.8818895513811049 
3 25 2 0.7769011150347177 0.8737361090701 0.8818895513811049 
4 11 1 0.7975085405635559 0.8805189536865453 0.8818895513811049 
5 18 2 0.8047018662144264 0.8805189536865453 0.8818895513811049 
6 7 1 0.8197632637356365 0.8805189536865453 0.8818895513811049 
7 20 1 0.8251622499425831 0.8805189536865453 0.8818895513811049 
8 12 1 0.837117294543008 0.8690383631488159 0.8818895513811049 
9 32 1 0.8395567949713851 0.8690383631488159 0.8818895513811049 
10 34 2 0.844824388030396 0.8690383631488159 0.8818895513811049 
11 54 1 0.8484245595724488 0.8690383631488159 0.8818895513811049 
12 37 1 0.8511536442642842 0.8690383631488159 0.8818895513811049 
13 26 4 0.8516673202268792 0.8690383631488159 0.8818895513811049 
14 14 1 0.8564525377852058 0.8690383631488159 0.8818895513811049 
15 7 2 0.8589186566402596 0.8785911515530082 0.8818895513811049 
16 45 1 0.854826812050079 0.8893131618133047 0.8893131618133047 
17 35 1 0.8545117945487064 0.8785911515530082 0.8893131618133047 
18 11 1 0.8595793932658178 0.8785911515530082 0.8893131618133047 
19 25 1 0.8524053540226231 0.8785911515530082 0.8893131618133047 
20 17 1 0.8575278336419997 0.8893131618133047 0.8893131618133047 
21 28 1 0.8573518318750446 0.8893131618133047 0.8893131618133047 
22 22 1 0.8518999089712568 0.8893131618133047 0.8893131618133047 
23 12 2 0.846182976891295 0.8893131618133047 0.8893131618133047 
24 33 1 0.8511645591170763 0.8893131618133047 0.8893131618133047 
25 19 2 0.8557690455648646 0.8893131618133047 0.8893131618133047 
26 23 1 0.8521116341899697 0.8893131618133047 0.8893131618133047 
27 24 1 0.8558527676413401 0.8893131618133047 0.8893131618133047 
28 33 2 0.8512713348884724 0.8893131618133047 0.8893131618133047 
29 30 2 0.8557619637971616 0.8893131618133047 0.8893131618133047 
0 218 6 0.6755685918484652 0.8702508378299644 0.8702508378299644 
1 19 2 0.7190224682303331 0.8972002034979067 0.8972002034979067 
2 21 3 0.7483329259905936 0.8702508378299644 0.8972002034979067 
3 31 2 0.7711042548978976 0.8805189536865453 0.8972002034979067 
4 15 2 0.7891283516548249 0.8805189536865453 0.8972002034979067 
5 26 2 0.7995922285860473 0.9175344650933607 0.9175344650933607 
6 20 2 0.8126213375713789 0.9175344650933607 0.9175344650933607 
7 42 2 0.8236130619675981 0.8774831980607615 0.9175344650933607 
8 20 2 0.8345944175829151 0.8774831980607615 0.9175344650933607 
9 27 2 0.8422400487984066 0.8774831980607615 0.9175344650933607 
10 27 1 0.8529370405708722 0.8774831980607615 0.9175344650933607 
11 45 2 0.8551389052086882 0.8774831980607615 0.9175344650933607 
12 9 2 0.8612477361066182 0.8774831980607615 0.9175344650933607 
13 27 4 0.8645422697504855 0.8774831980607615 0.9175344650933607 
14 36 1 0.860723741769155 0.8897930977353514 0.9175344650933607 
15 20 1 0.8632088950060351 0.8897930977353514 0.9175344650933607 
16 19 1 0.8697507858498752 0.8897930977353514 0.9175344650933607 
17 13 1 0.8625763372587859 0.8897930977353514 0.9175344650933607 
18 30 2 0.8603341037532135 0.8897930977353514 0.9175344650933607 
19 35 1 0.8599990709495736 0.8774831980607615 0.9175344650933607 
20 20 1 0.8640098989763567 0.8774831980607615 0.9175344650933607 
21 8 1 0.8650910788097851 0.8774831980607615 0.9175344650933607 
22 25 1 0.8610118544350865 0.8774831980607615 0.9175344650933607 
23 28 2 0.8654631753265444 0.8774831980607615 0.9175344650933607 
24 12 2 0.8678879601545364 0.8774831980607615 0.9175344650933607 
25 35 1 0.8649704468817875 0.8774831980607615 0.9175344650933607 
26 20 2 0.8657358279809878 0.8774831980607615 0.9175344650933607 
27 13 1 0.8658774092145025 0.8774831980607615 0.9175344650933607 
28 21 1 0.8639707085074321 0.8774831980607615 0.9175344650933607 
29 35 1 0.8654253937843777 0.8774831980607615 0.9175344650933607 
