0 2453 5 0.7785811144142485 0.923792757355321 0.923792757355321 
1 151 3 0.8557570367031208 0.923792757355321 0.923792757355321 
2 106 1 0.9015279977046187 0.923792757355321 0.923792757355321 
3 57 1 0.9003540447365751 0.923792757355321 0.923792757355321 
4 141 0 0.9005090363192668 0.923792757355321 0.923792757355321 
5 45 1 0.9135905463255791 0.923792757355321 0.923792757355321 
6 92 1 0.9097422503348256 0.923792757355321 0.923792757355321 
7 53 0 0.9107052450786984 0.923792757355321 0.923792757355321 
8 86 0 0.9042723188500085 0.923792757355321 0.923792757355321 
9 29 1 0.9069065337926692 0.923792757355321 0.923792757355321 
10 61 1 0.9031316102646286 0.923792757355321 0.923792757355321 
11 69 0 0.9091684251101536 0.923792757355321 0.923792757355321 
12 56 0 0.9020533591881386 0.923792757355321 0.923792757355321 
13 61 2 0.9079179653810262 0.923792757355321 0.923792757355321 
14 42 1 0.911762125210071 0.923792757355321 0.923792757355321 
15 117 1 0.900573072444404 0.923792757355321 0.923792757355321 
16 115 1 0.9088471176883537 0.923792757355321 0.923792757355321 
17 56 0 0.9055446464629768 0.923792757355321 0.923792757355321 
18 72 0 0.903107688243284 0.923792757355321 0.923792757355321 
19 101 0 0.9111244868312319 0.923792757355321 0.923792757355321 
20 70 1 0.9060116524568954 0.923792757355321 0.923792757355321 
21 68 0 0.901995115023394 0.923792757355321 0.923792757355321 
22 80 0 0.901644399516228 0.923792757355321 0.923792757355321 
23 69 1 0.9019474252341779 0.923792757355321 0.923792757355321 
24 84 0 0.9055644361048324 0.923792757355321 0.923792757355321 
25 111 0 0.8993877553404153 0.923792757355321 0.923792757355321 
26 92 0 0.9102408367750827 0.923792757355321 0.923792757355321 
27 81 0 0.9090796072806222 0.923792757355321 0.923792757355321 
28 139 1 0.9039896780778011 0.923792757355321 0.923792757355321 
29 84 0 0.9080797988387803 0.923792757355321 0.923792757355321 
0 1954 5 0.779365667922527 0.923792757355321 0.923792757355321 
1 62 1 0.8640288404252492 0.923792757355321 0.923792757355321 
2 39 1 0.8981578618492587 0.923792757355321 0.923792757355321 
3 79 1 0.904472046444629 0.923792757355321 0.923792757355321 
4 99 1 0.910780913934074 0.923792757355321 0.923792757355321 
5 51 1 0.9118439258667301 0.923792757355321 0.923792757355321 
6 101 1 0.9029349726295455 0.923792757355321 0.923792757355321 
7 86 0 0.9030767387772464 0.923792757355321 0.923792757355321 
8 130 0 0.8975749402217594 0.923792757355321 0.923792757355321 
9 54 1 0.9033475576654798 0.923792757355321 0.923792757355321 
10 35 0 0.9134665686314029 0.923792757355321 0.923792757355321 
11 66 0 0.909466212977848 0.923792757355321 0.923792757355321 
12 39 1 0.9059255122447506 0.923792757355321 0.923792757355321 
13 72 2 0.9046266839586142 0.923792757355321 0.923792757355321 
14 53 0 0.9091541775000974 0.923792757355321 0.923792757355321 
15 84 0 0.9049819511391185 0.923792757355321 0.923792757355321 
16 67 0 0.9062125928578605 0.923792757355321 0.923792757355321 
17 78 1 0.9059575958530627 0.923792757355321 0.923792757355321 
18 33 0 0.9107953059198809 0.923792757355321 0.923792757355321 
19 72 0 0.900516503719053 0.923792757355321 0.923792757355321 
20 97 0 0.9039268401567989 0.923792757355321 0.923792757355321 
21 68 1 0.9091285548602833 0.923792757355321 0.923792757355321 
22 75 1 0.9102534083707 0.923792757355321 0.923792757355321 
23 101 0 0.9031671216940877 0.923792757355321 0.923792757355321 
24 47 1 0.9090264048495144 0.923792757355321 0.923792757355321 
25 100 1 0.9051294977805341 0.923792757355321 0.923792757355321 
26 116 0 0.9026575835068253 0.923792757355321 0.923792757355321 
27 70 1 0.903654335866593 0.923792757355321 0.923792757355321 
28 80 0 0.9077703397370478 0.923792757355321 0.923792757355321 
29 86 1 0.903787587751048 0.923792757355321 0.923792757355321 
0 1895 4 0.775781775440933 0.923792757355321 0.923792757355321 
1 102 1 0.8541324930257772 0.923792757355321 0.923792757355321 
2 119 1 0.8871959843957851 0.923792757355321 0.923792757355321 
3 38 1 0.906416027417569 0.923792757355321 0.923792757355321 
4 106 1 0.8962065851764868 0.923792757355321 0.923792757355321 
5 41 0 0.90168170469635 0.923792757355321 0.923792757355321 
6 127 0 0.9045519402196744 0.923792757355321 0.923792757355321 
7 87 0 0.897582939616909 0.923792757355321 0.923792757355321 
8 71 0 0.9007687218436702 0.923792757355321 0.923792757355321 
9 80 0 0.9014021141750268 0.923792757355321 0.923792757355321 
10 79 0 0.900845183529864 0.923792757355321 0.923792757355321 
11 24 1 0.9071803139182505 0.923792757355321 0.923792757355321 
12 100 1 0.904170188508767 0.923792757355321 0.923792757355321 
13 41 2 0.907255417100815 0.923792757355321 0.923792757355321 
14 73 0 0.8977419920516085 0.923792757355321 0.923792757355321 
15 106 1 0.9026700976428131 0.923792757355321 0.923792757355321 
16 139 1 0.8955145736236385 0.923792757355321 0.923792757355321 
17 108 0 0.9069456106139387 0.923792757355321 0.923792757355321 
18 60 0 0.8963062273344187 0.923792757355321 0.923792757355321 
19 42 1 0.9020435661900515 0.923792757355321 0.923792757355321 
20 87 0 0.9106582995673915 0.923792757355321 0.923792757355321 
21 115 0 0.9014888385540085 0.923792757355321 0.923792757355321 
22 63 0 0.9046020022244687 0.923792757355321 0.923792757355321 
23 80 0 0.9104864175232515 0.923792757355321 0.923792757355321 
24 84 0 0.897786319237338 0.923792757355321 0.923792757355321 
25 72 0 0.902491530090113 0.923792757355321 0.923792757355321 
26 94 0 0.9056105886176467 0.923792757355321 0.923792757355321 
27 71 1 0.9064825733165867 0.923792757355321 0.923792757355321 
28 115 0 0.9015296861976597 0.923792757355321 0.923792757355321 
29 91 1 0.9030121340362764 0.923792757355321 0.923792757355321 
0 1816 5 0.7527898391079549 0.923792757355321 0.923792757355321 
1 74 1 0.8491082808928878 0.923792757355321 0.923792757355321 
2 97 1 0.8940710169635211 0.923792757355321 0.923792757355321 
3 69 0 0.9035006934577531 0.923792757355321 0.923792757355321 
4 88 1 0.9037665357966382 0.923792757355321 0.923792757355321 
5 84 1 0.90080985280023 0.923792757355321 0.923792757355321 
6 116 1 0.9033328518659296 0.923792757355321 0.923792757355321 
7 55 1 0.9029686821818247 0.923792757355321 0.923792757355321 
8 71 1 0.903170440102302 0.923792757355321 0.923792757355321 
9 74 1 0.9048781112434839 0.923792757355321 0.923792757355321 
10 52 0 0.9044626649937062 0.923792757355321 0.923792757355321 
11 109 1 0.9069524841313641 0.923792757355321 0.923792757355321 
12 103 0 0.902882887827013 0.923792757355321 0.923792757355321 
13 97 2 0.90816466717637 0.923792757355321 0.923792757355321 
14 73 0 0.9013292470222583 0.923792757355321 0.923792757355321 
15 47 0 0.9093364026113793 0.923792757355321 0.923792757355321 
16 113 0 0.9028185558989302 0.923792757355321 0.923792757355321 
17 58 0 0.908135616867712 0.923792757355321 0.923792757355321 
18 82 1 0.9097968113592673 0.923792757355321 0.923792757355321 
19 38 0 0.9038816839655945 0.923792757355321 0.923792757355321 
20 57 0 0.9122283411087985 0.923792757355321 0.923792757355321 
21 94 1 0.9096335558401885 0.923792757355321 0.923792757355321 
22 33 1 0.9090877063822538 0.923792757355321 0.923792757355321 
23 131 0 0.9065217616095999 0.923792757355321 0.923792757355321 
24 85 1 0.9071065797702899 0.923792757355321 0.923792757355321 
25 18 1 0.9115278493858974 0.923792757355321 0.923792757355321 
26 52 0 0.9051675000707783 0.923792757355321 0.923792757355321 
27 66 1 0.9143673449900008 0.923792757355321 0.923792757355321 
28 60 0 0.9012095448384824 0.923792757355321 0.923792757355321 
29 128 0 0.9092966265845028 0.923792757355321 0.923792757355321 
0 2348 6 0.760040880571632 0.923792757355321 0.923792757355321 
1 119 1 0.8358779834915903 0.923792757355321 0.923792757355321 
2 79 1 0.8800439067007129 0.923792757355321 0.923792757355321 
3 35 1 0.9090392788892677 0.923792757355321 0.923792757355321 
4 73 1 0.904540442988929 0.923792757355321 0.923792757355321 
5 123 1 0.8984575875049109 0.923792757355321 0.923792757355321 
6 27 1 0.9088151482569933 0.923792757355321 0.923792757355321 
7 124 1 0.9007112802187303 0.923792757355321 0.923792757355321 
8 112 0 0.9016736048130963 0.923792757355321 0.923792757355321 
9 57 1 0.9062179786547648 0.923792757355321 0.923792757355321 
10 51 0 0.9087867071084849 0.923792757355321 0.923792757355321 
11 115 1 0.9022089279580188 0.923792757355321 0.923792757355321 
12 86 1 0.8980492111672521 0.923792757355321 0.923792757355321 
13 77 2 0.9114533160721546 0.923792757355321 0.923792757355321 
14 116 0 0.90700234805703 0.923792757355321 0.923792757355321 
15 87 0 0.9009340188545774 0.923792757355321 0.923792757355321 
16 90 1 0.9024543291430694 0.923792757355321 0.923792757355321 
17 50 1 0.9074333453796423 0.923792757355321 0.923792757355321 
18 40 0 0.905607909278645 0.923792757355321 0.923792757355321 
19 51 0 0.9051956610722313 0.923792757355321 0.923792757355321 
20 42 0 0.9072921792667795 0.923792757355321 0.923792757355321 
21 60 0 0.9081326252800764 0.923792757355321 0.923792757355321 
22 48 0 0.9106440870407592 0.923792757355321 0.923792757355321 
23 160 1 0.9079139743274354 0.923792757355321 0.923792757355321 
24 31 1 0.9107120545254119 0.923792757355321 0.923792757355321 
25 83 0 0.9020606442499018 0.923792757355321 0.923792757355321 
26 59 1 0.9136764398336286 0.923792757355321 0.923792757355321 
27 37 0 0.9129166784685843 0.923792757355321 0.923792757355321 
28 90 0 0.9080187182225786 0.923792757355321 0.923792757355321 
29 144 0 0.9016926249437163 0.923792757355321 0.923792757355321 
0 2442 5 0.7848828678851654 0.923792757355321 0.923792757355321 
1 121 2 0.872407046724656 0.923792757355321 0.923792757355321 
2 99 1 0.9050373034884924 0.923792757355321 0.923792757355321 
3 119 1 0.9043253357978729 0.923792757355321 0.923792757355321 
4 97 1 0.9061565674922665 0.923792757355321 0.923792757355321 
5 115 0 0.9031262735653375 0.923792757355321 0.923792757355321 
6 74 0 0.9104246031322958 0.923792757355321 0.923792757355321 
7 98 0 0.9073734163072568 0.923792757355321 0.923792757355321 
8 119 1 0.9005054000579028 0.923792757355321 0.923792757355321 
9 124 1 0.8958584855408774 0.923792757355321 0.923792757355321 
10 79 1 0.9037810375058806 0.923792757355321 0.923792757355321 
11 86 1 0.8950059141342882 0.923792757355321 0.923792757355321 
12 32 1 0.9042248175776371 0.923792757355321 0.923792757355321 
13 111 2 0.9073179380113595 0.923792757355321 0.923792757355321 
14 92 0 0.9053088705177301 0.923792757355321 0.923792757355321 
15 128 1 0.899875414293637 0.923792757355321 0.923792757355321 
16 93 1 0.9077679975875852 0.923792757355321 0.923792757355321 
17 136 0 0.9056592495374565 0.923792757355321 0.923792757355321 
18 70 0 0.9070136494195624 0.923792757355321 0.923792757355321 
19 56 0 0.9106772846517428 0.923792757355321 0.923792757355321 
20 88 0 0.9067936350439301 0.923792757355321 0.923792757355321 
21 118 1 0.9037698154381721 0.923792757355321 0.923792757355321 
22 58 1 0.9005772607620743 0.923792757355321 0.923792757355321 
23 103 0 0.9013794558898062 0.923792757355321 0.923792757355321 
24 83 0 0.9008242205221326 0.923792757355321 0.923792757355321 
25 85 1 0.8955178123855163 0.923792757355321 0.923792757355321 
26 101 0 0.8979607701238221 0.923792757355321 0.923792757355321 
27 124 0 0.9019333130410739 0.923792757355321 0.923792757355321 
28 164 0 0.9016765140273496 0.923792757355321 0.923792757355321 
29 58 1 0.904861781122391 0.923792757355321 0.923792757355321 
0 1869 5 0.7722611783908186 0.923792757355321 0.923792757355321 
1 197 1 0.8513337886981605 0.923792757355321 0.923792757355321 
2 132 1 0.8924508790038719 0.923792757355321 0.923792757355321 
3 67 1 0.9044859383002156 0.923792757355321 0.923792757355321 
4 171 0 0.8995443321399378 0.923792757355321 0.923792757355321 
5 49 0 0.9096090887239329 0.923792757355321 0.923792757355321 
6 101 1 0.9029836565581216 0.923792757355321 0.923792757355321 
7 81 0 0.9011067517249213 0.923792757355321 0.923792757355321 
8 20 0 0.9116359718181439 0.923792757355321 0.923792757355321 
9 94 1 0.8999632888297548 0.923792757355321 0.923792757355321 
10 25 1 0.9078005439099219 0.923792757355321 0.923792757355321 
11 108 1 0.9054077830315559 0.923792757355321 0.923792757355321 
12 46 1 0.9119652030749221 0.923792757355321 0.923792757355321 
13 110 2 0.9090663755976781 0.923792757355321 0.923792757355321 
14 64 1 0.9071903752930747 0.923792757355321 0.923792757355321 
15 131 1 0.9045338369458039 0.923792757355321 0.923792757355321 
16 107 1 0.9046105519193093 0.923792757355321 0.923792757355321 
17 27 1 0.9157558979125142 0.923792757355321 0.923792757355321 
18 72 0 0.9081752270054758 0.923792757355321 0.923792757355321 
19 63 1 0.9085789506635048 0.923792757355321 0.923792757355321 
20 89 0 0.9069700232278808 0.923792757355321 0.923792757355321 
21 92 1 0.9001219573563992 0.923792757355321 0.923792757355321 
22 108 0 0.9032880246672004 0.923792757355321 0.923792757355321 
23 82 1 0.9011384341364314 0.923792757355321 0.923792757355321 
24 74 0 0.9052869217544901 0.923792757355321 0.923792757355321 
25 52 1 0.9038022218071465 0.923792757355321 0.923792757355321 
26 79 0 0.9018777752987868 0.923792757355321 0.923792757355321 
27 126 1 0.8960978723170955 0.923792757355321 0.923792757355321 
28 72 0 0.9057901038312228 0.923792757355321 0.923792757355321 
29 57 0 0.8933472404845477 0.923792757355321 0.923792757355321 
0 2011 5 0.8046556760735386 0.923792757355321 0.923792757355321 
1 151 2 0.8691002007308267 0.923792757355321 0.923792757355321 
2 132 1 0.8928481663431905 0.923792757355321 0.923792757355321 
3 133 1 0.9012746618825083 0.923792757355321 0.923792757355321 
4 72 1 0.903831407684857 0.923792757355321 0.923792757355321 
5 102 0 0.9102871882085017 0.923792757355321 0.923792757355321 
6 75 1 0.911954022008991 0.923792757355321 0.923792757355321 
7 84 1 0.9049292518937568 0.923792757355321 0.923792757355321 
8 58 1 0.908611740547855 0.923792757355321 0.923792757355321 
9 48 0 0.9089702792733066 0.923792757355321 0.923792757355321 
10 72 0 0.9075544881068122 0.923792757355321 0.923792757355321 
11 112 1 0.9039279477556015 0.923792757355321 0.923792757355321 
12 124 0 0.9018943862515529 0.923792757355321 0.923792757355321 
13 92 3 0.8996282358248042 0.923792757355321 0.923792757355321 
14 89 0 0.9052814357570221 0.923792757355321 0.923792757355321 
15 82 0 0.9074027152457671 0.923792757355321 0.923792757355321 
16 44 0 0.9017468087553199 0.923792757355321 0.923792757355321 
17 59 1 0.9020558961892806 0.923792757355321 0.923792757355321 
18 59 1 0.9047295569038896 0.923792757355321 0.923792757355321 
19 81 0 0.9103885831817629 0.923792757355321 0.923792757355321 
20 43 0 0.906532253570822 0.923792757355321 0.923792757355321 
21 20 1 0.9146006103862854 0.923792757355321 0.923792757355321 
22 77 0 0.9070790898950469 0.923792757355321 0.923792757355321 
23 69 0 0.9120928130660038 0.923792757355321 0.923792757355321 
24 62 0 0.9177193471162388 0.923792757355321 0.923792757355321 
25 60 0 0.9111620063599085 0.923792757355321 0.923792757355321 
26 107 1 0.8965096370031739 0.923792757355321 0.923792757355321 
27 40 0 0.9084146160979562 0.923792757355321 0.923792757355321 
28 147 1 0.906814565883081 0.923792757355321 0.923792757355321 
29 76 1 0.904013880656279 0.923792757355321 0.923792757355321 
0 1619 5 0.7506374875520065 0.923792757355321 0.923792757355321 
1 122 2 0.8271343084381939 0.923792757355321 0.923792757355321 
2 64 1 0.8728681271325387 0.923792757355321 0.923792757355321 
3 101 0 0.9029548515707017 0.923792757355321 0.923792757355321 
4 35 1 0.9140246621284355 0.923792757355321 0.923792757355321 
5 91 1 0.9084137589314681 0.923792757355321 0.923792757355321 
6 77 1 0.9037036301874973 0.923792757355321 0.923792757355321 
7 111 0 0.9029581969268581 0.923792757355321 0.923792757355321 
8 20 0 0.9081169398433702 0.923792757355321 0.923792757355321 
9 75 1 0.9126265492654797 0.923792757355321 0.923792757355321 
10 47 1 0.9040903758664078 0.923792757355321 0.923792757355321 
11 90 1 0.901449102196874 0.923792757355321 0.923792757355321 
12 69 1 0.8982238329328811 0.923792757355321 0.923792757355321 
13 101 2 0.9020303446522625 0.923792757355321 0.923792757355321 
14 40 0 0.9117046214381831 0.923792757355321 0.923792757355321 
15 78 0 0.9041094438213328 0.923792757355321 0.923792757355321 
16 90 1 0.9067174926929189 0.923792757355321 0.923792757355321 
17 51 0 0.911833706208281 0.923792757355321 0.923792757355321 
18 112 1 0.9058386558885375 0.923792757355321 0.923792757355321 
19 42 0 0.9061891945855884 0.923792757355321 0.923792757355321 
20 37 1 0.9095791363132385 0.923792757355321 0.923792757355321 
21 25 1 0.9080669278674146 0.923792757355321 0.923792757355321 
22 122 0 0.9100919991340569 0.923792757355321 0.923792757355321 
23 65 0 0.9068161948356174 0.923792757355321 0.923792757355321 
24 53 0 0.9081278168055223 0.923792757355321 0.923792757355321 
25 91 0 0.9061010706039077 0.923792757355321 0.923792757355321 
26 44 1 0.911284486843226 0.923792757355321 0.923792757355321 
27 29 0 0.9107430336660342 0.923792757355321 0.923792757355321 
28 43 0 0.9041041736505577 0.923792757355321 0.923792757355321 
29 94 0 0.903763506062162 0.923792757355321 0.923792757355321 
0 2267 5 0.7801516728287414 0.923792757355321 0.923792757355321 
1 57 2 0.8666434951836638 0.923792757355321 0.923792757355321 
2 23 1 0.912358103557463 0.923792757355321 0.923792757355321 
3 72 1 0.9003014373396151 0.923792757355321 0.923792757355321 
4 90 1 0.9049656465955674 0.923792757355321 0.923792757355321 
5 125 1 0.8984620543613201 0.923792757355321 0.923792757355321 
6 105 1 0.9097311330275636 0.923792757355321 0.923792757355321 
7 119 1 0.9071981011926072 0.923792757355321 0.923792757355321 
8 137 1 0.9120141725104678 0.923792757355321 0.923792757355321 
9 115 1 0.9030681552602876 0.923792757355321 0.923792757355321 
10 58 0 0.900259998978683 0.923792757355321 0.923792757355321 
11 59 1 0.9080649998385784 0.923792757355321 0.923792757355321 
12 72 1 0.9073510297608331 0.923792757355321 0.923792757355321 
13 113 2 0.9081642280429587 0.923792757355321 0.923792757355321 
14 84 1 0.9033028642151356 0.923792757355321 0.923792757355321 
15 65 1 0.9011789217829093 0.923792757355321 0.923792757355321 
16 20 0 0.9100710348796658 0.923792757355321 0.923792757355321 
17 47 0 0.9112474131379205 0.923792757355321 0.923792757355321 
18 47 0 0.9072907878940362 0.923792757355321 0.923792757355321 
19 72 1 0.9054159692551557 0.923792757355321 0.923792757355321 
20 75 0 0.9012334710346495 0.923792757355321 0.923792757355321 
21 72 1 0.8988805840575421 0.923792757355321 0.923792757355321 
22 64 0 0.9065255465804776 0.923792757355321 0.923792757355321 
23 53 1 0.9083419377280603 0.923792757355321 0.923792757355321 
24 115 1 0.9023756896071332 0.923792757355321 0.923792757355321 
25 68 0 0.9041614573102966 0.923792757355321 0.923792757355321 
26 92 1 0.9067383434226433 0.923792757355321 0.923792757355321 
27 63 0 0.9066798529280239 0.923792757355321 0.923792757355321 
28 67 1 0.9078095470524778 0.923792757355321 0.923792757355321 
29 109 1 0.9060384040734715 0.923792757355321 0.923792757355321 
0 1918 5 0.779465261361804 0.923792757355321 0.923792757355321 
1 46 1 0.8578035488403251 0.923792757355321 0.923792757355321 
2 85 1 0.8942731836354124 0.923792757355321 0.923792757355321 
3 87 0 0.909178094492123 0.923792757355321 0.923792757355321 
4 117 1 0.9011694160914656 0.923792757355321 0.923792757355321 
5 58 1 0.9120444638782595 0.923792757355321 0.923792757355321 
6 91 1 0.900259084537504 0.923792757355321 0.923792757355321 
7 60 1 0.9106152602590325 0.923792757355321 0.923792757355321 
8 107 1 0.9096173730106797 0.923792757355321 0.923792757355321 
9 64 0 0.9101492508220014 0.923792757355321 0.923792757355321 
10 156 0 0.9015216092063079 0.923792757355321 0.923792757355321 
11 55 1 0.9025896966379225 0.923792757355321 0.923792757355321 
12 61 0 0.9093274763660365 0.923792757355321 0.923792757355321 
13 87 2 0.9035909539316593 0.923792757355321 0.923792757355321 
14 72 1 0.8971669889549527 0.923792757355321 0.923792757355321 
15 93 1 0.9029999586326461 0.923792757355321 0.923792757355321 
16 98 0 0.9054591274176205 0.923792757355321 0.923792757355321 
17 63 1 0.9024645943034577 0.923792757355321 0.923792757355321 
18 100 1 0.9051194814116239 0.923792757355321 0.923792757355321 
19 19 0 0.9191929619461873 0.923792757355321 0.923792757355321 
20 114 0 0.9060653878106091 0.923792757355321 0.923792757355321 
21 49 0 0.9038080162519957 0.923792757355321 0.923792757355321 
22 25 0 0.9045511490134527 0.923792757355321 0.923792757355321 
23 77 1 0.910972533226931 0.923792757355321 0.923792757355321 
24 73 0 0.9059141046979668 0.923792757355321 0.923792757355321 
25 77 0 0.9069641705382907 0.923792757355321 0.923792757355321 
26 59 0 0.9060304988336302 0.923792757355321 0.923792757355321 
27 36 1 0.9068412427550337 0.923792757355321 0.923792757355321 
28 37 1 0.9103320771960073 0.923792757355321 0.923792757355321 
29 53 0 0.9036261069295284 0.923792757355321 0.923792757355321 
0 1879 6 0.7879477198936965 0.923792757355321 0.923792757355321 
1 131 2 0.8568808225896198 0.923792757355321 0.923792757355321 
2 82 1 0.8934712028906808 0.923792757355321 0.923792757355321 
3 143 0 0.9022486993684266 0.923792757355321 0.923792757355321 
4 93 1 0.9107728061336577 0.923792757355321 0.923792757355321 
5 144 1 0.9025439543939272 0.923792757355321 0.923792757355321 
6 117 1 0.893289116706091 0.923792757355321 0.923792757355321 
7 150 1 0.898172728127029 0.923792757355321 0.923792757355321 
8 169 1 0.901669615183302 0.923792757355321 0.923792757355321 
9 54 1 0.9087420986298825 0.923792757355321 0.923792757355321 
10 54 0 0.9112995370931916 0.923792757355321 0.923792757355321 
11 82 1 0.9076415309071051 0.923792757355321 0.923792757355321 
12 106 0 0.8953281391697808 0.923792757355321 0.923792757355321 
13 145 2 0.9020145013013482 0.923792757355321 0.923792757355321 
14 97 1 0.8927122442596541 0.923792757355321 0.923792757355321 
15 98 1 0.8962249411329324 0.923792757355321 0.923792757355321 
16 56 0 0.9045791166193884 0.923792757355321 0.923792757355321 
17 72 0 0.9038630234599521 0.923792757355321 0.923792757355321 
18 71 0 0.9123382701080626 0.923792757355321 0.923792757355321 
19 59 0 0.9137387028479267 0.923792757355321 0.923792757355321 
20 86 0 0.9108562283741354 0.923792757355321 0.923792757355321 
21 105 1 0.9034547754000528 0.923792757355321 0.923792757355321 
22 102 1 0.906270142185358 0.923792757355321 0.923792757355321 
23 100 0 0.9039234813105831 0.923792757355321 0.923792757355321 
24 63 0 0.9001667006495314 0.923792757355321 0.923792757355321 
25 83 1 0.9062177421942681 0.923792757355321 0.923792757355321 
26 73 0 0.897792152532348 0.923792757355321 0.923792757355321 
27 46 1 0.9075397726622115 0.923792757355321 0.923792757355321 
28 28 0 0.914550682309406 0.923792757355321 0.923792757355321 
29 45 0 0.9119398379050907 0.923792757355321 0.923792757355321 
0 1479 5 0.794056150790601 0.923792757355321 0.923792757355321 
1 124 1 0.8587558734791826 0.923792757355321 0.923792757355321 
2 94 1 0.8930830008348167 0.923792757355321 0.923792757355321 
3 74 1 0.9047394306811651 0.923792757355321 0.923792757355321 
4 53 1 0.9065788022360297 0.923792757355321 0.923792757355321 
5 97 0 0.8999878341897778 0.923792757355321 0.923792757355321 
6 61 1 0.9060818672443485 0.923792757355321 0.923792757355321 
7 88 1 0.9084652163153691 0.923792757355321 0.923792757355321 
8 68 0 0.9054322770641137 0.923792757355321 0.923792757355321 
9 73 1 0.9099674814930756 0.923792757355321 0.923792757355321 
10 79 1 0.9087819458977926 0.923792757355321 0.923792757355321 
11 110 0 0.8976654217430894 0.923792757355321 0.923792757355321 
12 77 1 0.9097203828068882 0.923792757355321 0.923792757355321 
13 85 2 0.8996661398176287 0.923792757355321 0.923792757355321 
14 15 0 0.91422175591004 0.923792757355321 0.923792757355321 
15 106 1 0.9037323413948095 0.923792757355321 0.923792757355321 
16 72 0 0.9010583211566519 0.923792757355321 0.923792757355321 
17 119 1 0.9022973550794623 0.923792757355321 0.923792757355321 
18 79 0 0.9025957500863939 0.923792757355321 0.923792757355321 
19 26 1 0.9074473848842072 0.923792757355321 0.923792757355321 
20 79 0 0.9117791908777001 0.923792757355321 0.923792757355321 
21 74 0 0.9059716627169493 0.923792757355321 0.923792757355321 
22 88 1 0.903115642774837 0.923792757355321 0.923792757355321 
23 18 0 0.9125270916654393 0.923792757355321 0.923792757355321 
24 149 0 0.904910362305098 0.923792757355321 0.923792757355321 
25 83 1 0.9050028185021223 0.923792757355321 0.923792757355321 
26 60 0 0.9109258743756479 0.923792757355321 0.923792757355321 
27 60 1 0.9056367453835646 0.923792757355321 0.923792757355321 
28 84 0 0.9004417559753012 0.923792757355321 0.923792757355321 
29 33 1 0.9043409859029677 0.923792757355321 0.923792757355321 
0 2188 5 0.7946947541463508 0.923792757355321 0.923792757355321 
1 143 1 0.8709942332487857 0.923792757355321 0.923792757355321 
2 76 1 0.9000477134182525 0.923792757355321 0.923792757355321 
3 149 1 0.903415813140098 0.923792757355321 0.923792757355321 
4 35 0 0.9065122471614956 0.923792757355321 0.923792757355321 
5 68 1 0.9122147598175359 0.923792757355321 0.923792757355321 
6 159 1 0.904532470788854 0.923792757355321 0.923792757355321 
7 49 1 0.896423796253008 0.923792757355321 0.923792757355321 
8 69 1 0.9082563630100808 0.923792757355321 0.923792757355321 
9 112 0 0.9077223632971105 0.923792757355321 0.923792757355321 
10 77 0 0.9032492423497304 0.923792757355321 0.923792757355321 
11 67 0 0.9105593987298025 0.923792757355321 0.923792757355321 
12 32 0 0.9122697520178256 0.923792757355321 0.923792757355321 
13 97 2 0.9058043573379095 0.923792757355321 0.923792757355321 
14 49 1 0.9070867255890088 0.923792757355321 0.923792757355321 
15 39 0 0.9083136145632983 0.923792757355321 0.923792757355321 
16 122 0 0.9005751322058277 0.923792757355321 0.923792757355321 
17 36 1 0.9148833769847231 0.923792757355321 0.923792757355321 
18 120 1 0.90077108288387 0.923792757355321 0.923792757355321 
19 135 1 0.9027157332823836 0.923792757355321 0.923792757355321 
20 102 0 0.9099546616449362 0.923792757355321 0.923792757355321 
21 82 0 0.9082102247835632 0.923792757355321 0.923792757355321 
22 78 0 0.9125256685866882 0.923792757355321 0.923792757355321 
23 87 1 0.9004106017955092 0.923792757355321 0.923792757355321 
24 130 1 0.8993618649916548 0.923792757355321 0.923792757355321 
25 32 0 0.9173314925491095 0.923792757355321 0.923792757355321 
26 50 0 0.9141084990709794 0.923792757355321 0.923792757355321 
27 82 0 0.9086532779747142 0.923792757355321 0.923792757355321 
28 55 0 0.8976518243557452 0.923792757355321 0.923792757355321 
29 83 1 0.8996683011915203 0.923792757355321 0.923792757355321 
0 2254 5 0.7503486631956462 0.923792757355321 0.923792757355321 
1 120 2 0.8488412684448946 0.923792757355321 0.923792757355321 
2 41 1 0.8901722144725913 0.923792757355321 0.923792757355321 
3 96 1 0.9041808967812792 0.923792757355321 0.923792757355321 
4 86 1 0.9106328164445598 0.923792757355321 0.923792757355321 
5 43 1 0.9142729489237712 0.923792757355321 0.923792757355321 
6 72 0 0.9071437559375143 0.923792757355321 0.923792757355321 
7 42 0 0.9129613772354351 0.923792757355321 0.923792757355321 
8 54 1 0.9084259107508096 0.923792757355321 0.923792757355321 
9 129 1 0.905907026160918 0.923792757355321 0.923792757355321 
10 86 1 0.9085069481376677 0.923792757355321 0.923792757355321 
11 30 0 0.9093100601066945 0.923792757355321 0.923792757355321 
12 101 0 0.9035190782009218 0.923792757355321 0.923792757355321 
13 43 2 0.9113071125702271 0.923792757355321 0.923792757355321 
14 64 0 0.9147463815167884 0.923792757355321 0.923792757355321 
15 71 1 0.9048699049009017 0.923792757355321 0.923792757355321 
16 81 0 0.9057152977330861 0.923792757355321 0.923792757355321 
17 73 0 0.9074887084600295 0.923792757355321 0.923792757355321 
18 99 0 0.9053656766936578 0.923792757355321 0.923792757355321 
19 47 1 0.8983084667211394 0.923792757355321 0.923792757355321 
20 53 0 0.9067321278564654 0.923792757355321 0.923792757355321 
21 78 1 0.9022302141906402 0.923792757355321 0.923792757355321 
22 43 1 0.906210719521305 0.923792757355321 0.923792757355321 
23 64 0 0.9087264893775705 0.923792757355321 0.923792757355321 
24 70 0 0.9099691245106096 0.923792757355321 0.923792757355321 
25 82 1 0.9080929299633757 0.923792757355321 0.923792757355321 
26 72 0 0.9014086986001965 0.923792757355321 0.923792757355321 
27 110 0 0.9044337850444077 0.923792757355321 0.923792757355321 
28 124 1 0.9014566229932135 0.923792757355321 0.923792757355321 
29 101 0 0.9018009755705233 0.923792757355321 0.923792757355321 
0 2285 6 0.7688391553349986 0.923792757355321 0.923792757355321 
1 148 1 0.8479823264476261 0.923792757355321 0.923792757355321 
2 112 1 0.8961509538065168 0.923792757355321 0.923792757355321 
3 151 1 0.8973425886422568 0.923792757355321 0.923792757355321 
4 54 1 0.9054369683027162 0.923792757355321 0.923792757355321 
5 126 1 0.900060683154583 0.923792757355321 0.923792757355321 
6 72 1 0.9060903828766103 0.923792757355321 0.923792757355321 
7 99 1 0.9026638238955524 0.923792757355321 0.923792757355321 
8 93 1 0.9046215431139053 0.923792757355321 0.923792757355321 
9 169 0 0.9039395919656329 0.923792757355321 0.923792757355321 
10 58 0 0.9053396966636911 0.923792757355321 0.923792757355321 
11 76 0 0.9009408607942528 0.923792757355321 0.923792757355321 
12 77 0 0.8984673715522135 0.923792757355321 0.923792757355321 
13 125 2 0.9053298901353705 0.923792757355321 0.923792757355321 
14 71 1 0.9069969129171622 0.923792757355321 0.923792757355321 
15 83 0 0.9032256092855339 0.923792757355321 0.923792757355321 
16 26 1 0.9112907657196883 0.923792757355321 0.923792757355321 
17 82 1 0.9116154724484076 0.923792757355321 0.923792757355321 
18 77 0 0.8995278228562121 0.923792757355321 0.923792757355321 
19 104 1 0.9064510866611566 0.923792757355321 0.923792757355321 
20 85 0 0.9013439323465099 0.923792757355321 0.923792757355321 
21 53 1 0.906327117930618 0.923792757355321 0.923792757355321 
22 11 0 0.9128390793304252 0.923792757355321 0.923792757355321 
23 105 0 0.9002227126586194 0.923792757355321 0.923792757355321 
24 39 0 0.912761449957279 0.923792757355321 0.923792757355321 
25 107 1 0.899934554053214 0.923792757355321 0.923792757355321 
26 133 1 0.9008102415125137 0.923792757355321 0.923792757355321 
27 109 0 0.9053849711271532 0.923792757355321 0.923792757355321 
28 32 1 0.9113533018951895 0.923792757355321 0.923792757355321 
29 78 0 0.9040603512000506 0.923792757355321 0.923792757355321 
0 2080 5 0.7632743207831694 0.923792757355321 0.923792757355321 
1 106 2 0.8254278631574077 0.923792757355321 0.923792757355321 
2 84 1 0.8706006800594683 0.923792757355321 0.923792757355321 
3 79 0 0.8917475459671611 0.923792757355321 0.923792757355321 
4 89 1 0.9012074021952856 0.923792757355321 0.923792757355321 
5 59 1 0.9077628125440492 0.923792757355321 0.923792757355321 
6 49 1 0.908864652088579 0.923792757355321 0.923792757355321 
7 42 0 0.909941769551233 0.923792757355321 0.923792757355321 
8 54 0 0.9078537832983649 0.923792757355321 0.923792757355321 
9 62 0 0.9051911353323819 0.923792757355321 0.923792757355321 
10 50 0 0.9111888124544619 0.923792757355321 0.923792757355321 
11 183 1 0.892334547220474 0.923792757355321 0.923792757355321 
12 138 1 0.8959685977718967 0.923792757355321 0.923792757355321 
13 99 2 0.9045336552253238 0.923792757355321 0.923792757355321 
14 137 0 0.9055688351142325 0.923792757355321 0.923792757355321 
15 49 0 0.9095881338282896 0.923792757355321 0.923792757355321 
16 68 1 0.9125945595084357 0.923792757355321 0.923792757355321 
17 125 0 0.9057703004938437 0.923792757355321 0.923792757355321 
18 24 0 0.9062533847474451 0.923792757355321 0.923792757355321 
19 61 1 0.9040853821468771 0.923792757355321 0.923792757355321 
20 45 0 0.9028520096205358 0.923792757355321 0.923792757355321 
21 41 0 0.9053853874153027 0.923792757355321 0.923792757355321 
22 70 0 0.90709664779181 0.923792757355321 0.923792757355321 
23 43 1 0.9092945796763392 0.923792757355321 0.923792757355321 
24 43 1 0.9063105526051863 0.923792757355321 0.923792757355321 
25 44 0 0.9078843501626906 0.923792757355321 0.923792757355321 
26 41 0 0.9136169099521869 0.923792757355321 0.923792757355321 
27 75 0 0.901165889602385 0.923792757355321 0.923792757355321 
28 82 1 0.9051335876870158 0.923792757355321 0.923792757355321 
29 56 1 0.9118949024696108 0.923792757355321 0.923792757355321 
0 2444 6 0.7539471439356538 0.923792757355321 0.923792757355321 
1 219 3 0.8218048920593312 0.923792757355321 0.923792757355321 
2 64 1 0.8722754928049968 0.923792757355321 0.923792757355321 
3 105 1 0.8916912525580203 0.923792757355321 0.923792757355321 
4 94 1 0.9011943287096693 0.923792757355321 0.923792757355321 
5 58 0 0.9128451333844878 0.923792757355321 0.923792757355321 
6 120 1 0.9005275106719722 0.923792757355321 0.923792757355321 
7 94 1 0.8949773275282469 0.923792757355321 0.923792757355321 
8 52 1 0.9056584231289783 0.923792757355321 0.923792757355321 
9 50 1 0.9105425269757297 0.923792757355321 0.923792757355321 
10 43 1 0.9074881868830019 0.923792757355321 0.923792757355321 
11 85 0 0.9114759245003146 0.923792757355321 0.923792757355321 
12 67 1 0.91041831718489 0.923792757355321 0.923792757355321 
13 62 2 0.9076887190174232 0.923792757355321 0.923792757355321 
14 77 0 0.9038060593675968 0.923792757355321 0.923792757355321 
15 114 1 0.8987400187393502 0.923792757355321 0.923792757355321 
16 183 0 0.8929394170355306 0.923792757355321 0.923792757355321 
17 57 1 0.9046853147424869 0.923792757355321 0.923792757355321 
18 87 1 0.9098469845543964 0.923792757355321 0.923792757355321 
19 17 0 0.9101496965398327 0.923792757355321 0.923792757355321 
20 77 1 0.9051416388697181 0.923792757355321 0.923792757355321 
21 97 1 0.907117094035512 0.923792757355321 0.923792757355321 
22 87 0 0.9024423303537996 0.923792757355321 0.923792757355321 
23 101 1 0.9032150981041868 0.923792757355321 0.923792757355321 
24 65 0 0.9085863765667106 0.923792757355321 0.923792757355321 
25 40 0 0.9077465922330493 0.923792757355321 0.923792757355321 
26 63 0 0.9015518789102467 0.923792757355321 0.923792757355321 
27 62 1 0.9041015935642356 0.923792757355321 0.923792757355321 
28 45 1 0.9064820891536773 0.923792757355321 0.923792757355321 
29 76 0 0.9064232538214657 0.923792757355321 0.923792757355321 
0 2278 6 0.7546992375003297 0.923792757355321 0.923792757355321 
1 180 3 0.8271645148659256 0.923792757355321 0.923792757355321 
2 35 1 0.8894194993244384 0.923792757355321 0.923792757355321 
3 162 1 0.9047836785026706 0.923792757355321 0.923792757355321 
4 61 1 0.9131380773552236 0.923792757355321 0.923792757355321 
5 74 1 0.9023897939984101 0.923792757355321 0.923792757355321 
6 83 1 0.9081420591601218 0.923792757355321 0.923792757355321 
7 130 0 0.9035021154245493 0.923792757355321 0.923792757355321 
8 79 1 0.9075095249970166 0.923792757355321 0.923792757355321 
9 89 1 0.906562824915874 0.923792757355321 0.923792757355321 
10 84 0 0.905042348634326 0.923792757355321 0.923792757355321 
11 36 1 0.9044928081724407 0.923792757355321 0.923792757355321 
12 22 0 0.9054810050347823 0.923792757355321 0.923792757355321 
13 57 2 0.9060434776966397 0.923792757355321 0.923792757355321 
14 119 1 0.9049521256104499 0.923792757355321 0.923792757355321 
15 47 0 0.9097753503868319 0.923792757355321 0.923792757355321 
16 68 0 0.9158667820867267 0.923792757355321 0.923792757355321 
17 49 0 0.9127662096151067 0.923792757355321 0.923792757355321 
18 66 0 0.9034395471632073 0.923792757355321 0.923792757355321 
19 82 0 0.9057084552348441 0.923792757355321 0.923792757355321 
20 67 1 0.9047404561308885 0.923792757355321 0.923792757355321 
21 83 1 0.9039097121582322 0.923792757355321 0.923792757355321 
22 105 1 0.904028835287181 0.923792757355321 0.923792757355321 
23 106 1 0.9006293636257949 0.923792757355321 0.923792757355321 
24 81 0 0.9027820108026029 0.923792757355321 0.923792757355321 
25 118 0 0.9066874266796547 0.923792757355321 0.923792757355321 
26 33 0 0.9065590349938453 0.923792757355321 0.923792757355321 
27 66 1 0.911334176563093 0.923792757355321 0.923792757355321 
28 67 0 0.9087632851245069 0.923792757355321 0.923792757355321 
29 87 0 0.9108058896821626 0.923792757355321 0.923792757355321 
0 2012 5 0.7966145460428288 0.923792757355321 0.923792757355321 
1 109 2 0.8588388318835392 0.923792757355321 0.923792757355321 
2 227 1 0.8987674013493624 0.923792757355321 0.923792757355321 
3 96 1 0.906391512198232 0.923792757355321 0.923792757355321 
4 116 1 0.9033559651166192 0.923792757355321 0.923792757355321 
5 99 0 0.90634299719752 0.923792757355321 0.923792757355321 
6 52 0 0.9122548874369163 0.923792757355321 0.923792757355321 
7 91 0 0.898592848836155 0.923792757355321 0.923792757355321 
8 59 1 0.9047899650449941 0.923792757355321 0.923792757355321 
9 95 0 0.9057079011276831 0.923792757355321 0.923792757355321 
10 58 0 0.9028776439992383 0.923792757355321 0.923792757355321 
11 103 1 0.9022625014665554 0.923792757355321 0.923792757355321 
12 71 1 0.9066276659635076 0.923792757355321 0.923792757355321 
13 18 2 0.908700143529506 0.923792757355321 0.923792757355321 
14 83 1 0.9026370775677661 0.923792757355321 0.923792757355321 
15 105 1 0.9052499409409539 0.923792757355321 0.923792757355321 
16 77 0 0.905423800838778 0.923792757355321 0.923792757355321 
17 57 0 0.9038542976934631 0.923792757355321 0.923792757355321 
18 73 0 0.90151355651089 0.923792757355321 0.923792757355321 
19 66 0 0.9168050024850448 0.923792757355321 0.923792757355321 
20 160 1 0.9044087284035643 0.923792757355321 0.923792757355321 
21 54 1 0.9067338641727202 0.923792757355321 0.923792757355321 
22 83 1 0.9076680833278779 0.923792757355321 0.923792757355321 
23 68 1 0.903731586194588 0.923792757355321 0.923792757355321 
24 78 1 0.9003950237124679 0.923792757355321 0.923792757355321 
25 96 0 0.9079512563026229 0.923792757355321 0.923792757355321 
26 96 1 0.9092143897578954 0.923792757355321 0.923792757355321 
27 46 0 0.9086922974551083 0.923792757355321 0.923792757355321 
28 85 1 0.8951930976710466 0.923792757355321 0.923792757355321 
29 37 1 0.9139819842411314 0.923792757355321 0.923792757355321 
0 1874 5 0.7748751554719735 0.923792757355321 0.923792757355321 
1 36 1 0.8599176989109266 0.923792757355321 0.923792757355321 
2 95 1 0.9007201402584013 0.923792757355321 0.923792757355321 
3 91 0 0.9068315880034671 0.923792757355321 0.923792757355321 
4 49 0 0.9092239316284114 0.923792757355321 0.923792757355321 
5 25 0 0.902974559817697 0.923792757355321 0.923792757355321 
6 69 1 0.9025442539092555 0.923792757355321 0.923792757355321 
7 79 1 0.9065116700843047 0.923792757355321 0.923792757355321 
8 109 1 0.8990122772240593 0.923792757355321 0.923792757355321 
9 91 1 0.9006233431118607 0.923792757355321 0.923792757355321 
10 53 0 0.9086102169818099 0.923792757355321 0.923792757355321 
11 67 1 0.9064839865158126 0.923792757355321 0.923792757355321 
12 78 0 0.9036754661065381 0.923792757355321 0.923792757355321 
13 120 2 0.9043933853787344 0.923792757355321 0.923792757355321 
14 46 0 0.9136712973192331 0.923792757355321 0.923792757355321 
15 37 1 0.9052361338244113 0.923792757355321 0.923792757355321 
16 68 1 0.9072478272376929 0.923792757355321 0.923792757355321 
17 46 1 0.906232847035601 0.923792757355321 0.923792757355321 
18 72 0 0.9053889434775185 0.923792757355321 0.923792757355321 
19 57 0 0.9104194478875114 0.923792757355321 0.923792757355321 
20 39 0 0.9152645060267092 0.923792757355321 0.923792757355321 
21 45 1 0.9040680516700914 0.923792757355321 0.923792757355321 
22 117 0 0.9050815570346247 0.923792757355321 0.923792757355321 
23 85 1 0.8950269782361928 0.923792757355321 0.923792757355321 
24 82 1 0.8959220021796659 0.923792757355321 0.923792757355321 
25 92 0 0.9038384462671968 0.923792757355321 0.923792757355321 
26 55 0 0.9053849051888347 0.923792757355321 0.923792757355321 
27 74 0 0.9117001599064548 0.923792757355321 0.923792757355321 
28 80 0 0.9093029637448277 0.923792757355321 0.923792757355321 
29 102 0 0.9042812494872746 0.923792757355321 0.923792757355321 
0 2311 6 0.7515125225088058 0.923792757355321 0.923792757355321 
1 113 1 0.8444448365802794 0.923792757355321 0.923792757355321 
2 158 1 0.8903715007836699 0.923792757355321 0.923792757355321 
3 60 1 0.8992628458016694 0.923792757355321 0.923792757355321 
4 90 1 0.9039437492762805 0.923792757355321 0.923792757355321 
5 59 1 0.9093487067655254 0.923792757355321 0.923792757355321 
6 100 1 0.9104923490179128 0.923792757355321 0.923792757355321 
7 40 1 0.9047733821764242 0.923792757355321 0.923792757355321 
8 89 0 0.9066495146705418 0.923792757355321 0.923792757355321 
9 55 0 0.9081418022190215 0.923792757355321 0.923792757355321 
10 97 0 0.9017782394647571 0.923792757355321 0.923792757355321 
11 59 0 0.8979510577886252 0.923792757355321 0.923792757355321 
12 88 0 0.897071601269689 0.923792757355321 0.923792757355321 
13 124 2 0.8995921962642126 0.923792757355321 0.923792757355321 
14 91 0 0.9081867141667375 0.923792757355321 0.923792757355321 
15 46 0 0.9111641691488118 0.923792757355321 0.923792757355321 
16 121 1 0.9075242085437254 0.923792757355321 0.923792757355321 
17 82 0 0.8982857031519924 0.923792757355321 0.923792757355321 
18 70 1 0.908245236041937 0.923792757355321 0.923792757355321 
19 84 0 0.9057281803381706 0.923792757355321 0.923792757355321 
20 92 0 0.9028130536920206 0.923792757355321 0.923792757355321 
21 48 1 0.9087244709953969 0.923792757355321 0.923792757355321 
22 90 0 0.8934414331349597 0.923792757355321 0.923792757355321 
23 137 1 0.9026144689018989 0.923792757355321 0.923792757355321 
24 82 1 0.9079078866792015 0.923792757355321 0.923792757355321 
25 112 0 0.901567555876675 0.923792757355321 0.923792757355321 
26 25 1 0.9129375369459646 0.923792757355321 0.923792757355321 
27 154 0 0.8993088680627926 0.923792757355321 0.923792757355321 
28 90 1 0.9100060131548457 0.923792757355321 0.923792757355321 
29 88 0 0.9094905803113928 0.923792757355321 0.923792757355321 
0 2098 5 0.7877563638298106 0.923792757355321 0.923792757355321 
1 141 2 0.836548601574596 0.923792757355321 0.923792757355321 
2 45 1 0.8830036075271533 0.923792757355321 0.923792757355321 
3 81 0 0.9081900671833669 0.923792757355321 0.923792757355321 
4 69 0 0.913159230745615 0.923792757355321 0.923792757355321 
5 75 0 0.9063385604620083 0.923792757355321 0.923792757355321 
6 133 1 0.9039309796670336 0.923792757355321 0.923792757355321 
7 58 1 0.9051764694550742 0.923792757355321 0.923792757355321 
8 72 0 0.9069782178867769 0.923792757355321 0.923792757355321 
9 104 0 0.9086246492742839 0.923792757355321 0.923792757355321 
10 82 1 0.9092560113543864 0.923792757355321 0.923792757355321 
11 116 1 0.8965562287156156 0.923792757355321 0.923792757355321 
12 34 0 0.9104877929015096 0.923792757355321 0.923792757355321 
13 103 2 0.9023651627793845 0.923792757355321 0.923792757355321 
14 42 0 0.9095723883073172 0.923792757355321 0.923792757355321 
15 29 0 0.9118532192409586 0.923792757355321 0.923792757355321 
16 119 0 0.9014947111170349 0.923792757355321 0.923792757355321 
17 101 1 0.9030618929441002 0.923792757355321 0.923792757355321 
18 42 0 0.9136826088024296 0.923792757355321 0.923792757355321 
19 25 1 0.9149016996987985 0.923792757355321 0.923792757355321 
20 50 1 0.9045684636999819 0.923792757355321 0.923792757355321 
21 37 0 0.9121189031220674 0.923792757355321 0.923792757355321 
22 87 0 0.9073385651180393 0.923792757355321 0.923792757355321 
23 47 0 0.9091216561634995 0.923792757355321 0.923792757355321 
24 57 1 0.9044398825992908 0.923792757355321 0.923792757355321 
25 92 0 0.9052883085714335 0.923792757355321 0.923792757355321 
26 67 0 0.9112080520890901 0.923792757355321 0.923792757355321 
27 55 0 0.9124567036582337 0.923792757355321 0.923792757355321 
28 81 0 0.9005387517119694 0.923792757355321 0.923792757355321 
29 129 0 0.9031380208243287 0.923792757355321 0.923792757355321 
0 2155 5 0.7805363726703015 0.923792757355321 0.923792757355321 
1 226 2 0.8539231496970595 0.923792757355321 0.923792757355321 
2 100 0 0.9004850644780659 0.923792757355321 0.923792757355321 
3 215 1 0.895763373137692 0.923792757355321 0.923792757355321 
4 66 1 0.9072259216625931 0.923792757355321 0.923792757355321 
5 94 1 0.8958731645442568 0.923792757355321 0.923792757355321 
6 57 0 0.9108124709454392 0.923792757355321 0.923792757355321 
7 113 1 0.9043768249053761 0.923792757355321 0.923792757355321 
8 72 1 0.9106977682140968 0.923792757355321 0.923792757355321 
9 95 0 0.903753807162378 0.923792757355321 0.923792757355321 
10 73 1 0.9052180822901861 0.923792757355321 0.923792757355321 
11 54 0 0.90623272767805 0.923792757355321 0.923792757355321 
12 61 1 0.908148944518192 0.923792757355321 0.923792757355321 
13 169 2 0.9044925552244152 0.923792757355321 0.923792757355321 
14 66 0 0.9057137155103723 0.923792757355321 0.923792757355321 
15 75 0 0.9013137174136009 0.923792757355321 0.923792757355321 
16 62 0 0.902973140733669 0.923792757355321 0.923792757355321 
17 89 0 0.9073323857293252 0.923792757355321 0.923792757355321 
18 95 0 0.9098531378747297 0.923792757355321 0.923792757355321 
19 80 1 0.9003370037552705 0.923792757355321 0.923792757355321 
20 45 0 0.9130563705142475 0.923792757355321 0.923792757355321 
21 121 0 0.8975419995428345 0.923792757355321 0.923792757355321 
22 162 1 0.9010829957918348 0.923792757355321 0.923792757355321 
23 47 0 0.9091693704462369 0.923792757355321 0.923792757355321 
24 175 0 0.8980458606254534 0.923792757355321 0.923792757355321 
25 69 0 0.9037412899308821 0.923792757355321 0.923792757355321 
26 79 1 0.8954737331478461 0.923792757355321 0.923792757355321 
27 59 1 0.9018910125234469 0.923792757355321 0.923792757355321 
28 40 0 0.9072147306272289 0.923792757355321 0.923792757355321 
29 43 1 0.9041067467586151 0.923792757355321 0.923792757355321 
0 1747 4 0.777801080466105 0.923792757355321 0.923792757355321 
1 112 2 0.8554510323905826 0.923792757355321 0.923792757355321 
2 99 1 0.892728212034275 0.923792757355321 0.923792757355321 
3 118 1 0.9024484015180615 0.923792757355321 0.923792757355321 
4 136 0 0.8956019394906715 0.923792757355321 0.923792757355321 
5 118 1 0.9100574898717515 0.923792757355321 0.923792757355321 
6 75 1 0.9094244050802809 0.923792757355321 0.923792757355321 
7 113 1 0.9079998112397988 0.923792757355321 0.923792757355321 
8 67 0 0.9008298131005952 0.923792757355321 0.923792757355321 
9 61 1 0.9046159186466063 0.923792757355321 0.923792757355321 
10 35 0 0.9125081363651114 0.923792757355321 0.923792757355321 
11 89 1 0.9026835017010861 0.923792757355321 0.923792757355321 
12 95 1 0.9147052927122423 0.923792757355321 0.923792757355321 
13 43 2 0.9137999906023957 0.923792757355321 0.923792757355321 
14 77 0 0.9058732577095996 0.923792757355321 0.923792757355321 
15 52 0 0.9104097700530807 0.923792757355321 0.923792757355321 
16 144 1 0.9082199521555977 0.923792757355321 0.923792757355321 
17 119 0 0.9040226754832732 0.923792757355321 0.923792757355321 
18 123 0 0.8993230597454415 0.923792757355321 0.923792757355321 
19 105 0 0.9050386699625644 0.923792757355321 0.923792757355321 
20 71 0 0.9060939202389545 0.923792757355321 0.923792757355321 
21 85 1 0.9067619564006147 0.923792757355321 0.923792757355321 
22 72 0 0.9085285301780525 0.923792757355321 0.923792757355321 
23 79 1 0.9110984680355375 0.923792757355321 0.923792757355321 
24 135 0 0.9023887764746982 0.923792757355321 0.923792757355321 
25 103 0 0.9034269873643652 0.923792757355321 0.923792757355321 
26 160 0 0.9026320159045885 0.923792757355321 0.923792757355321 
27 81 1 0.9061859499765766 0.923792757355321 0.923792757355321 
28 130 0 0.8995847339599021 0.923792757355321 0.923792757355321 
29 38 1 0.9137795170567021 0.923792757355321 0.923792757355321 
0 1687 6 0.7851320704016027 0.923792757355321 0.923792757355321 
1 94 2 0.8614117737513503 0.923792757355321 0.923792757355321 
2 89 1 0.8888393755254187 0.923792757355321 0.923792757355321 
3 84 0 0.9010557776605923 0.923792757355321 0.923792757355321 
4 36 1 0.9129715081355294 0.923792757355321 0.923792757355321 
5 49 1 0.9076509908908915 0.923792757355321 0.923792757355321 
6 54 1 0.9116002617173007 0.923792757355321 0.923792757355321 
7 62 0 0.9098069776768439 0.923792757355321 0.923792757355321 
8 100 1 0.9068594972641891 0.923792757355321 0.923792757355321 
9 89 0 0.9035524367460037 0.923792757355321 0.923792757355321 
10 103 1 0.8965653977810795 0.923792757355321 0.923792757355321 
11 147 0 0.8996191377004386 0.923792757355321 0.923792757355321 
12 22 0 0.90992098381403 0.923792757355321 0.923792757355321 
13 74 2 0.9087529422934062 0.923792757355321 0.923792757355321 
14 179 1 0.9023533496113982 0.923792757355321 0.923792757355321 
15 57 1 0.9123925037923175 0.923792757355321 0.923792757355321 
16 38 0 0.9137753447061345 0.923792757355321 0.923792757355321 
17 89 1 0.9029949147770836 0.923792757355321 0.923792757355321 
18 55 0 0.9004580280649412 0.923792757355321 0.923792757355321 
19 99 0 0.9008924139060979 0.923792757355321 0.923792757355321 
20 79 0 0.9098540739651291 0.923792757355321 0.923792757355321 
21 59 1 0.9101627507142642 0.923792757355321 0.923792757355321 
22 131 1 0.9021134252631042 0.923792757355321 0.923792757355321 
23 73 0 0.9064270991346715 0.923792757355321 0.923792757355321 
24 35 1 0.9122834688212835 0.923792757355321 0.923792757355321 
25 82 0 0.909301624324363 0.923792757355321 0.923792757355321 
26 84 1 0.9082072313318317 0.923792757355321 0.923792757355321 
27 52 0 0.9104903542244358 0.923792757355321 0.923792757355321 
28 36 0 0.9119573032359175 0.923792757355321 0.923792757355321 
29 41 0 0.9115280997167526 0.923792757355321 0.923792757355321 
0 1825 6 0.7644986976779089 0.923792757355321 0.923792757355321 
1 82 2 0.8348072360223976 0.923792757355321 0.923792757355321 
2 82 1 0.8898140147440046 0.923792757355321 0.923792757355321 
3 93 0 0.901144508405815 0.923792757355321 0.923792757355321 
4 58 1 0.906531198415489 0.923792757355321 0.923792757355321 
5 50 1 0.9028292710701387 0.923792757355321 0.923792757355321 
6 94 1 0.8997722731397068 0.923792757355321 0.923792757355321 
7 39 0 0.91309097768623 0.923792757355321 0.923792757355321 
8 87 0 0.9083688198538126 0.923792757355321 0.923792757355321 
9 117 1 0.9057849394928117 0.923792757355321 0.923792757355321 
10 39 1 0.9123162839467889 0.923792757355321 0.923792757355321 
11 62 0 0.9046558315375473 0.923792757355321 0.923792757355321 
12 88 0 0.9049822040898747 0.923792757355321 0.923792757355321 
13 13 2 0.9120753806717548 0.923792757355321 0.923792757355321 
14 76 0 0.908619171502517 0.923792757355321 0.923792757355321 
15 60 1 0.9011771319251528 0.923792757355321 0.923792757355321 
16 51 0 0.907744920108475 0.923792757355321 0.923792757355321 
17 132 1 0.9017051825334496 0.923792757355321 0.923792757355321 
18 85 1 0.8980324268107851 0.923792757355321 0.923792757355321 
19 137 0 0.9021197722436185 0.923792757355321 0.923792757355321 
20 51 0 0.9109840179182521 0.923792757355321 0.923792757355321 
21 119 1 0.9015956676219166 0.923792757355321 0.923792757355321 
22 79 0 0.9030996066136567 0.923792757355321 0.923792757355321 
23 49 0 0.9096340930747441 0.923792757355321 0.923792757355321 
24 58 1 0.9071181134864515 0.923792757355321 0.923792757355321 
25 117 0 0.8994641450185956 0.923792757355321 0.923792757355321 
26 70 0 0.9031142434325123 0.923792757355321 0.923792757355321 
27 71 0 0.9009048258894404 0.923792757355321 0.923792757355321 
28 43 1 0.9144117824938094 0.923792757355321 0.923792757355321 
29 113 0 0.9032697505330326 0.923792757355321 0.923792757355321 
0 2669 6 0.7875235206999328 0.923792757355321 0.923792757355321 
1 103 2 0.856416350257454 0.923792757355321 0.923792757355321 
2 34 1 0.9024158316912819 0.923792757355321 0.923792757355321 
3 21 1 0.9133878799466649 0.923792757355321 0.923792757355321 
4 87 1 0.9063951596528103 0.923792757355321 0.923792757355321 
5 42 1 0.9052230671687842 0.923792757355321 0.923792757355321 
6 60 1 0.9111113883702926 0.923792757355321 0.923792757355321 
7 70 0 0.9089477033739007 0.923792757355321 0.923792757355321 
8 71 0 0.9090864410365981 0.923792757355321 0.923792757355321 
9 37 1 0.9125774885208113 0.923792757355321 0.923792757355321 
10 68 1 0.9068358215293234 0.923792757355321 0.923792757355321 
11 88 1 0.9114765208241041 0.923792757355321 0.923792757355321 
12 116 1 0.8967863406296149 0.923792757355321 0.923792757355321 
13 44 2 0.9081191070953936 0.923792757355321 0.923792757355321 
14 69 1 0.8984765287387674 0.923792757355321 0.923792757355321 
15 68 1 0.9009628884211157 0.923792757355321 0.923792757355321 
16 115 0 0.8961503899774328 0.923792757355321 0.923792757355321 
17 120 0 0.9009995414227434 0.923792757355321 0.923792757355321 
18 39 1 0.9047728291507456 0.923792757355321 0.923792757355321 
19 21 0 0.9187344187098383 0.923792757355321 0.923792757355321 
20 57 1 0.9029725423512311 0.923792757355321 0.923792757355321 
21 43 0 0.9069844948389613 0.923792757355321 0.923792757355321 
22 35 0 0.9099261541809787 0.923792757355321 0.923792757355321 
23 52 1 0.910549849567924 0.923792757355321 0.923792757355321 
24 106 0 0.9044644788278342 0.923792757355321 0.923792757355321 
25 138 0 0.9037285101839556 0.923792757355321 0.923792757355321 
26 37 0 0.9065193896221743 0.923792757355321 0.923792757355321 
27 50 0 0.9099113860127251 0.923792757355321 0.923792757355321 
28 105 0 0.8989961604661655 0.923792757355321 0.923792757355321 
29 73 0 0.9076773493526751 0.923792757355321 0.923792757355321 
0 2227 5 0.7631653662301311 0.923792757355321 0.923792757355321 
1 146 2 0.8404735570529931 0.923792757355321 0.923792757355321 
2 59 1 0.8938078436371154 0.923792757355321 0.923792757355321 
3 131 1 0.9023992984990338 0.923792757355321 0.923792757355321 
4 116 0 0.9067165131479737 0.923792757355321 0.923792757355321 
5 105 1 0.9076914928398403 0.923792757355321 0.923792757355321 
6 119 1 0.9042711340545029 0.923792757355321 0.923792757355321 
7 70 1 0.9133865189540029 0.923792757355321 0.923792757355321 
8 121 0 0.9027677857951353 0.923792757355321 0.923792757355321 
9 71 1 0.9019509280082167 0.923792757355321 0.923792757355321 
10 77 0 0.9037903683065573 0.923792757355321 0.923792757355321 
11 90 1 0.9043602427875276 0.923792757355321 0.923792757355321 
12 53 1 0.9098593921965061 0.923792757355321 0.923792757355321 
13 58 2 0.9027114927374561 0.923792757355321 0.923792757355321 
14 68 1 0.9065960451446524 0.923792757355321 0.923792757355321 
15 73 1 0.9016684825020994 0.923792757355321 0.923792757355321 
16 74 0 0.896292710445406 0.923792757355321 0.923792757355321 
17 119 1 0.9017750807750454 0.923792757355321 0.923792757355321 
18 69 0 0.9101963458153095 0.923792757355321 0.923792757355321 
19 93 0 0.9040425272294493 0.923792757355321 0.923792757355321 
20 56 0 0.9097652226051526 0.923792757355321 0.923792757355321 
21 113 0 0.9062421154911359 0.923792757355321 0.923792757355321 
22 63 0 0.907359647249057 0.923792757355321 0.923792757355321 
23 25 0 0.9061603890598374 0.923792757355321 0.923792757355321 
24 32 1 0.9057578106440322 0.923792757355321 0.923792757355321 
25 123 0 0.9014215288487601 0.923792757355321 0.923792757355321 
26 26 1 0.91304298956106 0.923792757355321 0.923792757355321 
27 28 0 0.9156606530182511 0.923792757355321 0.923792757355321 
28 109 0 0.8981600025154516 0.923792757355321 0.923792757355321 
29 66 1 0.9068193148496482 0.923792757355321 0.923792757355321 
0 2177 5 0.7881334435452844 0.923792757355321 0.923792757355321 
1 105 2 0.849681774089144 0.923792757355321 0.923792757355321 
2 50 1 0.8909150677009293 0.923792757355321 0.923792757355321 
3 117 1 0.9080551708843589 0.923792757355321 0.923792757355321 
4 78 1 0.907399249019758 0.923792757355321 0.923792757355321 
5 103 1 0.90297648828483 0.923792757355321 0.923792757355321 
6 90 1 0.9006080853939896 0.923792757355321 0.923792757355321 
7 25 0 0.9119754552538889 0.923792757355321 0.923792757355321 
8 43 1 0.9127591491052898 0.923792757355321 0.923792757355321 
9 74 1 0.9060379816773998 0.923792757355321 0.923792757355321 
10 136 0 0.9032410232360677 0.923792757355321 0.923792757355321 
11 66 0 0.9039527726903317 0.923792757355321 0.923792757355321 
12 49 1 0.9064038150709952 0.923792757355321 0.923792757355321 
13 110 2 0.9082612126203058 0.923792757355321 0.923792757355321 
14 139 0 0.9039457425223344 0.923792757355321 0.923792757355321 
15 60 1 0.9071016930080613 0.923792757355321 0.923792757355321 
16 119 0 0.9022993666274474 0.923792757355321 0.923792757355321 
17 19 0 0.9087668391153565 0.923792757355321 0.923792757355321 
18 38 1 0.9104303808366104 0.923792757355321 0.923792757355321 
19 90 0 0.903086525660542 0.923792757355321 0.923792757355321 
20 41 1 0.9154539986297265 0.923792757355321 0.923792757355321 
21 14 0 0.9142147932659858 0.923792757355321 0.923792757355321 
22 153 0 0.8997331207994971 0.923792757355321 0.923792757355321 
23 81 1 0.9030902765250383 0.923792757355321 0.923792757355321 
24 71 1 0.9062189599183348 0.923792757355321 0.923792757355321 
25 143 0 0.9035415811198025 0.923792757355321 0.923792757355321 
26 71 1 0.9030785232705193 0.923792757355321 0.923792757355321 
27 99 1 0.9075337080172181 0.923792757355321 0.923792757355321 
28 89 1 0.9133480666553563 0.923792757355321 0.923792757355321 
29 86 1 0.9003311376569152 0.923792757355321 0.923792757355321 
