0 1245 76 0.5008103036398857 0.6036903441754222 0.6036903441754222 
1 523 17 0.515002529510743 0.6276099403819697 0.6276099403819697 
2 235 15 0.5287349970804093 0.6284126608647497 0.6284126608647497 
3 147 10 0.5420161186575604 0.6342097061447471 0.6342097061447471 
4 228 10 0.551877311606681 0.6795690840821849 0.6795690840821849 
5 206 10 0.5640457780145549 0.6986308754654048 0.6986308754654048 
6 170 9 0.5826138668327928 0.7446626214971508 0.7446626214971508 
7 166 11 0.5944517550556845 0.6986308754654048 0.7446626214971508 
8 335 10 0.604643542803501 0.7064023578194412 0.7446626214971508 
9 168 8 0.63067085896011 0.7266306827352662 0.7446626214971508 
10 176 9 0.6465671993842274 0.7446626214971508 0.7446626214971508 
11 181 8 0.6579063686347584 0.7456428091930354 0.7456428091930354 
12 179 8 0.6698008587631432 0.7456428091930354 0.7456428091930354 
13 99 10 0.6841619822247104 0.7456428091930354 0.7456428091930354 
14 105 7 0.6969961822483307 0.749487794214804 0.749487794214804 
15 212 9 0.7097424716621437 0.7550500264836422 0.7550500264836422 
16 223 9 0.71382728179026 0.7550500264836422 0.7550500264836422 
17 172 8 0.7217140213282944 0.7550500264836422 0.7550500264836422 
18 297 9 0.7252980194987007 0.7550500264836422 0.7550500264836422 
19 203 9 0.7315190433488853 0.7550500264836422 0.7550500264836422 
20 129 8 0.7344954546530835 0.7550500264836422 0.7550500264836422 
21 143 7 0.7360081386216697 0.7550500264836422 0.7550500264836422 
22 243 9 0.7317795193629819 0.7550500264836422 0.7550500264836422 
23 183 7 0.7351399144852451 0.7550500264836422 0.7550500264836422 
24 191 7 0.7345546623315515 0.7550500264836422 0.7550500264836422 
25 303 8 0.7315457521597886 0.7550500264836422 0.7550500264836422 
26 222 9 0.7376045305893766 0.7550500264836422 0.7550500264836422 
27 82 6 0.7432252475230082 0.7550500264836422 0.7550500264836422 
28 212 8 0.7366082898705898 0.7550500264836422 0.7550500264836422 
29 120 6 0.7409904227183424 0.7550500264836422 0.7550500264836422 
0 1166 41 0.504727256050456 0.6036903441754222 0.6036903441754222 
1 225 17 0.5253677805981646 0.6035835997132948 0.6036903441754222 
2 228 14 0.5371084108056732 0.6663774838094931 0.6663774838094931 
3 246 10 0.5534593766565591 0.6785013842387901 0.6785013842387901 
4 310 12 0.5648486959298472 0.6785013842387901 0.6785013842387901 
5 154 16 0.5822716541250942 0.7006294416782652 0.7006294416782652 
6 174 11 0.5962925129844766 0.7006294416782652 0.7006294416782652 
7 196 11 0.612975591354922 0.7064023578194413 0.7064023578194413 
8 209 11 0.6291790610881178 0.7365467854221416 0.7365467854221416 
9 150 10 0.6446072789406527 0.7374607905997262 0.7374607905997262 
10 236 9 0.65567051304182 0.7446058815932874 0.7446058815932874 
11 189 9 0.6678928995759503 0.7456097841409433 0.7456097841409433 
12 205 12 0.6726440678014524 0.7456097841409433 0.7456097841409433 
13 257 10 0.6813037699199043 0.7456097841409433 0.7456097841409433 
14 170 11 0.6932600273670831 0.7456097841409433 0.7456097841409433 
15 153 10 0.7036428274876397 0.7539941518747231 0.7539941518747231 
16 200 11 0.7053796220894993 0.7539941518747231 0.7539941518747231 
17 202 11 0.7149621573004056 0.7539941518747231 0.7539941518747231 
18 144 6 0.7289381892493065 0.7539941518747231 0.7539941518747231 
19 78 8 0.7368143935218527 0.7539941518747231 0.7539941518747231 
20 108 5 0.7417874285782685 0.7539941518747231 0.7539941518747231 
21 194 7 0.7375487302959219 0.7539941518747231 0.7539941518747231 
22 120 8 0.7351845430573526 0.7539941518747231 0.7539941518747231 
23 108 6 0.7415530504338573 0.7539941518747231 0.7539941518747231 
24 211 6 0.7319763637547407 0.7539941518747231 0.7539941518747231 
25 214 7 0.7326524699767611 0.7539941518747231 0.7539941518747231 
26 225 8 0.7293223889807391 0.7539941518747231 0.7539941518747231 
27 228 6 0.7362614654491674 0.7539941518747231 0.7539941518747231 
28 162 7 0.7392049004910594 0.7539941518747231 0.7539941518747231 
29 137 6 0.7442467251375097 0.7539941518747231 0.7539941518747231 
0 1266 46 0.5043945170254167 0.6035835997132948 0.6035835997132948 
1 277 18 0.5185774766222304 0.6430163749907005 0.6430163749907005 
2 269 14 0.5288694467570099 0.6418614708111836 0.6430163749907005 
3 366 13 0.54015259498454 0.642906851408307 0.6430163749907005 
4 112 12 0.5521468147317004 0.6327045568204732 0.6430163749907005 
5 100 12 0.5678345664226956 0.6994148376391631 0.6994148376391631 
6 200 11 0.5793367643456389 0.678193133781454 0.6994148376391631 
7 247 13 0.5903507763148463 0.7001423508666763 0.7001423508666763 
8 193 11 0.6046669180610716 0.7028321756423606 0.7028321756423606 
9 189 11 0.6175328567706915 0.7028321756423606 0.7028321756423606 
10 175 10 0.6314043287056748 0.7450191927189056 0.7450191927189056 
11 214 10 0.6390069924788151 0.7495914349016197 0.7495914349016197 
12 231 11 0.6506465593514199 0.7495914349016197 0.7495914349016197 
13 185 9 0.6627770489584109 0.7495914349016197 0.7495914349016197 
14 256 10 0.66907764674431 0.7539941518747231 0.7539941518747231 
15 305 11 0.675531659821113 0.7539941518747231 0.7539941518747231 
16 255 8 0.6929437838994171 0.7539941518747231 0.7539941518747231 
17 194 8 0.7010229537585999 0.7690990741430845 0.7690990741430845 
18 246 8 0.7119939174652555 0.7690990741430845 0.7690990741430845 
19 296 10 0.719474185312936 0.7690990741430845 0.7690990741430845 
20 160 8 0.737537715947861 0.7864053666929629 0.7864053666929629 
21 167 7 0.7444156132970302 0.7864053666929629 0.7864053666929629 
22 290 8 0.7390401561173598 0.7864053666929629 0.7864053666929629 
23 311 7 0.7445589936741013 0.7864053666929629 0.7864053666929629 
24 143 7 0.7561702032920501 0.7979145108086808 0.7979145108086808 
25 165 7 0.7617212764215533 0.7979145108086808 0.7979145108086808 
26 247 7 0.7644422296450044 0.7979145108086808 0.7979145108086808 
27 170 7 0.7690358626012096 0.7979145108086808 0.7979145108086808 
28 129 7 0.7761549661129328 0.7979145108086808 0.7979145108086808 
29 136 6 0.7820611569414513 0.7979145108086808 0.7979145108086808 
0 1433 63 0.49580599292058136 0.5907467100615487 0.5907467100615487 
1 290 23 0.5144590726575641 0.5953561204788824 0.5953561204788824 
2 273 15 0.5348380507314361 0.6448524925421641 0.6448524925421641 
3 191 13 0.5515736399615205 0.7006345081456083 0.7006345081456083 
4 130 12 0.5648971278143814 0.7006345081456083 0.7006345081456083 
5 292 12 0.5751349174663821 0.7375543495390264 0.7375543495390264 
6 169 11 0.5918140905251031 0.7375543495390264 0.7375543495390264 
7 221 11 0.6072524982005659 0.7375543495390264 0.7375543495390264 
8 168 10 0.62999539045234 0.7375543495390264 0.7375543495390264 
9 119 10 0.6497163382648482 0.7446626214971508 0.7446626214971508 
10 242 10 0.656694241822048 0.7495615798699043 0.7495615798699043 
11 283 13 0.662686118914478 0.7495914349016197 0.7495914349016197 
12 250 11 0.6711024529138606 0.7541638600028904 0.7541638600028904 
13 127 10 0.6926723734381041 0.7524712142308564 0.7541638600028904 
14 116 10 0.7138536969452968 0.7524712142308564 0.7541638600028904 
15 298 13 0.7120724598366382 0.7524712142308564 0.7541638600028904 
16 213 15 0.7249133475453413 0.7524712142308564 0.7541638600028904 
17 196 11 0.7305874993291771 0.7524712142308564 0.7541638600028904 
18 104 9 0.7393714924038018 0.7550500264836422 0.7550500264836422 
19 170 9 0.7356923069355207 0.7550500264836422 0.7550500264836422 
20 229 8 0.7370038249326766 0.7550500264836422 0.7550500264836422 
21 157 8 0.737695082726442 0.7550500264836422 0.7550500264836422 
22 211 7 0.7375125021560851 0.7550500264836422 0.7550500264836422 
23 144 7 0.7386374577773406 0.7550500264836422 0.7550500264836422 
24 184 9 0.7400998117927727 0.7550500264836422 0.7550500264836422 
25 191 8 0.7352196993239072 0.7550500264836422 0.7550500264836422 
26 284 7 0.7339403154240451 0.7550500264836422 0.7550500264836422 
27 210 8 0.7370370255009532 0.7550500264836422 0.7550500264836422 
28 171 8 0.7364455662578092 0.7550500264836422 0.7550500264836422 
29 221 8 0.7416608490531977 0.7550500264836422 0.7550500264836422 
0 1257 56 0.496721523877071 0.6036903441754222 0.6036903441754222 
1 278 20 0.5170520996339254 0.6138046751790964 0.6138046751790964 
2 213 14 0.5311058583922357 0.6138046751790964 0.6138046751790964 
3 248 13 0.5429027180358029 0.6281728301722515 0.6281728301722515 
4 108 11 0.5555486632924844 0.6191695215595678 0.6281728301722515 
5 234 12 0.5663839468703654 0.6665316222662991 0.6665316222662991 
6 131 10 0.5824182497253165 0.6889471196116295 0.6889471196116295 
7 270 12 0.5912073757589755 0.698738953863375 0.698738953863375 
8 172 11 0.605850298772045 0.7375543495390264 0.7375543495390264 
9 199 16 0.6190793362331936 0.7375543495390264 0.7375543495390264 
10 235 10 0.6321532901227905 0.7347628808975231 0.7375543495390264 
11 234 10 0.6482672929825136 0.7758995194726347 0.7758995194726347 
12 122 12 0.657327812446522 0.7758995194726347 0.7758995194726347 
13 146 11 0.6684083727465588 0.7758995194726347 0.7758995194726347 
14 191 9 0.6828841105422205 0.7776988151377653 0.7776988151377653 
15 175 11 0.69032291530692 0.7776988151377653 0.7776988151377653 
16 159 10 0.700210021439419 0.7776988151377653 0.7776988151377653 
17 178 8 0.7143436510094662 0.7776988151377653 0.7776988151377653 
18 245 8 0.7159853160794782 0.7776988151377653 0.7776988151377653 
19 238 10 0.7213957420555067 0.7776988151377653 0.7776988151377653 
20 157 6 0.7388786474421173 0.7776988151377653 0.7776988151377653 
21 210 8 0.7354134517503605 0.7776988151377653 0.7776988151377653 
22 143 6 0.7457238450778739 0.7776988151377653 0.7776988151377653 
23 179 6 0.7510921539752964 0.7776988151377653 0.7776988151377653 
24 176 6 0.7557682467822895 0.7776988151377653 0.7776988151377653 
25 146 5 0.7593958321594851 0.7776988151377653 0.7776988151377653 
26 156 5 0.763853227385113 0.7776988151377653 0.7776988151377653 
27 120 4 0.7653531327105669 0.7776988151377653 0.7776988151377653 
28 144 5 0.761800911163321 0.7776988151377653 0.7776988151377653 
29 260 6 0.7548796592609639 0.7776988151377653 0.7776988151377653 
0 1371 86 0.4924772203605329 0.6036903441754223 0.6036903441754223 
1 234 21 0.5124863412980147 0.5930631760929653 0.6036903441754223 
2 378 15 0.5220984107746518 0.5935383660440618 0.6036903441754223 
3 244 13 0.5367598447414794 0.6438292794405364 0.6438292794405364 
4 137 11 0.5529411261557489 0.6438292794405364 0.6438292794405364 
5 179 13 0.5658357778569296 0.6594018041444528 0.6594018041444528 
6 256 12 0.5791819123987996 0.7042866490417091 0.7042866490417091 
7 144 12 0.5990098234043547 0.7042866490417091 0.7042866490417091 
8 261 13 0.6114322465794705 0.7289901011532613 0.7289901011532613 
9 144 10 0.6320383587764137 0.7379522861019444 0.7379522861019444 
10 261 12 0.6432572125434766 0.7379522861019444 0.7379522861019444 
11 321 14 0.655840743178171 0.7417989096720922 0.7417989096720922 
12 233 14 0.6635179394025732 0.7481199034619026 0.7481199034619026 
13 184 11 0.6805307355845287 0.7481199034619026 0.7481199034619026 
14 293 13 0.6873318717776185 0.7481199034619026 0.7481199034619026 
15 201 10 0.702097554687266 0.7524712142308564 0.7524712142308564 
16 177 11 0.7155573330988629 0.7524712142308564 0.7524712142308564 
17 207 9 0.7196671725208929 0.7524712142308564 0.7524712142308564 
18 146 9 0.7256401988418852 0.7550500264836422 0.7550500264836422 
19 222 8 0.7305171784444069 0.7550500264836422 0.7550500264836422 
20 121 8 0.7338283286395771 0.7550500264836422 0.7550500264836422 
21 211 7 0.7312705531135475 0.7550500264836422 0.7550500264836422 
22 184 7 0.733440234989512 0.7550500264836422 0.7550500264836422 
23 143 7 0.737371822436151 0.7550500264836422 0.7550500264836422 
24 72 6 0.740752689905016 0.7550500264836422 0.7550500264836422 
25 218 8 0.72905908829499 0.7550500264836422 0.7550500264836422 
26 150 6 0.7357794965562402 0.7550500264836422 0.7550500264836422 
27 120 8 0.7452894587554694 0.7550500264836422 0.7550500264836422 
28 165 7 0.737343833041778 0.7550500264836422 0.7550500264836422 
29 111 5 0.7449577055332479 0.7550500264836422 0.7550500264836422 
0 1247 46 0.5064692695206141 0.6036903441754222 0.6036903441754222 
1 216 20 0.5265347290497927 0.6088681047647184 0.6088681047647184 
2 249 14 0.5421981285914818 0.6235096587481843 0.6235096587481843 
3 280 12 0.55872679630421 0.6841219468939762 0.6841219468939762 
4 303 14 0.5723932462252124 0.6740627614704671 0.6841219468939762 
5 147 12 0.5919216630277121 0.6685874552783524 0.6841219468939762 
6 268 12 0.6078075251211602 0.6950248304470074 0.6950248304470074 
7 205 11 0.6251438803874424 0.6995330816077945 0.6995330816077945 
8 166 10 0.6395506107067224 0.7322303237905087 0.7322303237905087 
9 214 9 0.6527977900012693 0.7322303237905086 0.7322303237905087 
10 170 8 0.6662921565474895 0.7330132985323207 0.7330132985323207 
11 143 10 0.6737418726889252 0.7330132985323207 0.7330132985323207 
12 144 10 0.6845649981742054 0.7495914349016197 0.7495914349016197 
13 344 14 0.6795376991908131 0.7776988151377653 0.7776988151377653 
14 272 11 0.6977494347287073 0.7776988151377653 0.7776988151377653 
15 185 10 0.7111376233625444 0.7776988151377653 0.7776988151377653 
16 103 8 0.7247402978299816 0.7776988151377653 0.7776988151377653 
17 157 7 0.7322179403211427 0.7776988151377653 0.7776988151377653 
18 248 8 0.7302166392493732 0.7776988151377653 0.7776988151377653 
19 188 6 0.7466132719113091 0.7776988151377653 0.7776988151377653 
20 211 7 0.7482864039036231 0.7776988151377653 0.7776988151377653 
21 77 5 0.7627321232866613 0.7776988151377653 0.7776988151377653 
22 121 4 0.7652995972905969 0.7776988151377653 0.7776988151377653 
23 109 4 0.763201701956034 0.7776988151377653 0.7776988151377653 
24 226 5 0.7528836338618069 0.7776988151377653 0.7776988151377653 
25 203 6 0.7531256866100733 0.7776988151377653 0.7776988151377653 
26 217 5 0.7602070289742485 0.7776988151377653 0.7776988151377653 
27 97 4 0.766662932274927 0.7776988151377653 0.7776988151377653 
28 84 4 0.7661002547096395 0.7776988151377653 0.7776988151377653 
29 80 3 0.7709377661828566 0.7776988151377653 0.7776988151377653 
0 1175 47 0.5048626658605367 0.6035835997132947 0.6035835997132947 
1 377 20 0.5168968618443629 0.6035835997132947 0.6035835997132947 
2 263 12 0.5305805228845127 0.6138046751790964 0.6138046751790964 
3 201 13 0.5400211880962069 0.6269503263818722 0.6269503263818722 
4 246 14 0.5503546371689605 0.6585415641019681 0.6585415641019681 
5 237 12 0.5547726309996162 0.6436098004481207 0.6585415641019681 
6 168 11 0.5754973239821103 0.6775710245704458 0.6775710245704458 
7 100 9 0.595512026940408 0.6985050140762761 0.6985050140762761 
8 127 11 0.603406049586781 0.6985050140762761 0.6985050140762761 
9 201 10 0.6190819293586156 0.698738953863375 0.698738953863375 
10 141 10 0.6334715797456455 0.6996373506951061 0.6996373506951061 
11 159 9 0.6479867533599171 0.7587299453949574 0.7587299453949574 
12 180 8 0.6641089208210808 0.759598000950513 0.759598000950513 
13 246 9 0.6724525356737611 0.759598000950513 0.759598000950513 
14 141 7 0.6927527923536247 0.759598000950513 0.759598000950513 
15 92 7 0.7125783874682919 0.759598000950513 0.759598000950513 
16 168 8 0.7194505934065503 0.7796853441420142 0.7796853441420142 
17 121 7 0.7313373250076376 0.7802061774753475 0.7802061774753475 
18 157 8 0.7318786622114248 0.7802061774753475 0.7802061774753475 
19 109 7 0.7487786472466328 0.7805533996975698 0.7805533996975698 
20 229 7 0.7478198438587238 0.7979145108086808 0.7979145108086808 
21 221 7 0.7507472113996971 0.7979145108086808 0.7979145108086808 
22 237 6 0.7508997339926745 0.7979145108086808 0.7979145108086808 
23 154 7 0.7601745399394431 0.7979145108086808 0.7979145108086808 
24 91 6 0.7718098747669668 0.7979145108086808 0.7979145108086808 
25 163 6 0.7762896432647571 0.7979145108086808 0.7979145108086808 
26 122 6 0.7847983203038359 0.7979145108086808 0.7979145108086808 
27 191 6 0.774225098121385 0.7979145108086808 0.7979145108086808 
28 185 6 0.7764710592062002 0.7979145108086808 0.7979145108086808 
29 222 6 0.779296761536423 0.7979145108086808 0.7979145108086808 
0 1100 49 0.5029066834621354 0.6036903441754223 0.6036903441754223 
1 275 17 0.5243138285009304 0.6036903441754223 0.6036903441754223 
2 298 10 0.5405528179009211 0.6664555183988935 0.6664555183988935 
3 171 11 0.5520137676798784 0.6664555183988935 0.6664555183988935 
4 240 10 0.5654008826254163 0.6657655431786347 0.6664555183988935 
5 138 9 0.5813135837643946 0.6889471196116295 0.6889471196116295 
6 141 9 0.5943631153441163 0.668125094135346 0.6889471196116295 
7 199 9 0.608853790390702 0.6837487382908217 0.6889471196116295 
8 253 10 0.6202673518062849 0.6896787664370263 0.6896787664370263 
9 253 9 0.6289260722496014 0.7125354736932934 0.7125354736932934 
10 194 8 0.6440977833671419 0.7374305884356485 0.7374305884356485 
11 198 8 0.6514603521047738 0.7464011224494604 0.7464011224494604 
12 196 9 0.6548268708735006 0.7637622335605715 0.7637622335605715 
13 119 9 0.6672333436335003 0.7637622335605715 0.7637622335605715 
14 152 8 0.6763772922396589 0.7637622335605715 0.7637622335605715 
15 178 10 0.6831255439005467 0.7637622335605715 0.7637622335605715 
16 151 9 0.6925459595044502 0.7776988151377653 0.7776988151377653 
17 178 10 0.703714147487506 0.7776988151377653 0.7776988151377653 
18 76 8 0.7167541055035429 0.7776988151377653 0.7776988151377653 
19 145 11 0.722105452901368 0.7776988151377653 0.7776988151377653 
20 247 12 0.7216037647646673 0.7776988151377653 0.7776988151377653 
21 186 9 0.7342386416957549 0.7776988151377653 0.7776988151377653 
22 179 6 0.744265195916674 0.7776988151377653 0.7776988151377653 
23 188 6 0.7429927033044411 0.7776988151377653 0.7776988151377653 
24 252 5 0.7485904334154183 0.7776988151377653 0.7776988151377653 
25 100 4 0.7590198214489634 0.7776988151377653 0.7776988151377653 
26 116 4 0.7644284468861694 0.7776988151377653 0.7776988151377653 
27 185 5 0.7561504150375699 0.7776988151377653 0.7776988151377653 
28 211 7 0.7559267165074214 0.7776988151377653 0.7776988151377653 
29 154 5 0.7559942935737374 0.7776988151377653 0.7776988151377653 
0 1212 57 0.5010654715722703 0.6035835997132948 0.6035835997132948 
1 293 21 0.5191964183494807 0.5884496285895687 0.6035835997132948 
2 309 15 0.5321191352786423 0.6497374620034158 0.6497374620034158 
3 228 13 0.5484666868836012 0.6376077341374922 0.6497374620034158 
4 144 12 0.5582663495554633 0.6376077341374922 0.6497374620034158 
5 123 11 0.5706841137054505 0.6674447121929683 0.6674447121929683 
6 174 13 0.582960452007065 0.6721000493508349 0.6721000493508349 
7 228 13 0.5928016342900339 0.676598739561963 0.676598739561963 
8 213 13 0.6094183343153369 0.7028269660159215 0.7028269660159215 
9 161 12 0.6246482295999934 0.7445502567815231 0.7445502567815231 
10 161 10 0.6339415794330546 0.739684971933228 0.7445502567815231 
11 195 16 0.640949818059926 0.739684971933228 0.7445502567815231 
12 134 11 0.6564029435122252 0.7445502567815231 0.7445502567815231 
13 183 12 0.6617077836460612 0.7445502567815231 0.7445502567815231 
14 339 13 0.665437324006531 0.7486623576963023 0.7486623576963023 
15 159 12 0.6864839534945986 0.7503260309830214 0.7503260309830214 
16 278 13 0.7010173964440055 0.7503260309830214 0.7503260309830214 
17 139 12 0.719503070649553 0.7503260309830214 0.7503260309830214 
18 158 13 0.7261756268842626 0.7503260309830214 0.7503260309830214 
19 219 11 0.7291478423210743 0.7503260309830214 0.7503260309830214 
20 188 11 0.7327353835487743 0.7503260309830214 0.7503260309830214 
21 240 9 0.7227340836930138 0.7503260309830214 0.7503260309830214 
22 145 8 0.733555993209609 0.7503260309830214 0.7503260309830214 
23 106 6 0.7414277359579963 0.7503260309830214 0.7503260309830214 
24 177 7 0.7346842927277549 0.7503260309830214 0.7503260309830214 
25 133 6 0.7398665911427185 0.7503260309830214 0.7503260309830214 
26 130 7 0.7369704625711657 0.7503260309830214 0.7503260309830214 
27 307 10 0.7226266446084145 0.7503260309830214 0.7503260309830214 
28 167 7 0.7327467576744321 0.7503260309830214 0.7503260309830214 
29 225 7 0.7343700020695682 0.7503260309830214 0.7503260309830214 
0 1120 48 0.5036740288924525 0.6036903441754223 0.6036903441754223 
1 273 18 0.5242690698407254 0.6094864660629276 0.6094864660629276 
2 268 19 0.5356234564035607 0.6437313678212963 0.6437313678212963 
3 254 13 0.5492470473068388 0.6478257756064468 0.6478257756064468 
4 200 11 0.5622317667213328 0.6478257756064468 0.6478257756064468 
5 219 11 0.5788936729390293 0.6858231820748899 0.6858231820748899 
6 196 9 0.5961234888356951 0.7325509373893144 0.7325509373893144 
7 155 8 0.6102426410632189 0.7319556992940763 0.7325509373893144 
8 111 8 0.6264741173224351 0.7266306827352662 0.7325509373893144 
9 152 8 0.6395441777832228 0.7272979816411529 0.7325509373893144 
10 233 11 0.6482836967529357 0.7437662586842113 0.7437662586842113 
11 127 7 0.6664811054134495 0.7439029663131996 0.7439029663131996 
12 125 7 0.6784036692570788 0.7503260309830214 0.7503260309830214 
13 199 8 0.6890771121742296 0.7460421968541018 0.7503260309830214 
14 135 8 0.7028779521921629 0.7550500264836422 0.7550500264836422 
15 293 9 0.7097993719579394 0.7550500264836422 0.7550500264836422 
16 180 8 0.7171328059611352 0.7550500264836422 0.7550500264836422 
17 164 8 0.7260437130713853 0.7550500264836422 0.7550500264836422 
18 191 10 0.7316371990144347 0.7550500264836422 0.7550500264836422 
19 214 9 0.7307364302553276 0.7550500264836422 0.7550500264836422 
20 227 9 0.7273661093220584 0.7550500264836422 0.7550500264836422 
21 178 8 0.7373904704838823 0.7550500264836422 0.7550500264836422 
22 260 6 0.7321704504940056 0.7550500264836422 0.7550500264836422 
23 135 7 0.740580468361457 0.7550500264836422 0.7550500264836422 
24 190 7 0.7389361951834635 0.7550500264836422 0.7550500264836422 
25 266 9 0.7312662281165138 0.7550500264836422 0.7550500264836422 
26 185 6 0.7369309263132017 0.7550500264836422 0.7550500264836422 
27 165 7 0.7383514923411316 0.7550500264836422 0.7550500264836422 
28 188 8 0.7412600620484942 0.7550500264836422 0.7550500264836422 
29 176 6 0.7420800716068152 0.7550500264836422 0.7550500264836422 
0 1602 61 0.504065260540465 0.6036903441754223 0.6036903441754223 
1 534 34 0.5202867185055736 0.6036903441754223 0.6036903441754223 
2 227 14 0.5348101307693303 0.6653140897987666 0.6653140897987666 
3 219 15 0.5445468595709065 0.6653140897987666 0.6653140897987666 
4 297 15 0.5563489854951233 0.6665316222662991 0.6665316222662991 
5 317 33 0.5642252196025028 0.672197391252991 0.672197391252991 
6 271 18 0.581622332222715 0.7046767453723598 0.7046767453723598 
7 214 17 0.5988976838619282 0.7375543495390264 0.7375543495390264 
8 226 17 0.6117567353816579 0.7375543495390264 0.7375543495390264 
9 311 16 0.6331287064796551 0.7749898272097471 0.7749898272097471 
10 304 22 0.6521687525117587 0.7397738551556372 0.7749898272097471 
11 285 18 0.6736143421036879 0.7397738551556372 0.7749898272097471 
12 359 24 0.6785349942526376 0.7397738551556372 0.7749898272097471 
13 245 20 0.6935171637015064 0.7411592076336533 0.7749898272097471 
14 274 31 0.7092128261025636 0.7445502567815231 0.7749898272097471 
15 269 16 0.7185255683539683 0.7445502567815231 0.7749898272097471 
16 171 16 0.7258429983870103 0.7445502567815231 0.7749898272097471 
17 200 17 0.7243908519343202 0.7457340429986129 0.7749898272097471 
18 215 17 0.7259073953360794 0.7457340429986129 0.7749898272097471 
19 266 22 0.7269730777175016 0.7457340429986129 0.7749898272097471 
20 347 22 0.7238663377385549 0.7475514751960954 0.7749898272097471 
21 235 16 0.7246107705646827 0.7475514751960954 0.7749898272097471 
22 287 26 0.725347974141834 0.7475514751960954 0.7749898272097471 
23 298 15 0.7253586262399421 0.7475514751960954 0.7749898272097471 
24 250 16 0.7215893937198014 0.7475514751960954 0.7749898272097471 
25 196 15 0.7248376005827895 0.7475514751960954 0.7749898272097471 
26 406 15 0.7244436034806415 0.7475514751960954 0.7749898272097471 
27 274 29 0.7184966741224162 0.7475514751960954 0.7749898272097471 
28 271 14 0.7229462663736147 0.7475514751960954 0.7749898272097471 
29 206 20 0.7243142797056662 0.7475514751960954 0.7749898272097471 
0 1429 54 0.5030697101645862 0.6036903441754223 0.6036903441754223 
1 263 20 0.5239599661412 0.6293116287993551 0.6293116287993551 
2 352 15 0.5382327383738291 0.634495127228426 0.634495127228426 
3 339 16 0.5508238433254956 0.6550659679570144 0.6550659679570144 
4 223 14 0.5620778237005281 0.6877535813239337 0.6877535813239337 
5 253 12 0.5773347899218657 0.6877535813239337 0.6877535813239337 
6 214 13 0.588294117084323 0.6877535813239337 0.6877535813239337 
7 268 15 0.5947434321700217 0.6877535813239337 0.6877535813239337 
8 218 12 0.6048208624172069 0.6996110631612894 0.6996110631612894 
9 249 11 0.6218477576037005 0.7015308630699655 0.7015308630699655 
10 214 12 0.6329927042304613 0.7025008807066497 0.7025008807066497 
11 123 12 0.6452641217852546 0.7025008807066497 0.7025008807066497 
12 168 11 0.6555477421762319 0.7475626091017115 0.7475626091017115 
13 194 11 0.6628934871743521 0.7307802016943041 0.7475626091017115 
14 180 10 0.6690549256062651 0.7456428091930354 0.7475626091017115 
15 130 10 0.6818002863586277 0.7539728347563398 0.7539728347563398 
16 334 12 0.6865911382208045 0.7539728347563398 0.7539728347563398 
17 163 11 0.698126201005828 0.7539728347563398 0.7539728347563398 
18 240 13 0.7132076050339338 0.7539728347563398 0.7539728347563398 
19 137 11 0.7269256350990642 0.7539728347563398 0.7539728347563398 
20 249 10 0.7279262707173488 0.7539728347563398 0.7539728347563398 
21 191 9 0.7307725310648139 0.7631702223015184 0.7631702223015184 
22 141 9 0.737896652363169 0.7631702223015184 0.7631702223015184 
23 321 11 0.7288286918521304 0.7631702223015184 0.7631702223015184 
24 218 11 0.7382319450594423 0.7631702223015184 0.7631702223015184 
25 195 10 0.7390362024020876 0.7631702223015184 0.7631702223015184 
26 223 10 0.7371881096127767 0.7631702223015184 0.7631702223015184 
27 141 9 0.7395591195293789 0.7631702223015184 0.7631702223015184 
28 196 9 0.7436900920354652 0.776959112061624 0.776959112061624 
29 138 8 0.7467352636971674 0.776959112061624 0.776959112061624 
0 1258 63 0.4956157379586606 0.5884496285895687 0.5884496285895687 
1 450 22 0.5119720405944129 0.6126414690929167 0.6126414690929167 
2 163 15 0.5264777350764571 0.6204270178036477 0.6204270178036477 
3 183 14 0.540379777934425 0.6381651901592547 0.6381651901592547 
4 269 13 0.5579932486081933 0.6890507602984451 0.6890507602984451 
5 206 14 0.575966247350856 0.7035596888698737 0.7035596888698737 
6 254 11 0.5943429025596246 0.7035596888698737 0.7035596888698737 
7 191 9 0.6135029060116094 0.7035596888698737 0.7035596888698737 
8 83 8 0.6346877128661726 0.7324783396635245 0.7324783396635245 
9 120 8 0.6509993084138544 0.7495914349016197 0.7495914349016197 
10 110 8 0.6680490914382196 0.7495914349016197 0.7495914349016197 
11 160 6 0.675843962361726 0.7495914349016197 0.7495914349016197 
12 157 8 0.6874123545287404 0.7495914349016197 0.7495914349016197 
13 224 7 0.69660432168729 0.7495914349016197 0.7495914349016197 
14 151 8 0.7084081657928482 0.7495914349016197 0.7495914349016197 
15 142 8 0.7198566464864622 0.7495914349016197 0.7495914349016197 
16 153 7 0.7343136236605468 0.7495914349016197 0.7495914349016197 
17 171 6 0.7357199684692343 0.7495914349016197 0.7495914349016197 
18 161 7 0.7366293666264664 0.7495914349016197 0.7495914349016197 
19 194 6 0.7339030497359542 0.7495914349016197 0.7495914349016197 
20 87 6 0.7407447533556852 0.7495914349016197 0.7495914349016197 
21 217 7 0.7359964393548194 0.7495914349016197 0.7495914349016197 
22 316 7 0.7287899397693853 0.7495914349016197 0.7495914349016197 
23 210 8 0.7319385560062581 0.7495914349016197 0.7495914349016197 
24 170 8 0.7344180424885889 0.7495914349016197 0.7495914349016197 
25 106 9 0.7353787255821642 0.7495914349016197 0.7495914349016197 
26 181 9 0.7336271632460781 0.7495914349016197 0.7495914349016197 
27 256 8 0.7267914210925188 0.7495914349016197 0.7495914349016197 
28 184 8 0.7294508552129618 0.7495914349016197 0.7495914349016197 
29 160 7 0.7357123268770792 0.7495914349016197 0.7495914349016197 
0 1254 55 0.5012783958041581 0.6035835997132948 0.6035835997132948 
1 257 17 0.5197661926383287 0.604013286048125 0.604013286048125 
2 239 13 0.5352724440483425 0.6186388576246147 0.6186388576246147 
3 255 12 0.5487278238098735 0.6374045081411641 0.6374045081411641 
4 234 12 0.5614192950752005 0.6678238593719303 0.6678238593719303 
5 281 10 0.5781681666400553 0.6858778992749286 0.6858778992749286 
6 280 10 0.5899167737009134 0.6895857191672412 0.6895857191672412 
7 253 11 0.6071206266103931 0.715649126364519 0.715649126364519 
8 248 8 0.623559492330319 0.7066223282357686 0.715649126364519 
9 186 8 0.6388926520084691 0.737236776669557 0.737236776669557 
10 214 8 0.6537096804370427 0.7372367766695571 0.7372367766695571 
11 145 8 0.6653904152292397 0.7501263937704159 0.7501263937704159 
12 119 8 0.6791188825636606 0.7501263937704159 0.7501263937704159 
13 133 8 0.6910383275197526 0.7539941518747231 0.7539941518747231 
14 283 7 0.6988626379988568 0.7539941518747231 0.7539941518747231 
15 70 7 0.7204226565558103 0.7541638600028904 0.7541638600028904 
16 187 7 0.724533418219788 0.7541638600028904 0.7541638600028904 
17 231 7 0.7281725653721558 0.7541638600028904 0.7541638600028904 
18 201 7 0.7312944976671755 0.7541638600028904 0.7541638600028904 
19 103 6 0.7411465001149352 0.7541638600028904 0.7541638600028904 
20 157 5 0.740370686176868 0.7541638600028904 0.7541638600028904 
21 186 6 0.738747219218615 0.7541638600028904 0.7541638600028904 
22 232 8 0.7275353935902628 0.7541638600028904 0.7541638600028904 
23 215 6 0.7376837281309416 0.7541638600028904 0.7541638600028904 
24 202 8 0.7332449454999942 0.7541638600028904 0.7541638600028904 
25 109 6 0.7433288173553055 0.7541638600028904 0.7541638600028904 
26 208 6 0.7381993743442421 0.7541638600028904 0.7541638600028904 
27 173 6 0.7396927631642721 0.7541638600028904 0.7541638600028904 
28 193 7 0.7318296689927053 0.7541638600028904 0.7541638600028904 
29 169 6 0.7403036716728838 0.7541638600028904 0.7541638600028904 
0 1168 59 0.4991090895148514 0.6036903441754223 0.6036903441754223 
1 334 20 0.5180642954962973 0.6036903441754223 0.6036903441754223 
2 302 14 0.5332268897713823 0.6276099403819697 0.6276099403819697 
3 259 12 0.5457921764433089 0.6380229373310219 0.6380229373310219 
4 226 11 0.5618748938811808 0.6829093720843564 0.6829093720843564 
5 370 14 0.5714013590993939 0.6783832620512146 0.6829093720843564 
6 213 10 0.5850160988295139 0.7006879857873112 0.7006879857873112 
7 228 11 0.5989654503263532 0.7022606226856071 0.7022606226856071 
8 163 10 0.6244662884815666 0.7148139741925192 0.7148139741925192 
9 158 10 0.6414989780309337 0.7329839552531252 0.7329839552531252 
10 192 9 0.656683060469966 0.7542551187554749 0.7542551187554749 
11 294 11 0.660884232041877 0.7542551187554749 0.7542551187554749 
12 278 9 0.6737490099336315 0.7802061774753475 0.7802061774753475 
13 114 9 0.6952487166750393 0.7805533996975696 0.7805533996975696 
14 154 8 0.7097113906495681 0.7808014155705856 0.7808014155705856 
15 237 8 0.7073910886822254 0.7979145108086808 0.7979145108086808 
16 134 7 0.7309578156177622 0.7979145108086808 0.7979145108086808 
17 181 7 0.7395255717742297 0.7979145108086808 0.7979145108086808 
18 195 7 0.7532091099371182 0.7979145108086808 0.7979145108086808 
19 215 7 0.7612051747943873 0.7979145108086808 0.7979145108086808 
20 275 6 0.7693402048916365 0.7979145108086808 0.7979145108086808 
21 221 7 0.7721593058953461 0.7979145108086808 0.7979145108086808 
22 142 5 0.784017972225977 0.7979145108086808 0.7979145108086808 
23 207 6 0.7764828554820421 0.7979145108086808 0.7979145108086808 
24 136 7 0.7830499932217311 0.7979145108086808 0.7979145108086808 
25 169 7 0.7826292426231503 0.7979145108086808 0.7979145108086808 
26 179 6 0.7840061188985809 0.7979145108086808 0.7979145108086808 
27 267 7 0.7766754591016855 0.7979145108086808 0.7979145108086808 
28 222 6 0.7756430943778247 0.7979145108086808 0.7979145108086808 
29 186 7 0.7769854306514725 0.7979145108086808 0.7979145108086808 
0 1049 46 0.5068805208632706 0.6036903441754223 0.6036903441754223 
1 319 17 0.5263858361815235 0.5907467100615487 0.6036903441754223 
2 269 12 0.5366192214326037 0.593812779107417 0.6036903441754223 
3 291 13 0.5432661903102878 0.6223346041198374 0.6223346041198374 
4 191 14 0.5532598644015159 0.6648295092387901 0.6648295092387901 
5 181 12 0.5672982917989201 0.6648295092387901 0.6648295092387901 
6 153 11 0.5786634720089069 0.6810227165880193 0.6810227165880193 
7 110 11 0.5901092304794278 0.6717549758698871 0.6810227165880193 
8 311 12 0.5967594696355886 0.6768944838365472 0.6810227165880193 
9 127 10 0.6179627192951634 0.7062691496235168 0.7062691496235168 
10 248 13 0.6265396831083158 0.7374305884356485 0.7374305884356485 
11 220 13 0.6383726328502823 0.7375543495390264 0.7375543495390264 
12 221 11 0.6559185152924542 0.7375543495390264 0.7375543495390264 
13 293 12 0.6588170367685958 0.7431651705983302 0.7431651705983302 
14 180 12 0.6756719117517602 0.7637622335605715 0.7637622335605715 
15 184 12 0.6884606334151239 0.7637622335605715 0.7637622335605715 
16 224 12 0.7004756095744731 0.7637622335605715 0.7637622335605715 
17 145 12 0.7126060930268988 0.7637622335605715 0.7637622335605715 
18 196 13 0.71673688642748 0.7637622335605715 0.7637622335605715 
19 189 11 0.7223311676273224 0.7776988151377653 0.7776988151377653 
20 119 11 0.7325884991778315 0.7776988151377653 0.7776988151377653 
21 174 9 0.7377921044342429 0.7802899930409312 0.7802899930409312 
22 189 7 0.740917750811435 0.7802899930409312 0.7802899930409312 
23 167 6 0.747135921652388 0.7802899930409312 0.7802899930409312 
24 162 6 0.7544965807219112 0.9048866589866724 0.9048866589866724 
25 134 4 0.7652363149637192 0.9048866589866724 0.9048866589866724 
26 140 4 0.7658704650981469 0.9048866589866724 0.9048866589866724 
27 229 4 0.7641932387528121 0.9048866589866724 0.9048866589866724 
28 113 4 0.7766632145394948 0.9048866589866724 0.9048866589866724 
29 45 3 0.7955043349239475 0.9048866589866724 0.9048866589866724 
0 1128 63 0.5009140056291096 0.6036903441754222 0.6036903441754222 
1 377 29 0.5149310480028396 0.6174962935548125 0.6174962935548125 
2 345 14 0.5279427132990879 0.6187694072238361 0.6187694072238361 
3 127 19 0.5421099760612781 0.6096705141737873 0.6187694072238361 
4 188 10 0.552802543076875 0.6542179130588784 0.6542179130588784 
5 177 9 0.5670338129330598 0.6781784423660875 0.6781784423660875 
6 207 9 0.5783677046743602 0.6781784423660875 0.6781784423660875 
7 281 9 0.5891908092929711 0.6614028887710257 0.6781784423660875 
8 135 8 0.6050670715014831 0.6846578931947187 0.6846578931947187 
9 118 7 0.6203898317984247 0.7360343451243562 0.7360343451243562 
10 137 7 0.6323770954544541 0.7169725537411362 0.7360343451243562 
11 188 7 0.6435623151954541 0.7371420235173797 0.7371420235173797 
12 146 7 0.6557680848002968 0.7384014224914335 0.7384014224914335 
13 190 7 0.6656868857026297 0.7542551187554749 0.7542551187554749 
14 77 6 0.6813308873302963 0.7542551187554749 0.7542551187554749 
15 184 6 0.6898874581352996 0.7649529959180069 0.7649529959180069 
16 124 7 0.706328659165252 0.7820660911561021 0.7820660911561021 
17 135 6 0.7213019413724744 0.7820660911561021 0.7820660911561021 
18 180 6 0.7259035785291595 0.7820660911561021 0.7820660911561021 
19 134 6 0.7396776622460477 0.7979145108086808 0.7979145108086808 
20 149 7 0.7407032561237845 0.7979145108086808 0.7979145108086808 
21 168 6 0.7501882887519595 0.7979145108086808 0.7979145108086808 
22 262 7 0.7536093793053752 0.7979145108086808 0.7979145108086808 
23 129 6 0.7654250122831436 0.7979145108086808 0.7979145108086808 
24 214 5 0.772018518477784 0.7979145108086808 0.7979145108086808 
25 142 6 0.7778126022352171 0.7979145108086808 0.7979145108086808 
26 144 6 0.7811453565757276 0.7979145108086808 0.7979145108086808 
27 51 4 0.7919453686907229 0.7979145108086808 0.7979145108086808 
28 167 5 0.7834870305620144 0.7979145108086808 0.7979145108086808 
29 166 5 0.7843244457895121 0.7979145108086808 0.7979145108086808 
0 1148 56 0.5002382461909225 0.5904524185377191 0.5904524185377191 
1 269 20 0.5152109751492995 0.6204270178036477 0.6204270178036477 
2 249 14 0.5286561774852008 0.6338474152065134 0.6338474152065134 
3 179 11 0.5456659389642509 0.6660884850513373 0.6660884850513373 
4 181 11 0.5600580179557952 0.6660884850513373 0.6660884850513373 
5 159 9 0.5765449337272688 0.6742893143425355 0.6742893143425355 
6 204 11 0.5891905026428993 0.683589605722095 0.683589605722095 
7 181 10 0.6094966473299654 0.7466662541773543 0.7466662541773543 
8 111 10 0.6270788909006695 0.7568756133342747 0.7568756133342747 
9 146 8 0.642576227794143 0.7568756133342747 0.7568756133342747 
10 244 9 0.6562635889532622 0.7524712142308564 0.7568756133342747 
11 169 9 0.676871228105695 0.7568756133342747 0.7568756133342747 
12 206 10 0.6881247981934776 0.7568756133342747 0.7568756133342747 
13 113 6 0.7131620476923772 0.7568756133342747 0.7568756133342747 
14 166 9 0.7216286684932416 0.7738026966676079 0.7738026966676079 
15 139 9 0.7336144813073265 0.7738026966676079 0.7738026966676079 
16 192 7 0.7392128185320453 0.7864053666929629 0.7864053666929629 
17 186 7 0.7420112468851748 0.7864053666929629 0.7864053666929629 
18 100 7 0.752897939145729 0.7864053666929629 0.7864053666929629 
19 197 8 0.7515086003627363 0.7864053666929629 0.7864053666929629 
20 175 7 0.7569494293105354 0.7979145108086808 0.7979145108086808 
21 80 9 0.7626421838266082 0.7979145108086808 0.7979145108086808 
22 225 7 0.765721969772279 0.7979145108086808 0.7979145108086808 
23 204 7 0.767555871831373 0.7979145108086808 0.7979145108086808 
24 68 6 0.7806424870917091 0.7979145108086808 0.7979145108086808 
25 272 6 0.7698378207363297 0.7979145108086808 0.7979145108086808 
26 160 7 0.7766620998924155 0.7979145108086808 0.7979145108086808 
27 134 6 0.7843260519113343 0.7979145108086808 0.7979145108086808 
28 166 6 0.7822410405311051 0.7979145108086808 0.7979145108086808 
29 121 6 0.7838816384456648 0.7979145108086808 0.7979145108086808 
0 1391 54 0.4964840443214463 0.5907467100615486 0.5907467100615486 
1 267 18 0.519056136649591 0.6146133941691232 0.6146133941691232 
2 129 13 0.5356459002016423 0.6482804942178628 0.6482804942178628 
3 248 15 0.547105130980452 0.6482804942178628 0.6482804942178628 
4 198 20 0.5610888306476643 0.6494292285853878 0.6494292285853878 
5 159 9 0.5791504128709218 0.6863650691206445 0.6863650691206445 
6 166 11 0.5919965432234847 0.7079624058429771 0.7079624058429771 
7 194 11 0.608339141150308 0.7079624058429771 0.7079624058429771 
8 258 14 0.6193072324330698 0.7290610016603271 0.7290610016603271 
9 187 13 0.6350524543274805 0.7539941518747231 0.7539941518747231 
10 218 14 0.6468640343087304 0.729247013565089 0.7539941518747231 
11 136 11 0.6617588084288962 0.7539941518747231 0.7539941518747231 
12 209 17 0.6770882160823416 0.7539941518747231 0.7539941518747231 
13 302 11 0.6857629382081233 0.7539941518747231 0.7539941518747231 
14 198 9 0.6970912220522122 0.7539941518747231 0.7539941518747231 
15 95 6 0.7148774800591076 0.7542551187554749 0.7542551187554749 
16 152 8 0.7232523586515327 0.7542551187554749 0.7542551187554749 
17 171 8 0.7305098617861865 0.7542551187554749 0.7542551187554749 
18 232 7 0.7312084600499602 0.7542551187554749 0.7542551187554749 
19 227 9 0.7340727390970153 0.7542551187554749 0.7542551187554749 
20 196 7 0.7395470439925306 0.7542551187554749 0.7542551187554749 
21 128 7 0.741856819441955 0.7542551187554749 0.7542551187554749 
22 286 9 0.7295060022677847 0.7542551187554749 0.7542551187554749 
23 190 7 0.7411391208100343 0.7542551187554749 0.7542551187554749 
24 165 6 0.7367691012285787 0.7542551187554749 0.7542551187554749 
25 209 6 0.7372747164876092 0.7542551187554749 0.7542551187554749 
26 186 7 0.7378192980020956 0.7542551187554749 0.7542551187554749 
27 232 8 0.7316467226977198 0.7542551187554749 0.7542551187554749 
28 88 7 0.7437053265512458 0.7542551187554749 0.7542551187554749 
29 120 5 0.7457154554712608 0.7542551187554749 0.7542551187554749 
0 1344 59 0.492736325633646 0.6035835997132947 0.6035835997132947 
1 295 21 0.5132493725602558 0.6061746799287472 0.6061746799287472 
2 277 14 0.5276655915128508 0.6645028944356028 0.6645028944356028 
3 141 11 0.5454695779861801 0.6468149051400733 0.6645028944356028 
4 107 11 0.5566184969418317 0.6781747694356028 0.6781747694356028 
5 284 11 0.5656267262590697 0.6690448123838428 0.6781747694356028 
6 225 12 0.5787298977192168 0.6858337814152576 0.6858337814152576 
7 245 10 0.5933311596108952 0.6860328805318934 0.6860328805318934 
8 100 9 0.6122900478468685 0.6891233580242351 0.6891233580242351 
9 102 8 0.6256901947705368 0.6980716549574884 0.6980716549574884 
10 151 7 0.6392099581632329 0.6980716549574884 0.6980716549574884 
11 265 8 0.6489554822218829 0.737688915372531 0.737688915372531 
12 166 7 0.6576622025173102 0.7503260309830214 0.7503260309830214 
13 184 8 0.6687200960073466 0.7550500264836422 0.7550500264836422 
14 220 8 0.6832455666436688 0.7550500264836422 0.7550500264836422 
15 244 9 0.6944188760131407 0.7550500264836422 0.7550500264836422 
16 157 7 0.709438644212161 0.7550500264836422 0.7550500264836422 
17 104 7 0.7196955557869767 0.7550500264836422 0.7550500264836422 
18 242 7 0.7205914414227437 0.7550500264836422 0.7550500264836422 
19 153 9 0.7277884775097209 0.7550500264836422 0.7550500264836422 
20 196 8 0.7342607439229539 0.7550500264836422 0.7550500264836422 
21 303 8 0.732271224602391 0.7550500264836422 0.7550500264836422 
22 110 6 0.7412886049638469 0.7550500264836422 0.7550500264836422 
23 305 8 0.7306587216720739 0.7550500264836422 0.7550500264836422 
24 239 8 0.7321404262039954 0.7550500264836422 0.7550500264836422 
25 115 5 0.7428598187226554 0.7550500264836422 0.7550500264836422 
26 189 7 0.7352999141074763 0.7550500264836422 0.7550500264836422 
27 160 7 0.7369665235594937 0.7550500264836422 0.7550500264836422 
28 189 8 0.7341733036570233 0.7550500264836422 0.7550500264836422 
29 165 6 0.7396883055983647 0.7550500264836422 0.7550500264836422 
0 1190 59 0.4996677089035629 0.5904524185377191 0.5904524185377191 
1 343 18 0.5237284723893341 0.6171686920122689 0.6171686920122689 
2 191 13 0.5380319823403996 0.6526207722433757 0.6526207722433757 
3 259 14 0.5485174761519513 0.6515537773789456 0.6526207722433757 
4 176 12 0.5632148276539862 0.6515537773789456 0.6526207722433757 
5 237 13 0.5768193190059365 0.699044850866742 0.699044850866742 
6 285 13 0.5887869339097631 0.6996952421421333 0.6996952421421333 
7 216 13 0.5997227543602994 0.7117118593143713 0.7117118593143713 
8 150 12 0.6194650814256532 0.7112539838564959 0.7117118593143713 
9 223 13 0.6384854150902515 0.7117118593143713 0.7117118593143713 
10 192 13 0.6529453069445359 0.7598460168235288 0.7598460168235288 
11 193 13 0.6675102704102891 0.776959112061624 0.776959112061624 
12 220 14 0.6796740952296352 0.776959112061624 0.776959112061624 
13 209 12 0.6952541362427407 0.7805533996975698 0.7805533996975698 
14 173 11 0.7080217515629039 0.776959112061624 0.7805533996975698 
15 248 12 0.7093366331639795 0.7802061774753475 0.7805533996975698 
16 217 12 0.7190244614192451 0.7979145108086808 0.7979145108086808 
17 173 10 0.7406119795835334 0.7979145108086808 0.7979145108086808 
18 214 8 0.7487951798289086 0.7979145108086808 0.7979145108086808 
19 135 7 0.757894211356769 0.7979145108086808 0.7979145108086808 
20 268 7 0.7609798250175966 0.7979145108086808 0.7979145108086808 
21 186 9 0.7652694454605518 0.7979145108086808 0.7979145108086808 
22 209 6 0.7702295106264586 0.7979145108086808 0.7979145108086808 
23 186 8 0.7783295213216376 0.7979145108086808 0.7979145108086808 
24 249 6 0.7764594908619895 0.7979145108086808 0.7979145108086808 
25 265 6 0.7750443366869724 0.7979145108086808 0.7979145108086808 
26 169 6 0.779330380146679 0.7979145108086808 0.7979145108086808 
27 165 6 0.7769685178945075 0.7979145108086808 0.7979145108086808 
28 139 5 0.7870876028239738 0.7979145108086808 0.7979145108086808 
29 218 6 0.7780399985152354 0.7979145108086808 0.7979145108086808 
0 1232 64 0.502204319267745 0.6036903441754223 0.6036903441754223 
1 311 24 0.520390612984154 0.6176210979577043 0.6176210979577043 
2 207 16 0.536522092012483 0.637784010442137 0.637784010442137 
3 223 16 0.5470523448710751 0.6381173436301133 0.6381173436301133 
4 242 13 0.5682183653122872 0.6731681007674589 0.6731681007674589 
5 191 14 0.5835346050908121 0.6956053929461342 0.6956053929461342 
6 310 16 0.5987710088470088 0.6976507186521741 0.6976507186521741 
7 177 16 0.6183566832121052 0.7298838467699469 0.7298838467699469 
8 283 13 0.637477624589246 0.7429394340455673 0.7429394340455673 
9 299 14 0.6403489237075907 0.7429394340455673 0.7429394340455673 
10 196 13 0.660134359117337 0.7429394340455673 0.7429394340455673 
11 157 10 0.6748064577077918 0.7456428091930354 0.7456428091930354 
12 138 9 0.6919046103731427 0.7481199034619026 0.7481199034619026 
13 268 11 0.695915364755004 0.7481199034619026 0.7481199034619026 
14 201 9 0.710646560154968 0.7524712142308564 0.7524712142308564 
15 159 9 0.7204730367015197 0.7524712142308564 0.7524712142308564 
16 190 8 0.7288363722359338 0.7550500264836422 0.7550500264836422 
17 127 7 0.7312973954828454 0.7550500264836422 0.7550500264836422 
18 161 8 0.733997573064325 0.7550500264836422 0.7550500264836422 
19 183 8 0.7342354372559899 0.7550500264836422 0.7550500264836422 
20 151 8 0.7300707048384073 0.7550500264836422 0.7550500264836422 
21 295 8 0.7297720188197061 0.7550500264836422 0.7550500264836422 
22 171 7 0.7363754582945529 0.7550500264836422 0.7550500264836422 
23 133 7 0.7411611668921984 0.7550500264836422 0.7550500264836422 
24 127 8 0.7422073644434266 0.7550500264836422 0.7550500264836422 
25 125 6 0.7448447989500261 0.7550500264836422 0.7550500264836422 
26 188 9 0.7370921212729611 0.7550500264836422 0.7550500264836422 
27 124 7 0.7449224947550492 0.7550500264836422 0.7550500264836422 
28 153 7 0.7426600141058488 0.7550500264836422 0.7550500264836422 
29 99 7 0.7459531972891249 0.7550500264836422 0.7550500264836422 
0 1207 53 0.5019808801895387 0.6036903441754222 0.6036903441754222 
1 260 23 0.5165431111697114 0.6502526110811762 0.6502526110811762 
2 244 14 0.5384947707234266 0.6482804942178628 0.6502526110811762 
3 201 14 0.5505856258406253 0.6705512467178009 0.6705512467178009 
4 224 14 0.566068503164886 0.6822500549805075 0.6822500549805075 
5 113 13 0.588875253769513 0.6744016188474539 0.6822500549805075 
6 262 14 0.6029699947848138 0.7352169931551562 0.7352169931551562 
7 168 15 0.6204609416880263 0.7110586134250617 0.7352169931551562 
8 127 14 0.6391136580288795 0.7439319900484384 0.7439319900484384 
9 272 14 0.6515582630339202 0.7439319900484384 0.7439319900484384 
10 258 13 0.6670686793149601 0.7439319900484384 0.7439319900484384 
11 281 17 0.6802901058757045 0.7456097841409433 0.7456097841409433 
12 304 16 0.6893549541821296 0.7456097841409433 0.7456097841409433 
13 228 13 0.7024224334444378 0.7456097841409433 0.7456097841409433 
14 190 12 0.713376397253605 0.7456097841409433 0.7456097841409433 
15 196 11 0.7193558683323844 0.7456097841409433 0.7456097841409433 
16 176 11 0.7239296152440758 0.7456929275115667 0.7456929275115667 
17 293 11 0.7238549651869787 0.7539941518747231 0.7539941518747231 
18 162 9 0.7307327312124385 0.7539941518747231 0.7539941518747231 
19 184 9 0.7320739390761725 0.7539941518747231 0.7539941518747231 
20 285 11 0.7227238908668464 0.7539941518747231 0.7539941518747231 
21 174 8 0.7321747530996219 0.7539941518747231 0.7539941518747231 
22 219 9 0.7313771865031922 0.7539941518747231 0.7539941518747231 
23 166 8 0.7368428241130667 0.7539941518747231 0.7539941518747231 
24 201 8 0.731920617765025 0.7539941518747231 0.7539941518747231 
25 241 7 0.7316263090758264 0.7539941518747231 0.7539941518747231 
26 120 8 0.7368885940607425 0.7539941518747231 0.7539941518747231 
27 133 7 0.743787034635258 0.7539941518747231 0.7539941518747231 
28 173 6 0.740564206746964 0.7539941518747231 0.7539941518747231 
29 205 8 0.7380840979114055 0.7539941518747231 0.7539941518747231 
0 1299 53 0.505439908596674 0.5907467100615487 0.5907467100615487 
1 325 17 0.5298103146304904 0.6591269502330834 0.6591269502330834 
2 270 17 0.5398213536952056 0.6084359636937013 0.6591269502330834 
3 258 11 0.5489596095270789 0.6196735242203083 0.6591269502330834 
4 188 11 0.5596916685094562 0.6418780995242958 0.6591269502330834 
5 263 12 0.5661380209080791 0.6958205546386259 0.6958205546386259 
6 135 10 0.5819276545523305 0.6889029590738791 0.6958205546386259 
7 177 9 0.5954101715738102 0.6934534772715485 0.6958205546386259 
8 307 10 0.6073839103781258 0.7379369312455469 0.7379369312455469 
9 157 10 0.6284216518950531 0.7379369312455469 0.7379369312455469 
10 266 11 0.63877485820683 0.7495615798699043 0.7495615798699043 
11 156 8 0.6602942064746835 0.7550500264836422 0.7550500264836422 
12 213 10 0.6723975291467368 0.7550500264836422 0.7550500264836422 
13 183 9 0.6901192154671406 0.7550500264836422 0.7550500264836422 
14 109 7 0.7064669334658334 0.7550500264836422 0.7550500264836422 
15 110 9 0.7154014284960185 0.7550500264836422 0.7550500264836422 
16 153 8 0.7240224704441062 0.7550500264836422 0.7550500264836422 
17 136 8 0.7294540581381546 0.7550500264836422 0.7550500264836422 
18 258 8 0.7299957312853647 0.7550500264836422 0.7550500264836422 
19 177 9 0.7318934382699269 0.7550500264836422 0.7550500264836422 
20 238 9 0.7304667426174931 0.7550500264836422 0.7550500264836422 
21 205 7 0.7394230071660007 0.7550500264836422 0.7550500264836422 
22 196 9 0.7330304194644914 0.7550500264836422 0.7550500264836422 
23 122 6 0.739818330710717 0.7550500264836422 0.7550500264836422 
24 209 8 0.7339366371461777 0.7550500264836422 0.7550500264836422 
25 155 8 0.7390922501486138 0.7550500264836422 0.7550500264836422 
26 178 6 0.737065113554406 0.7550500264836422 0.7550500264836422 
27 159 6 0.744916347307183 0.7550500264836422 0.7550500264836422 
28 152 6 0.7436897927839469 0.7550500264836422 0.7550500264836422 
29 191 6 0.7328931434963518 0.7550500264836422 0.7550500264836422 
0 1373 50 0.5003871189379899 0.6036903441754223 0.6036903441754223 
1 393 16 0.5165947181811547 0.6340131521928796 0.6340131521928796 
2 195 14 0.5315318549767426 0.6648295092387901 0.6648295092387901 
3 139 11 0.5427700742494376 0.6376525265686247 0.6648295092387901 
4 82 9 0.5569539686742082 0.6567972814538876 0.6648295092387901 
5 292 10 0.5684408587069827 0.6863650691206445 0.6863650691206445 
6 162 9 0.58519456207206 0.68510027937745 0.6863650691206445 
7 163 9 0.604277063347208 0.687579228858728 0.687579228858728 
8 198 8 0.6177695696274821 0.6998475787601661 0.6998475787601661 
9 177 9 0.6370260674967753 0.7449093071552277 0.7449093071552277 
10 158 9 0.6541905246698656 0.7449093071552277 0.7449093071552277 
11 218 8 0.6691583209374177 0.7542551187554749 0.7542551187554749 
12 159 7 0.6858357286267349 0.7501263937704159 0.7542551187554749 
13 176 11 0.6930034841855549 0.7542551187554749 0.7542551187554749 
14 247 10 0.7018619306847299 0.7542551187554749 0.7542551187554749 
15 141 7 0.7245691312213719 0.7542551187554749 0.7542551187554749 
16 182 7 0.7315850297076324 0.7542551187554749 0.7542551187554749 
17 287 8 0.7207905739134243 0.7637622335605715 0.7637622335605715 
18 200 9 0.7341655440235272 0.7637622335605715 0.7637622335605715 
19 259 8 0.7298309511131089 0.7637622335605715 0.7637622335605715 
20 199 7 0.7348791894415799 0.7776988151377653 0.7776988151377653 
21 138 6 0.7430303362046112 0.7776988151377653 0.7776988151377653 
22 174 6 0.7378422393138624 0.7776988151377653 0.7776988151377653 
23 215 9 0.7365116165014581 0.7776988151377653 0.7776988151377653 
24 207 7 0.7387915270669584 0.7776988151377653 0.7776988151377653 
25 232 7 0.7398596194510653 0.7776988151377653 0.7776988151377653 
26 184 6 0.7486987631153811 0.7776988151377653 0.7776988151377653 
27 144 6 0.7522953666018058 0.7776988151377653 0.7776988151377653 
28 111 5 0.7561010073188287 0.7776988151377653 0.7776988151377653 
29 127 5 0.7611521651109048 0.7776988151377653 0.7776988151377653 
0 1053 57 0.49908002488299563 0.6036903441754223 0.6036903441754223 
1 163 19 0.5216305190692944 0.6125054434205661 0.6125054434205661 
2 244 13 0.5394757015453786 0.6177239052536583 0.6177239052536583 
3 102 12 0.5529255721601215 0.6727220511605316 0.6727220511605316 
4 138 11 0.5692950156355648 0.6727220511605316 0.6727220511605316 
5 222 10 0.5799739287060728 0.6727220511605316 0.6727220511605316 
6 180 11 0.5961380549610731 0.6982511936888388 0.6982511936888388 
7 255 12 0.6096840659922129 0.6982511936888388 0.6982511936888388 
8 213 12 0.6270184074619011 0.7153786306602368 0.7153786306602368 
9 187 13 0.6395862336319498 0.7212375721536113 0.7212375721536113 
10 157 12 0.6560466201087887 0.7446626214971508 0.7446626214971508 
11 209 10 0.6640266260329417 0.749487794214804 0.749487794214804 
12 169 9 0.6757446728656155 0.7371420235173797 0.749487794214804 
13 192 11 0.6822537255438655 0.7393917517200302 0.749487794214804 
14 165 9 0.6914750484979441 0.7542551187554749 0.7542551187554749 
15 103 9 0.7063283886837551 0.7542551187554749 0.7542551187554749 
16 203 9 0.7095169587916201 0.7542551187554749 0.7542551187554749 
17 196 9 0.7196779210503703 0.7542551187554749 0.7542551187554749 
18 211 9 0.7203653628106076 0.7542551187554749 0.7542551187554749 
19 100 8 0.7340598945729738 0.7542551187554749 0.7542551187554749 
20 156 7 0.7351332641681947 0.7542551187554749 0.7542551187554749 
21 89 6 0.7410664840010014 0.7542551187554749 0.7542551187554749 
22 253 8 0.7352980057255597 0.7542551187554749 0.7542551187554749 
23 193 7 0.7349098287937231 0.7542551187554749 0.7542551187554749 
24 193 7 0.7358784415148272 0.7542551187554749 0.7542551187554749 
25 107 5 0.7455542087823497 0.7542551187554749 0.7542551187554749 
26 139 8 0.7389009267253432 0.7542551187554749 0.7542551187554749 
27 175 7 0.7381459069776871 0.7542551187554749 0.7542551187554749 
28 199 7 0.7400095598446448 0.7542551187554749 0.7542551187554749 
29 126 6 0.7411529363585134 0.7542551187554749 0.7542551187554749 
0 1118 49 0.5033437652719607 0.6036903441754222 0.6036903441754222 
1 442 18 0.5179346506964413 0.6840935804372396 0.6840935804372396 
2 200 12 0.5314830355858645 0.6840935804372396 0.6840935804372396 
3 173 13 0.541724592900438 0.6481023841650293 0.6840935804372396 
4 238 12 0.5546405776465564 0.6481023841650293 0.6840935804372396 
5 220 12 0.5654101081688899 0.6634660191041641 0.6840935804372396 
6 223 12 0.5776066289443257 0.6937144441523003 0.6937144441523003 
7 213 11 0.5892513724815989 0.6937144441523003 0.6937144441523003 
8 178 11 0.6025940375068409 0.7045572118122718 0.7045572118122718 
9 178 10 0.6193103498269791 0.7045572118122718 0.7045572118122718 
10 229 10 0.630309807612678 0.7331993104370825 0.7331993104370825 
11 213 10 0.6427731357437946 0.7368940076443639 0.7368940076443639 
12 280 10 0.6603553848577159 0.7371420235173797 0.7371420235173797 
13 187 11 0.6746243182883209 0.739684971933228 0.739684971933228 
14 218 12 0.683369552003138 0.7501263937704159 0.7501263937704159 
15 257 10 0.690412515191172 0.7542551187554749 0.7542551187554749 
16 211 9 0.7078840557769519 0.7542551187554749 0.7542551187554749 
17 222 10 0.7114615517266722 0.7542551187554749 0.7542551187554749 
18 124 9 0.7219955693763578 0.7542551187554749 0.7542551187554749 
19 160 18 0.7253424177613291 0.7542551187554749 0.7542551187554749 
20 188 12 0.7271806266914085 0.7542551187554749 0.7542551187554749 
21 194 10 0.7304049121534938 0.7542551187554749 0.7542551187554749 
22 202 9 0.7350469316962083 0.7542551187554749 0.7542551187554749 
23 209 8 0.733033220007415 0.7542551187554749 0.7542551187554749 
24 293 9 0.7262275496808399 0.7542551187554749 0.7542551187554749 
25 228 6 0.7385640103040169 0.7542551187554749 0.7542551187554749 
26 125 6 0.7449254338320418 0.7542551187554749 0.7542551187554749 
27 148 9 0.7398652346652433 0.7542551187554749 0.7542551187554749 
28 133 5 0.7469586959826379 0.7542551187554749 0.7542551187554749 
29 113 5 0.7445790600226766 0.7542551187554749 0.7542551187554749 
0 1086 43 0.5047378491438511 0.6036903441754223 0.6036903441754223 
1 290 16 0.523577725773917 0.6170031741249323 0.6170031741249323 
2 224 12 0.5416040673541789 0.6431599590512239 0.6431599590512239 
3 226 12 0.5554582359505088 0.6453789336936053 0.6453789336936053 
4 161 12 0.567654540782718 0.6438767422680072 0.6453789336936053 
5 170 10 0.5866077525758804 0.6612921720172833 0.6612921720172833 
6 90 9 0.6021834091486287 0.6846578931947187 0.6846578931947187 
7 190 11 0.6107433390056416 0.70350105413858 0.70350105413858 
8 225 11 0.6256959321959483 0.7079624058429771 0.7079624058429771 
9 191 11 0.6383233709803138 0.7288273767335358 0.7288273767335358 
10 213 10 0.6496620230594601 0.7451234618062171 0.7451234618062171 
11 254 11 0.6608731592930517 0.7637622335605715 0.7637622335605715 
12 287 11 0.6703118135502415 0.7776988151377653 0.7776988151377653 
13 199 12 0.6867155652622249 0.7776988151377653 0.7776988151377653 
14 178 10 0.6973617450070257 0.7776988151377653 0.7776988151377653 
15 254 11 0.7036655643932412 0.7776988151377653 0.7776988151377653 
16 173 7 0.7230122471557582 0.7776988151377653 0.7776988151377653 
17 47 5 0.739053204013345 0.7776988151377653 0.7776988151377653 
18 183 8 0.7365748895822328 0.7776988151377653 0.7776988151377653 
19 141 5 0.7531152046567978 0.7776988151377653 0.7776988151377653 
20 134 5 0.7621598955749228 0.7776988151377653 0.7776988151377653 
21 192 5 0.7584507449934054 0.7776988151377653 0.7776988151377653 
22 139 5 0.7604212985209808 0.7776988151377653 0.7776988151377653 
23 155 5 0.7615369867791292 0.7776988151377653 0.7776988151377653 
24 118 4 0.7653223787711891 0.7776988151377653 0.7776988151377653 
25 184 4 0.756313248373911 0.7776988151377653 0.7776988151377653 
26 125 3 0.7677173174713745 0.7776988151377653 0.7776988151377653 
27 133 4 0.7613760030003004 0.7776988151377653 0.7776988151377653 
28 175 5 0.7584786528398006 0.7776988151377653 0.7776988151377653 
29 93 3 0.7678099319571696 0.7776988151377653 0.7776988151377653 
0 1353 94 0.500192641421055 0.6035835997132948 0.6035835997132948 
1 330 19 0.5182564341872476 0.6781747694356028 0.6781747694356028 
2 182 12 0.5358657013108535 0.6797635741494075 0.6797635741494075 
3 165 13 0.5537113364013645 0.6797635741494075 0.6797635741494075 
4 293 11 0.5703074981996713 0.6980716549574884 0.6980716549574884 
5 233 13 0.5891814373647839 0.7001423508666763 0.7001423508666763 
6 198 10 0.6048272524739029 0.7461740968984223 0.7461740968984223 
7 160 9 0.6269594586326513 0.7435577660685995 0.7461740968984223 
8 244 10 0.6355113049854296 0.7435577660685995 0.7461740968984223 
9 235 11 0.6492260591956839 0.7325509373893144 0.7461740968984223 
10 157 8 0.6676701828358942 0.7496640326274097 0.7496640326274097 
11 173 9 0.6854594300505602 0.7542551187554749 0.7542551187554749 
12 144 8 0.6996885119632443 0.7542551187554749 0.7542551187554749 
13 168 8 0.7131679044721632 0.7542551187554749 0.7542551187554749 
14 110 8 0.7216350602711513 0.7542551187554749 0.7542551187554749 
15 188 8 0.7256247927249422 0.7542551187554749 0.7542551187554749 
16 249 7 0.7275675480971578 0.7542551187554749 0.7542551187554749 
17 206 7 0.7265507271573273 0.7542551187554749 0.7542551187554749 
18 212 7 0.7315215071320802 0.7542551187554749 0.7542551187554749 
19 132 8 0.7385853221896536 0.7542551187554749 0.7542551187554749 
20 198 7 0.7333685286461992 0.7542551187554749 0.7542551187554749 
21 210 7 0.7359980844245249 0.7542551187554749 0.7542551187554749 
22 145 6 0.7394676672757882 0.7542551187554749 0.7542551187554749 
23 58 5 0.7462428540062117 0.7542551187554749 0.7542551187554749 
24 226 7 0.7385758394992504 0.7542551187554749 0.7542551187554749 
25 148 7 0.7370801774545206 0.7542551187554749 0.7542551187554749 
26 191 7 0.7347301383773202 0.7542551187554749 0.7542551187554749 
27 129 6 0.7421718860379847 0.7542551187554749 0.7542551187554749 
28 152 8 0.7406494980473691 0.7542551187554749 0.7542551187554749 
29 167 6 0.7421985920359928 0.7542551187554749 0.7542551187554749 