0 2399 4 0.6644627474370881 0.8172312869666767 0.8172312869666767 
1 12 2 0.6983627056842974 0.8317025591633533 0.8317025591633533 
2 179 2 0.7215643479187126 0.8317025591633533 0.8317025591633533 
3 104 2 0.7467775085837753 0.8317025591633533 0.8317025591633533 
4 164 1 0.7699822413018553 0.8317025591633533 0.8317025591633533 
5 70 1 0.7849809712002742 0.8317025591633533 0.8317025591633533 
6 170 1 0.8025172010305213 0.8317025591633533 0.8317025591633533 
7 182 1 0.8085088028243217 0.8317025591633533 0.8317025591633533 
8 201 1 0.809853390820307 0.8317025591633533 0.8317025591633533 
9 230 2 0.8099848320923881 0.8317025591633533 0.8317025591633533 
10 84 1 0.814172331003737 0.8317025591633533 0.8317025591633533 
11 306 1 0.8122768020535831 0.8317025591633533 0.8317025591633533 
12 168 1 0.8116091355517665 0.8317025591633533 0.8317025591633533 
13 280 3 0.8155120486879981 0.8317025591633533 0.8317025591633533 
14 211 1 0.8124939154103069 0.8317025591633533 0.8317025591633533 
15 85 1 0.8177198367434159 0.8317025591633533 0.8317025591633533 
16 94 1 0.8206517530162118 0.8317025591633533 0.8317025591633533 
17 215 1 0.8217834404987867 0.834282549943663 0.834282549943663 
18 311 1 0.812410327070487 0.834282549943663 0.834282549943663 
19 232 1 0.8116925870132043 0.8317025591633533 0.834282549943663 
20 185 1 0.818859800168973 0.834282549943663 0.834282549943663 
21 77 1 0.8190395374774958 0.8317025591633533 0.834282549943663 
22 252 1 0.8140862024714909 0.8317025591633533 0.834282549943663 
23 133 1 0.8197753442744741 0.8317025591633533 0.834282549943663 
24 87 1 0.8200405654243432 0.8317025591633533 0.834282549943663 
25 255 1 0.812213102897688 0.834282549943663 0.834282549943663 
26 244 1 0.810669860121412 0.834282549943663 0.834282549943663 
27 149 1 0.8156585719440363 0.834282549943663 0.834282549943663 
28 124 1 0.8148107450113585 0.834282549943663 0.834282549943663 
29 310 1 0.8213912614575658 0.834282549943663 0.834282549943663 
0 2477 5 0.6616063712040544 0.823470538197262 0.823470538197262 
1 163 3 0.7018602088896512 0.823470538197262 0.823470538197262 
2 261 2 0.7345109460103337 0.82508071923147 0.82508071923147 
3 270 2 0.7549529816530522 0.823470538197262 0.82508071923147 
4 243 1 0.7781377844136235 0.8332828054053143 0.8332828054053143 
5 80 2 0.7915806392682297 0.8332033621115782 0.8332828054053143 
6 25 1 0.8010854130814593 0.828339345881518 0.8332828054053143 
7 56 2 0.8061037385856441 0.828339345881518 0.8332828054053143 
8 17 1 0.8148753434134295 0.828339345881518 0.8332828054053143 
9 85 1 0.8149033113900407 0.8329982119033941 0.8332828054053143 
10 61 1 0.8179087626655375 0.8329982119033941 0.8332828054053143 
11 27 1 0.8174117764422804 0.8329982119033941 0.8332828054053143 
12 32 1 0.8136591490205235 0.8329982119033941 0.8332828054053143 
13 40 3 0.8139909731349368 0.8329982119033941 0.8332828054053143 
14 58 1 0.8152581501700685 0.8329982119033941 0.8332828054053143 
15 51 1 0.818247678845199 0.8329982119033941 0.8332828054053143 
16 75 1 0.8191464241856817 0.8329982119033941 0.8332828054053143 
17 67 1 0.819139439785704 0.8329982119033941 0.8332828054053143 
18 85 1 0.8203072431102156 0.8329982119033941 0.8332828054053143 
19 50 1 0.8198698197185541 0.8329982119033941 0.8332828054053143 
20 57 1 0.8218911814067293 0.8329982119033941 0.8332828054053143 
21 50 1 0.8182067942969029 0.8329982119033941 0.8332828054053143 
22 54 1 0.8217480477993441 0.8329982119033941 0.8332828054053143 
23 75 1 0.8190536892351777 0.8329982119033941 0.8332828054053143 
24 43 1 0.8254967874796965 0.8329982119033941 0.8332828054053143 
25 106 1 0.8238304012281916 0.8329982119033941 0.8332828054053143 
26 32 0 0.8215200967513892 0.8329982119033941 0.8332828054053143 
27 22 1 0.8280524115662121 0.8329982119033941 0.8332828054053143 
28 47 0 0.8240662466493395 0.8329982119033941 0.8332828054053143 
29 58 0 0.8252075542483993 0.8329982119033941 0.8332828054053143 
0 2758 7 0.670790354400847 0.8329982119033941 0.8329982119033941 
1 87 4 0.7031322352800464 0.8329982119033941 0.8329982119033941 
2 331 2 0.728663644235575 0.8329982119033941 0.8329982119033941 
3 109 2 0.7517942771194943 0.8353176056887237 0.8353176056887237 
4 159 1 0.7728741406163792 0.8329982119033941 0.8353176056887237 
5 113 1 0.7878710366437979 0.8414335467204483 0.8414335467204483 
6 9 2 0.8086284086055522 0.8414335467204483 0.8414335467204483 
7 17 1 0.8180722507689747 0.8414335467204483 0.8414335467204483 
8 65 1 0.8194998160014028 0.8414335467204483 0.8414335467204483 
9 50 1 0.8254375752113592 0.8414335467204483 0.8414335467204483 
10 50 1 0.8221244794282757 0.8414335467204483 0.8414335467204483 
11 128 2 0.8198199788351447 0.8414335467204483 0.8414335467204483 
12 51 1 0.8257919251323901 0.8414335467204483 0.8414335467204483 
13 237 3 0.8187199378240629 0.8414335467204483 0.8414335467204483 
14 79 1 0.8296012285169274 0.8414335467204483 0.8414335467204483 
15 88 1 0.8316944639451447 0.8414335467204483 0.8414335467204483 
16 33 2 0.8318759812296797 0.8445581651723526 0.8445581651723526 
17 39 1 0.8319239492150312 0.8445581651723526 0.8445581651723526 
18 95 1 0.8328748793343359 0.8445581651723526 0.8445581651723526 
19 74 1 0.8295810747009937 0.8445581651723526 0.8445581651723526 
20 95 1 0.8312110954662488 0.8445581651723526 0.8445581651723526 
21 37 1 0.8324988196455174 0.8445581651723526 0.8445581651723526 
22 16 1 0.8352922362829773 0.8445581651723526 0.8445581651723526 
23 46 1 0.8370825647652549 0.8445581651723526 0.8445581651723526 
24 104 1 0.8318255408000874 0.8445581651723526 0.8445581651723526 
25 51 1 0.8319055553467024 0.8445581651723526 0.8445581651723526 
26 62 1 0.8337780098546734 0.8445581651723526 0.8445581651723526 
27 51 1 0.8364370781703688 0.8445581651723526 0.8445581651723526 
28 27 1 0.8345992581721191 0.8445581651723526 0.8445581651723526 
29 61 1 0.8329744718846066 0.8445581651723526 0.8445581651723526 
0 2692 4 0.6710277668268512 0.8235184683501504 0.8235184683501504 
1 57 2 0.7054752691916291 0.8236149737880771 0.8236149737880771 
2 220 3 0.7340690601895197 0.8374664679891537 0.8374664679891537 
3 90 2 0.761180917664178 0.8317025591633533 0.8374664679891537 
4 60 2 0.7815847169732024 0.8317025591633533 0.8374664679891537 
5 91 2 0.7957168759629947 0.8317025591633533 0.8374664679891537 
6 78 1 0.8034988899532991 0.8329982119033941 0.8374664679891537 
7 141 1 0.8065383781992381 0.8329982119033941 0.8374664679891537 
8 162 1 0.8105686489472999 0.8329982119033941 0.8374664679891537 
9 66 1 0.8087501478346024 0.8329982119033941 0.8374664679891537 
10 76 2 0.8177438421853894 0.8329982119033941 0.8374664679891537 
11 96 1 0.8164268232578072 0.8329982119033941 0.8374664679891537 
12 135 1 0.8140676888622292 0.8329982119033941 0.8374664679891537 
13 191 3 0.8169804801538659 0.8329982119033941 0.8374664679891537 
14 73 1 0.8225596259133279 0.8329982119033941 0.8374664679891537 
15 134 1 0.821639096148695 0.8329982119033941 0.8374664679891537 
16 65 1 0.8209439390189394 0.8329982119033941 0.8374664679891537 
17 31 1 0.8247109329358233 0.8329982119033941 0.8374664679891537 
18 48 1 0.8193957148285028 0.8329982119033941 0.8374664679891537 
19 19 0 0.8241060298163889 0.8329982119033941 0.8374664679891537 
20 40 1 0.8239332393570103 0.8329982119033941 0.8374664679891537 
21 80 1 0.81953419009394 0.8329982119033941 0.8374664679891537 
22 31 1 0.8202708123982119 0.8329982119033941 0.8374664679891537 
23 74 1 0.8215781625462603 0.8348281395523904 0.8374664679891537 
24 54 1 0.8253451499866261 0.8348281395523904 0.8374664679891537 
25 73 1 0.8207989057418638 0.8348281395523904 0.8374664679891537 
26 17 1 0.8261111844727032 0.8348281395523904 0.8374664679891537 
27 52 0 0.8250985045541915 0.8348281395523904 0.8374664679891537 
28 128 1 0.8280919617885323 0.8348281395523904 0.8374664679891537 
29 43 0 0.8224285661654588 0.8348281395523904 0.8374664679891537 
0 2550 4 0.6687808591428032 0.826797786781108 0.826797786781108 
1 417 3 0.6922214855606381 0.8172312869666767 0.826797786781108 
2 48 2 0.7212263261183506 0.8254412843198553 0.826797786781108 
3 56 2 0.7384068296455901 0.8358443730677505 0.8358443730677505 
4 69 1 0.7546501012810163 0.8358443730677505 0.8358443730677505 
5 103 1 0.7689805596418683 0.8343503152266214 0.8358443730677505 
6 73 1 0.7787823320184668 0.8343503152266214 0.8358443730677505 
7 108 1 0.7943934760474857 0.828339345881518 0.8358443730677505 
8 80 1 0.8037352622124856 0.8280028519822915 0.8358443730677505 
9 36 1 0.8142398442271069 0.8280028519822915 0.8358443730677505 
10 27 1 0.8124003645282712 0.8329982119033941 0.8358443730677505 
11 22 1 0.8139429378943699 0.8329982119033941 0.8358443730677505 
12 70 0 0.8142865770695952 0.8329982119033941 0.8358443730677505 
13 26 2 0.8184592255399129 0.8329982119033941 0.8358443730677505 
14 70 1 0.8168310522784192 0.8329982119033941 0.8358443730677505 
15 69 1 0.8120848977287889 0.8329982119033941 0.8358443730677505 
16 75 1 0.815228213219164 0.8329982119033941 0.8358443730677505 
17 94 1 0.8162379704979243 0.8329982119033941 0.8358443730677505 
18 91 0 0.8236383215527381 0.8329982119033941 0.8358443730677505 
19 49 1 0.8246349983345678 0.8329982119033941 0.8358443730677505 
20 59 1 0.825589595380479 0.8348281395523904 0.8358443730677505 
21 85 1 0.8197752291949459 0.8348281395523904 0.8358443730677505 
22 54 1 0.8250757933771734 0.8348281395523904 0.8358443730677505 
23 120 1 0.8204554013072674 0.8348281395523904 0.8358443730677505 
24 58 1 0.8206138422599526 0.8348281395523904 0.8358443730677505 
25 42 1 0.8212770629244304 0.8348281395523904 0.8358443730677505 
26 9 1 0.8256201032827226 0.8348281395523904 0.8358443730677505 
27 110 0 0.8211838762273629 0.8348281395523904 0.8358443730677505 
28 27 1 0.8279246596776051 0.8348281395523904 0.8358443730677505 
29 51 0 0.8272727060636313 0.8348281395523904 0.8358443730677505 
0 2593 7 0.6682692794595488 0.8180480672286509 0.8180480672286509 
1 183 3 0.7055242721410033 0.8180480672286509 0.8180480672286509 
2 304 2 0.7341313807052771 0.8284137624099025 0.8284137624099025 
3 112 2 0.7596056413699529 0.8348281395523904 0.8348281395523904 
4 27 2 0.7760671872511717 0.8348281395523904 0.8348281395523904 
5 395 1 0.7889603974673591 0.8348281395523904 0.8348281395523904 
6 30 2 0.8041013403240838 0.8348281395523904 0.8348281395523904 
7 72 2 0.806901260423964 0.8348281395523904 0.8348281395523904 
8 30 1 0.8078072553755754 0.8348281395523904 0.8348281395523904 
9 85 1 0.8120515071194018 0.8348281395523904 0.8348281395523904 
10 61 1 0.8118301967994094 0.8348281395523904 0.8348281395523904 
11 29 1 0.8126748233694141 0.8317025591633533 0.8348281395523904 
12 40 1 0.8142676291589214 0.8317025591633533 0.8348281395523904 
13 36 3 0.8150473882561148 0.8317025591633533 0.8348281395523904 
14 113 1 0.8157558025304823 0.8329982119033941 0.8348281395523904 
15 101 1 0.8197842546596467 0.834282549943663 0.8348281395523904 
16 166 1 0.8189677885013877 0.834282549943663 0.8348281395523904 
17 158 2 0.8179678433677389 0.834282549943663 0.8348281395523904 
18 174 2 0.8165868471520373 0.834282549943663 0.8348281395523904 
19 68 1 0.8204249069037745 0.834282549943663 0.8348281395523904 
20 211 1 0.8125301600022413 0.834282549943663 0.8348281395523904 
21 246 1 0.8198264866619546 0.834282549943663 0.8348281395523904 
22 99 1 0.8203465252822343 0.834282549943663 0.8348281395523904 
23 23 1 0.8251212547715437 0.834282549943663 0.8348281395523904 
24 69 1 0.8248020215099047 0.834282549943663 0.8348281395523904 
25 152 1 0.8197485332257024 0.834282549943663 0.8348281395523904 
26 326 1 0.8153151548071138 0.834282549943663 0.8348281395523904 
27 149 1 0.8227471959451423 0.834282549943663 0.8348281395523904 
28 271 1 0.820483588041368 0.834282549943663 0.8348281395523904 
29 141 1 0.8204121098649673 0.834282549943663 0.8348281395523904 
0 2431 4 0.6630965475663152 0.8200548002851134 0.8200548002851134 
1 134 2 0.706828383094887 0.82871484016933 0.82871484016933 
2 88 2 0.7271280671682429 0.8200548002851134 0.82871484016933 
3 206 2 0.7496790628649103 0.8224157183987749 0.82871484016933 
4 170 2 0.770181143513813 0.8236149737880771 0.82871484016933 
5 193 1 0.7814545760534432 0.8236149737880771 0.82871484016933 
6 192 1 0.795029399615048 0.8329982119033941 0.8329982119033941 
7 59 1 0.8030486703583933 0.8329982119033941 0.8329982119033941 
8 178 1 0.8067701561595432 0.8329982119033941 0.8329982119033941 
9 276 1 0.8098083924903565 0.8329982119033941 0.8329982119033941 
10 251 1 0.8070714640310409 0.8329982119033941 0.8329982119033941 
11 341 1 0.8080593595059598 0.8329982119033941 0.8329982119033941 
12 230 1 0.8083985601778199 0.8329982119033941 0.8329982119033941 
13 351 2 0.8054846135613437 0.8329982119033941 0.8329982119033941 
14 94 1 0.8125045489545458 0.8329982119033941 0.8329982119033941 
15 65 1 0.8179721019872552 0.8329982119033941 0.8329982119033941 
16 117 0 0.8206732309876951 0.8329982119033941 0.8329982119033941 
17 113 1 0.820524914903552 0.8329982119033941 0.8329982119033941 
18 39 0 0.8205177730593186 0.8329982119033941 0.8329982119033941 
19 22 0 0.819817952877777 0.8329982119033941 0.8329982119033941 
20 99 1 0.8193660876643929 0.8329982119033941 0.8329982119033941 
21 107 1 0.8211887822361176 0.8329982119033941 0.8329982119033941 
22 44 1 0.821896724315551 0.8348281395523904 0.8348281395523904 
23 60 1 0.8273087842681484 0.8329982119033941 0.8348281395523904 
24 39 1 0.8198549508012207 0.8329982119033941 0.8348281395523904 
25 37 1 0.8252407781627333 0.8329982119033941 0.8348281395523904 
26 21 1 0.8239669044544466 0.8329982119033941 0.8348281395523904 
27 52 1 0.8231970067507686 0.8329982119033941 0.8348281395523904 
28 13 1 0.8258183350894701 0.8329982119033941 0.8348281395523904 
29 95 1 0.8232453270709977 0.8329982119033941 0.8348281395523904 
0 2212 4 0.6690169531468442 0.823470538197262 0.823470538197262 
1 308 2 0.7064999781113986 0.8236149737880771 0.8236149737880771 
2 144 2 0.7429061043854115 0.8236149737880771 0.8236149737880771 
3 62 1 0.7670676267203358 0.8236149737880771 0.8236149737880771 
4 53 1 0.7876626313958818 0.82871484016933 0.82871484016933 
5 121 1 0.8011798577447918 0.82871484016933 0.82871484016933 
6 42 1 0.8123321134058419 0.82871484016933 0.82871484016933 
7 219 1 0.8111129047172656 0.82871484016933 0.82871484016933 
8 91 2 0.8148722084669305 0.8329982119033941 0.8329982119033941 
9 109 1 0.8140863023509495 0.8329982119033941 0.8329982119033941 
10 46 1 0.8122824634088675 0.8329982119033941 0.8329982119033941 
11 138 1 0.8145519524101266 0.8329982119033941 0.8329982119033941 
12 31 2 0.8119647646001371 0.8329982119033941 0.8329982119033941 
13 21 2 0.8134124649036045 0.8329982119033941 0.8329982119033941 
14 117 1 0.8115842433972861 0.8329982119033941 0.8329982119033941 
15 29 1 0.8145636370861751 0.8329982119033941 0.8329982119033941 
16 92 1 0.8121499212582877 0.8329982119033941 0.8329982119033941 
17 77 1 0.8168040328104859 0.8329982119033941 0.8329982119033941 
18 32 1 0.8184938025788783 0.8329982119033941 0.8329982119033941 
19 86 1 0.8181594857877111 0.8329982119033941 0.8329982119033941 
20 36 1 0.8221139775579881 0.8329982119033941 0.8329982119033941 
21 91 1 0.8237671137666809 0.8329982119033941 0.8329982119033941 
22 85 1 0.8217604256324327 0.8329982119033941 0.8329982119033941 
23 37 0 0.8264964116432735 0.8329982119033941 0.8329982119033941 
24 76 1 0.8179820715803423 0.8329982119033941 0.8329982119033941 
25 25 1 0.8254420849594757 0.8348281395523904 0.8348281395523904 
26 16 1 0.8238868560896782 0.8348281395523904 0.8348281395523904 
27 54 1 0.8227618972102688 0.8348281395523904 0.8348281395523904 
28 40 1 0.8227212220412109 0.8348281395523904 0.8348281395523904 
29 20 0 0.8277838701460344 0.8348281395523904 0.8348281395523904 
0 2459 7 0.6685668281540242 0.8235184683501504 0.8235184683501504 
1 228 3 0.703084052801397 0.8235184683501504 0.8235184683501504 
2 480 3 0.7319073920284532 0.826797786781108 0.826797786781108 
3 121 3 0.7591301498081634 0.826797786781108 0.826797786781108 
4 20 2 0.7850639228796965 0.8329982119033941 0.8329982119033941 
5 108 2 0.8011089823232218 0.8329982119033941 0.8329982119033941 
6 57 2 0.8068630059043919 0.8329982119033941 0.8329982119033941 
7 52 1 0.8090266206145961 0.8329982119033941 0.8329982119033941 
8 95 2 0.8099964854694985 0.8329982119033941 0.8329982119033941 
9 75 1 0.8094325460842765 0.8329982119033941 0.8329982119033941 
10 21 2 0.8145841140396638 0.8329982119033941 0.8329982119033941 
11 124 1 0.8126954282141873 0.8329982119033941 0.8329982119033941 
12 49 2 0.8194898242548703 0.8329982119033941 0.8329982119033941 
13 67 3 0.8218746100620059 0.8329982119033941 0.8329982119033941 
14 71 1 0.8195127889348772 0.8329982119033941 0.8329982119033941 
15 14 1 0.8200344419202901 0.8329982119033941 0.8329982119033941 
16 62 3 0.8198933701274613 0.8329982119033941 0.8329982119033941 
17 76 4 0.8172708328057443 0.8329982119033941 0.8329982119033941 
18 77 1 0.815546916402328 0.8329982119033941 0.8329982119033941 
19 79 1 0.8209883464151715 0.8329982119033941 0.8329982119033941 
20 106 1 0.8197471465867726 0.8329982119033941 0.8329982119033941 
21 102 1 0.8198149819266147 0.8329982119033941 0.8329982119033941 
22 63 2 0.8227894920229311 0.8329982119033941 0.8329982119033941 
23 19 0 0.8232804754486379 0.8329982119033941 0.8329982119033941 
24 40 1 0.8230041366874781 0.8329982119033941 0.8329982119033941 
25 26 1 0.8257209146202577 0.8329982119033941 0.8329982119033941 
26 47 1 0.8204949241162928 0.8329982119033941 0.8329982119033941 
27 50 1 0.8267243630708613 0.8329982119033941 0.8329982119033941 
28 69 1 0.8252844945554115 0.8329982119033941 0.8329982119033941 
29 78 1 0.8243841645103654 0.8329982119033941 0.8329982119033941 
0 2366 4 0.6630307845195322 0.8082217137322344 0.8082217137322344 
1 274 3 0.6971474289124211 0.823470538197262 0.823470538197262 
2 269 1 0.7211165841652436 0.823470538197262 0.823470538197262 
3 28 1 0.7444141637939339 0.823470538197262 0.823470538197262 
4 38 2 0.7654367576541419 0.823470538197262 0.823470538197262 
5 27 2 0.7836617889955565 0.828339345881518 0.828339345881518 
6 75 2 0.794339106320768 0.823470538197262 0.828339345881518 
7 143 1 0.7992502788871504 0.823470538197262 0.828339345881518 
8 110 1 0.8058294281386817 0.823470538197262 0.828339345881518 
9 87 1 0.8073462953318125 0.823470538197262 0.828339345881518 
10 172 1 0.8073107240549033 0.823470538197262 0.828339345881518 
11 97 1 0.8051501936160111 0.8317025591633533 0.8317025591633533 
12 107 1 0.8118984569772439 0.8329982119033941 0.8329982119033941 
13 57 3 0.8128786111128982 0.8329982119033941 0.8329982119033941 
14 19 1 0.8150245690083017 0.8329982119033941 0.8329982119033941 
15 29 1 0.8148852126967541 0.8329982119033941 0.8329982119033941 
16 48 0 0.8132886215226729 0.8329982119033941 0.8329982119033941 
17 57 1 0.8141992435089511 0.8329982119033941 0.8329982119033941 
18 109 1 0.8133851353094704 0.8329982119033941 0.8329982119033941 
19 35 1 0.8131735232745251 0.8329982119033941 0.8329982119033941 
20 96 1 0.8145145931101276 0.8329982119033941 0.8329982119033941 
21 26 1 0.821539877370727 0.8329982119033941 0.8329982119033941 
22 102 1 0.8237097738671767 0.8329982119033941 0.8329982119033941 
23 23 1 0.8235529460009177 0.8329982119033941 0.8329982119033941 
24 19 1 0.8236197992596374 0.8329982119033941 0.8329982119033941 
25 53 0 0.8218711077300892 0.8329982119033941 0.8329982119033941 
26 63 0 0.8179539768808551 0.8348281395523904 0.8348281395523904 
27 39 1 0.8254920799629878 0.8348281395523904 0.8348281395523904 
28 77 1 0.8223387581789097 0.8348281395523904 0.8348281395523904 
29 48 1 0.8214058388270941 0.8348281395523904 0.8348281395523904 
0 2879 5 0.6635063332122704 0.8329982119033941 0.8329982119033941 
1 252 3 0.6989236131267488 0.8329982119033941 0.8329982119033941 
2 473 2 0.7214061499170811 0.8348281395523904 0.8348281395523904 
3 136 1 0.7436143486800849 0.8348281395523904 0.8348281395523904 
4 124 1 0.7647981637224688 0.8348281395523904 0.8348281395523904 
5 70 1 0.7849740143429823 0.8348281395523904 0.8348281395523904 
6 21 1 0.8034124134225615 0.8348281395523904 0.8348281395523904 
7 69 1 0.8085762646565584 0.8348281395523904 0.8348281395523904 
8 22 1 0.81946265672699 0.8348281395523904 0.8348281395523904 
9 19 1 0.8232573556332671 0.8348281395523904 0.8348281395523904 
10 47 1 0.8238928205013778 0.8348281395523904 0.8348281395523904 
11 100 1 0.822044520666609 0.8348281395523904 0.8348281395523904 
12 89 1 0.8205240249703759 0.8348281395523904 0.8348281395523904 
13 27 2 0.8245636239077005 0.8348281395523904 0.8348281395523904 
14 16 1 0.8249326518494081 0.8348281395523904 0.8348281395523904 
15 19 1 0.8286957474336871 0.8348281395523904 0.8348281395523904 
16 48 1 0.822091335423945 0.8348281395523904 0.8348281395523904 
17 29 1 0.8217940111551223 0.8348281395523904 0.8348281395523904 
18 71 1 0.8231907813980425 0.8348281395523904 0.8348281395523904 
19 40 1 0.8221062095929368 0.8348281395523904 0.8348281395523904 
20 111 1 0.8189200924827352 0.8348281395523904 0.8348281395523904 
21 12 1 0.8248462726166211 0.8348281395523904 0.8348281395523904 
22 15 1 0.8236232760804465 0.8348281395523904 0.8348281395523904 
23 56 1 0.8271075631409599 0.8348281395523904 0.8348281395523904 
24 37 1 0.8258293613465546 0.8348281395523904 0.8348281395523904 
25 40 1 0.826557879823102 0.8348281395523904 0.8348281395523904 
26 26 1 0.8273774420516511 0.8348281395523904 0.8348281395523904 
27 93 1 0.8250760625135033 0.8348281395523904 0.8348281395523904 
28 65 1 0.826502609561383 0.8348281395523904 0.8348281395523904 
29 81 1 0.8231804768352633 0.8348281395523904 0.8348281395523904 
0 2792 7 0.6682753940900686 0.8329982119033941 0.8329982119033941 
1 325 4 0.6979276753834178 0.8329982119033941 0.8329982119033941 
2 37 2 0.7329463459640587 0.8278171325129251 0.8329982119033941 
3 459 3 0.753456936276483 0.8329982119033941 0.8329982119033941 
4 138 2 0.7752701480442085 0.8329982119033941 0.8329982119033941 
5 266 2 0.7912239659576379 0.8329982119033941 0.8329982119033941 
6 146 1 0.8017695106788115 0.8329982119033941 0.8329982119033941 
7 179 1 0.8085848451125506 0.8329982119033941 0.8329982119033941 
8 103 2 0.8134656354704027 0.8329982119033941 0.8329982119033941 
9 68 2 0.8187729064940485 0.8329982119033941 0.8329982119033941 
10 11 2 0.8237672569013174 0.8329982119033941 0.8329982119033941 
11 82 1 0.8248894463348647 0.8329982119033941 0.8329982119033941 
12 85 1 0.8196288557777922 0.8329982119033941 0.8329982119033941 
13 103 3 0.8263742798317351 0.8329982119033941 0.8329982119033941 
14 36 1 0.8248675320272959 0.8329982119033941 0.8329982119033941 
15 45 2 0.8218607344209051 0.8329982119033941 0.8329982119033941 
16 42 1 0.8212384220653699 0.8329982119033941 0.8329982119033941 
17 24 1 0.8228366004624731 0.8329982119033941 0.8329982119033941 
18 47 1 0.8225058484400682 0.8329982119033941 0.8329982119033941 
19 136 2 0.8186369584793561 0.8329982119033941 0.8329982119033941 
20 51 1 0.8266724872099301 0.8329982119033941 0.8329982119033941 
21 45 1 0.8200336221509287 0.8329982119033941 0.8329982119033941 
22 43 2 0.8223890096495142 0.8329982119033941 0.8329982119033941 
23 19 2 0.8229429455268228 0.8329982119033941 0.8329982119033941 
24 76 1 0.8235899044593269 0.8329982119033941 0.8329982119033941 
25 65 1 0.8226148263131069 0.8329982119033941 0.8329982119033941 
26 70 1 0.8209581934718487 0.8329982119033941 0.8329982119033941 
27 45 1 0.8210510251014097 0.8329982119033941 0.8329982119033941 
28 22 1 0.8235950608725372 0.8329982119033941 0.8329982119033941 
29 97 1 0.820303929785003 0.8329982119033941 0.8329982119033941 
0 2463 4 0.6716314673348543 0.826797786781108 0.826797786781108 
1 226 2 0.7144544700989688 0.826797786781108 0.826797786781108 
2 226 1 0.7491052031993326 0.8329982119033941 0.8329982119033941 
3 147 2 0.7760808192897619 0.8329982119033941 0.8329982119033941 
4 89 1 0.7938299599104894 0.8329982119033941 0.8329982119033941 
5 79 1 0.7981822420621042 0.8329982119033941 0.8329982119033941 
6 201 1 0.803092972910674 0.8329982119033941 0.8329982119033941 
7 41 1 0.8103201563455497 0.8329982119033941 0.8329982119033941 
8 36 1 0.8110905255828104 0.8329982119033941 0.8329982119033941 
9 19 1 0.8140953713705487 0.8329982119033941 0.8329982119033941 
10 162 1 0.8167381346465565 0.8329982119033941 0.8329982119033941 
11 11 1 0.8233075191770142 0.8329982119033941 0.8329982119033941 
12 44 1 0.8231335198256196 0.8329982119033941 0.8329982119033941 
13 68 2 0.8227550416349746 0.8329982119033941 0.8329982119033941 
14 33 1 0.8270574280730076 0.8329982119033941 0.8329982119033941 
15 45 1 0.821382581913207 0.8329982119033941 0.8329982119033941 
16 46 1 0.8210389091474093 0.8329982119033941 0.8329982119033941 
17 21 1 0.8225212074942432 0.8329982119033941 0.8329982119033941 
18 97 1 0.8217024309700921 0.8329982119033941 0.8329982119033941 
19 62 1 0.8234750678537925 0.8329982119033941 0.8329982119033941 
20 24 1 0.8273976683733646 0.8329982119033941 0.8329982119033941 
21 65 1 0.8177818986387371 0.8329982119033941 0.8329982119033941 
22 35 1 0.8194934633412925 0.8329982119033941 0.8329982119033941 
23 84 1 0.8223003930394134 0.8329982119033941 0.8329982119033941 
24 11 1 0.8260676315643981 0.8329982119033941 0.8329982119033941 
25 59 1 0.8258913963525966 0.8348281395523904 0.8348281395523904 
26 5 1 0.8247386333998802 0.8348281395523904 0.8348281395523904 
27 37 1 0.8220025536600994 0.8329982119033941 0.8348281395523904 
28 12 0 0.8272096562101904 0.8329982119033941 0.8348281395523904 
29 38 1 0.8262537213793544 0.8329982119033941 0.8348281395523904 
0 3111 4 0.6665178161094758 0.8200548002851134 0.8200548002851134 
1 203 3 0.7084873682177658 0.8200548002851134 0.8200548002851134 
2 206 2 0.741748595263862 0.826797786781108 0.826797786781108 
3 336 2 0.7682413739111442 0.8329982119033941 0.8329982119033941 
4 90 2 0.7864494688257441 0.8348281395523904 0.8348281395523904 
5 84 1 0.8001728931542412 0.8348281395523904 0.8348281395523904 
6 111 1 0.8063174801897689 0.8348281395523904 0.8348281395523904 
7 124 1 0.8189321341654437 0.8348281395523904 0.8348281395523904 
8 41 2 0.8193723633493595 0.8348281395523904 0.8348281395523904 
9 62 1 0.8191171076313358 0.8348281395523904 0.8348281395523904 
10 85 1 0.8261834939677621 0.8348281395523904 0.8348281395523904 
11 17 1 0.8253918284280811 0.8348281395523904 0.8348281395523904 
12 60 1 0.8220020566334622 0.8348281395523904 0.8348281395523904 
13 105 2 0.8260544199639485 0.8348281395523904 0.8348281395523904 
14 175 1 0.8184489092033806 0.8348281395523904 0.8348281395523904 
15 73 1 0.8247638392034784 0.8348281395523904 0.8348281395523904 
16 30 1 0.8239497321668405 0.8348281395523904 0.8348281395523904 
17 88 1 0.8223993685069203 0.8348281395523904 0.8348281395523904 
18 60 1 0.8281740001333883 0.8348281395523904 0.8348281395523904 
19 43 1 0.8264715638302127 0.8348281395523904 0.8348281395523904 
20 85 1 0.8268487314165472 0.8348281395523904 0.8348281395523904 
21 65 1 0.8289830859810314 0.8348281395523904 0.8348281395523904 
22 172 1 0.821111872741361 0.8348281395523904 0.8348281395523904 
23 40 1 0.8209346333819415 0.8348281395523904 0.8348281395523904 
24 110 1 0.8226777585490898 0.8348281395523904 0.8348281395523904 
25 101 1 0.8248397868487016 0.8348281395523904 0.8348281395523904 
26 89 1 0.822238373506977 0.8348281395523904 0.8348281395523904 
27 15 1 0.8228489466318883 0.8348281395523904 0.8348281395523904 
28 52 1 0.8265431921602271 0.8348281395523904 0.8348281395523904 
29 47 1 0.8248779067269963 0.8348281395523904 0.8348281395523904 
0 3628 7 0.6646119594202067 0.8099891893218024 0.8099891893218024 
1 178 4 0.699478797311088 0.8278171325129251 0.8278171325129251 
2 77 2 0.7319644084788781 0.8317025591633533 0.8317025591633533 
3 269 2 0.7532551895804839 0.8236149737880771 0.8317025591633533 
4 116 1 0.7714851745191187 0.8280028519822915 0.8317025591633533 
5 108 1 0.7844837753502061 0.8317025591633533 0.8317025591633533 
6 341 2 0.7906559592980957 0.8317025591633533 0.8317025591633533 
7 258 1 0.8002674818030414 0.8317025591633533 0.8317025591633533 
8 251 1 0.8065637682132987 0.8317025591633533 0.8317025591633533 
9 109 1 0.8079061058140552 0.8317025591633533 0.8317025591633533 
10 213 1 0.8094838729347112 0.8317025591633533 0.8317025591633533 
11 79 1 0.8137938189994265 0.8329982119033941 0.8329982119033941 
12 201 2 0.8112059709476516 0.8329982119033941 0.8329982119033941 
13 216 3 0.8172407351538878 0.8329982119033941 0.8329982119033941 
14 162 1 0.8211170883750297 0.8329982119033941 0.8329982119033941 
15 183 1 0.8211392056802257 0.8329982119033941 0.8329982119033941 
16 198 1 0.8172269162370508 0.8329982119033941 0.8329982119033941 
17 242 1 0.8135700093901044 0.8329982119033941 0.8329982119033941 
18 142 1 0.8196217378709314 0.834282549943663 0.834282549943663 
19 133 1 0.8253403132829453 0.834282549943663 0.834282549943663 
20 127 1 0.818417696458329 0.834282549943663 0.834282549943663 
21 37 2 0.8212656552531088 0.834282549943663 0.834282549943663 
22 59 1 0.8227844789686043 0.834282549943663 0.834282549943663 
23 38 1 0.8235648253142063 0.834282549943663 0.834282549943663 
24 44 1 0.8219866127756538 0.834282549943663 0.834282549943663 
25 62 1 0.8257840460314557 0.834282549943663 0.834282549943663 
26 16 1 0.8282838346575165 0.834282549943663 0.834282549943663 
27 252 1 0.8218089326555649 0.834282549943663 0.834282549943663 
28 133 1 0.8235104025805562 0.834282549943663 0.834282549943663 
29 324 1 0.8184172837859365 0.834282549943663 0.834282549943663 
0 2399 4 0.6672998553180336 0.8119038852883053 0.8119038852883053 
1 126 2 0.699760007752989 0.8122161888754802 0.8122161888754802 
2 114 2 0.7278694247039124 0.8329982119033941 0.8329982119033941 
3 256 1 0.7464935657715902 0.8254412843198553 0.8329982119033941 
4 185 1 0.7631868172259982 0.8329982119033941 0.8329982119033941 
5 296 1 0.7766051224991386 0.8332828054053143 0.8332828054053143 
6 86 1 0.7950917757063016 0.8332828054053143 0.8332828054053143 
7 31 1 0.803182221636006 0.8329982119033941 0.8332828054053143 
8 186 1 0.8105794391454951 0.8329982119033941 0.8332828054053143 
9 27 1 0.8144177937539436 0.8329982119033941 0.8332828054053143 
10 151 1 0.8132685542198475 0.8329982119033941 0.8332828054053143 
11 39 0 0.8185201917217292 0.8329982119033941 0.8332828054053143 
12 98 0 0.8209456565943164 0.8329982119033941 0.8332828054053143 
13 56 2 0.8194611877192151 0.8329982119033941 0.8332828054053143 
14 60 0 0.8212998850065758 0.8329982119033941 0.8332828054053143 
15 133 0 0.8201161231053525 0.8329982119033941 0.8332828054053143 
16 41 1 0.8266088608956759 0.8329982119033941 0.8332828054053143 
17 51 1 0.8256666685779034 0.8329982119033941 0.8332828054053143 
18 41 0 0.8249533170011354 0.8329982119033941 0.8332828054053143 
19 47 1 0.8223798231377282 0.8329982119033941 0.8332828054053143 
20 36 1 0.8252759078651449 0.8329982119033941 0.8332828054053143 
21 57 1 0.8208466446280182 0.8329982119033941 0.8332828054053143 
22 70 1 0.8216460493686408 0.8329982119033941 0.8332828054053143 
23 20 0 0.8262606214465572 0.8329982119033941 0.8332828054053143 
24 31 0 0.8249777181570359 0.8329982119033941 0.8332828054053143 
25 18 0 0.8257307976848809 0.8329982119033941 0.8332828054053143 
26 20 1 0.8270266067784836 0.8329982119033941 0.8332828054053143 
27 18 1 0.8242104440900814 0.8329982119033941 0.8332828054053143 
28 34 1 0.8234522185328743 0.8329982119033941 0.8332828054053143 
29 60 1 0.8264288429178618 0.8329982119033941 0.8332828054053143 
0 2437 5 0.6574116917525068 0.815043793245648 0.815043793245648 
1 238 2 0.6932689209246362 0.8329982119033941 0.8329982119033941 
2 266 1 0.7227862189274038 0.8329982119033941 0.8329982119033941 
3 222 1 0.746647526276231 0.8235376234113319 0.8329982119033941 
4 183 1 0.7666898530669412 0.8278171325129251 0.8329982119033941 
5 118 1 0.7830092522398674 0.8329982119033941 0.8329982119033941 
6 16 1 0.8024064388048789 0.8332828054053143 0.8332828054053143 
7 112 1 0.8097968215941646 0.8332828054053143 0.8332828054053143 
8 112 2 0.8061261101010168 0.8332828054053143 0.8332828054053143 
9 102 1 0.8124474556146155 0.8332828054053143 0.8332828054053143 
10 89 1 0.8098421552684161 0.8332828054053143 0.8332828054053143 
11 43 1 0.8166813837559792 0.8332828054053143 0.8332828054053143 
12 44 1 0.8149566148413079 0.8329982119033941 0.8332828054053143 
13 51 3 0.8140787219550291 0.8329982119033941 0.8332828054053143 
14 194 0 0.8133072507845445 0.8329982119033941 0.8332828054053143 
15 86 1 0.8136793209223632 0.8329982119033941 0.8332828054053143 
16 163 1 0.8183238211054451 0.8329982119033941 0.8332828054053143 
17 42 1 0.8216940504908388 0.8329982119033941 0.8332828054053143 
18 70 1 0.8224746528816024 0.8353785911308731 0.8353785911308731 
19 92 1 0.8185459366750297 0.8353785911308731 0.8353785911308731 
20 20 0 0.8206819776347061 0.8353785911308731 0.8353785911308731 
21 57 1 0.8199236777497596 0.8353785911308731 0.8353785911308731 
22 77 1 0.8224130317016076 0.8353785911308731 0.8353785911308731 
23 59 1 0.8206077651952072 0.8353785911308731 0.8353785911308731 
24 39 1 0.8183180761460315 0.8353785911308731 0.8353785911308731 
25 49 1 0.8232401729453213 0.8353785911308731 0.8353785911308731 
26 134 0 0.8204485660176585 0.8353785911308731 0.8353785911308731 
27 63 0 0.822189180811039 0.8353785911308731 0.8353785911308731 
28 111 1 0.8230375975016527 0.8353785911308731 0.8353785911308731 
29 56 1 0.8244156387265875 0.8353785911308731 0.8353785911308731 
0 1960 4 0.6709238275012975 0.826797786781108 0.826797786781108 
1 82 2 0.7067499608307678 0.826797786781108 0.826797786781108 
2 230 2 0.7365411848202887 0.8284137624099025 0.8284137624099025 
3 76 2 0.7611916565035497 0.8284137624099025 0.8284137624099025 
4 85 1 0.7837353741450507 0.8284137624099025 0.8284137624099025 
5 103 1 0.7981355611843532 0.8284137624099025 0.8284137624099025 
6 22 1 0.8133355649707927 0.8284137624099025 0.8284137624099025 
7 144 2 0.8111278556014173 0.8348281395523904 0.8348281395523904 
8 101 1 0.8106238867118682 0.8348281395523904 0.8348281395523904 
9 19 1 0.8170958334388857 0.8329982119033941 0.8348281395523904 
10 50 1 0.8210091195197928 0.8329982119033941 0.8348281395523904 
11 43 1 0.8200366409613686 0.8329982119033941 0.8348281395523904 
12 52 1 0.817059216237658 0.8348281395523904 0.8348281395523904 
13 32 2 0.8216483249806528 0.8348281395523904 0.8348281395523904 
14 54 1 0.8229243534147609 0.8348281395523904 0.8348281395523904 
15 36 1 0.8185987584143821 0.8348281395523904 0.8348281395523904 
16 32 0 0.8240690131205685 0.8348281395523904 0.8348281395523904 
17 46 1 0.8247770990063364 0.8348281395523904 0.8348281395523904 
18 73 1 0.8250489243699477 0.8348281395523904 0.8348281395523904 
19 90 1 0.8214134050135108 0.8348281395523904 0.8348281395523904 
20 25 0 0.8245320777891192 0.8348281395523904 0.8348281395523904 
21 22 1 0.8253772622007695 0.8348281395523904 0.8348281395523904 
22 40 1 0.8252672732962211 0.8348281395523904 0.8348281395523904 
23 25 0 0.8263956989662035 0.8348281395523904 0.8348281395523904 
24 21 1 0.8251474130829543 0.8348281395523904 0.8348281395523904 
25 35 0 0.8280355421800744 0.8348281395523904 0.8348281395523904 
26 56 1 0.822632692842276 0.8348281395523904 0.8348281395523904 
27 9 1 0.8286644945268635 0.8348281395523904 0.8348281395523904 
28 18 1 0.8262803685540738 0.8348281395523904 0.8348281395523904 
29 47 1 0.8217314481659963 0.8348281395523904 0.8348281395523904 
0 1955 5 0.67295297857708 0.826797786781108 0.826797786781108 
1 113 2 0.7092199992298502 0.826797786781108 0.826797786781108 
2 235 2 0.7321643208120444 0.8284137624099026 0.8284137624099026 
3 316 2 0.7548875773884337 0.8284137624099026 0.8284137624099026 
4 323 2 0.7762489718966329 0.8284137624099026 0.8284137624099026 
5 83 1 0.7919351980471118 0.8280028519822915 0.8284137624099026 
6 101 1 0.8064610559104081 0.8280028519822915 0.8284137624099026 
7 78 1 0.8075758841678418 0.8280028519822915 0.8284137624099026 
8 98 1 0.8059479089944607 0.8280028519822915 0.8284137624099026 
9 13 1 0.8137425823681 0.8280028519822915 0.8284137624099026 
10 85 1 0.8083912126822947 0.8280028519822915 0.8284137624099026 
11 32 1 0.8104422146691721 0.8280028519822915 0.8284137624099026 
12 41 2 0.8127976235717063 0.8329982119033941 0.8329982119033941 
13 50 3 0.8141193967301631 0.8329982119033941 0.8329982119033941 
14 58 1 0.81216227388861 0.8329982119033941 0.8329982119033941 
15 75 1 0.8156981889621163 0.8329982119033941 0.8329982119033941 
16 113 1 0.8153356406243364 0.8329982119033941 0.8329982119033941 
17 33 1 0.8135860156310959 0.8329982119033941 0.8329982119033941 
18 50 1 0.8155693150253391 0.8329982119033941 0.8329982119033941 
19 60 0 0.8125725371559447 0.8329982119033941 0.8329982119033941 
20 96 0 0.8153442350919111 0.8329982119033941 0.8329982119033941 
21 74 1 0.8210148416522468 0.8329982119033941 0.8329982119033941 
22 121 1 0.8111675529562276 0.8329982119033941 0.8329982119033941 
23 73 0 0.8224912773774835 0.8329982119033941 0.8329982119033941 
24 89 1 0.8212927965130248 0.8329982119033941 0.8329982119033941 
25 21 1 0.8261384717120076 0.8329982119033941 0.8329982119033941 
26 72 0 0.826774671829893 0.8329982119033941 0.8329982119033941 
27 56 0 0.8287424923558483 0.8329982119033941 0.8329982119033941 
28 37 1 0.8239427341301991 0.8329982119033941 0.8329982119033941 
29 47 1 0.823803358859395 0.8329982119033941 0.8329982119033941 
0 2358 7 0.6720041220104279 0.8235184683501504 0.8235184683501504 
1 240 3 0.7070318042742653 0.826797786781108 0.826797786781108 
2 329 2 0.7414666039164086 0.8280028519822915 0.8280028519822915 
3 353 3 0.7567546372877989 0.8235184683501504 0.8280028519822915 
4 108 2 0.7739177128140817 0.8280028519822915 0.8280028519822915 
5 89 2 0.7892625956596475 0.8280028519822915 0.8280028519822915 
6 63 2 0.8026511320311991 0.8280028519822915 0.8280028519822915 
7 96 1 0.8081124528342565 0.8329982119033941 0.8329982119033941 
8 116 2 0.8074991192605816 0.8329982119033941 0.8329982119033941 
9 40 1 0.8111844881978263 0.8329982119033941 0.8329982119033941 
10 38 1 0.8137953058623876 0.8329982119033941 0.8329982119033941 
11 200 2 0.8128823814772512 0.8329982119033941 0.8329982119033941 
12 124 1 0.8112812121170027 0.8329982119033941 0.8329982119033941 
13 126 3 0.809594654559004 0.8329982119033941 0.8329982119033941 
14 50 1 0.8159931169234809 0.8329982119033941 0.8329982119033941 
15 30 2 0.815477800175872 0.8329982119033941 0.8329982119033941 
16 79 1 0.8157317415241765 0.8329982119033941 0.8329982119033941 
17 147 3 0.8159764748142415 0.8329982119033941 0.8329982119033941 
18 79 2 0.8195689194751736 0.8329982119033941 0.8329982119033941 
19 59 1 0.8173610299304577 0.8329982119033941 0.8329982119033941 
20 18 1 0.8240871625687037 0.8329982119033941 0.8329982119033941 
21 45 1 0.8233852631791123 0.8329982119033941 0.8329982119033941 
22 87 1 0.8247734306621578 0.8329982119033941 0.8329982119033941 
23 64 1 0.8215585661924056 0.8329982119033941 0.8329982119033941 
24 92 2 0.8281939699607022 0.8329982119033941 0.8329982119033941 
25 72 1 0.8252360054995082 0.8329982119033941 0.8329982119033941 
26 115 2 0.823349591390555 0.8329982119033941 0.8329982119033941 
27 39 1 0.8222869956432646 0.8329982119033941 0.8329982119033941 
28 51 1 0.8236850381380222 0.8329982119033941 0.8329982119033941 
29 103 1 0.8229782488757403 0.8329982119033941 0.8329982119033941 
0 2182 4 0.664233737958408 0.8329982119033941 0.8329982119033941 
1 314 3 0.6994213178741893 0.8329982119033941 0.8329982119033941 
2 252 4 0.728422617887563 0.8329982119033941 0.8329982119033941 
3 57 3 0.7605860035416547 0.8343503152266214 0.8343503152266214 
4 62 1 0.7733187014116464 0.8332828054053143 0.8343503152266214 
5 65 2 0.7930585443408309 0.8329982119033941 0.8343503152266214 
6 38 1 0.8077435198385909 0.8329982119033941 0.8343503152266214 
7 90 1 0.8123161225249558 0.8329982119033941 0.8343503152266214 
8 57 1 0.8180648749569195 0.8329982119033941 0.8343503152266214 
9 84 1 0.8196165166765931 0.8329982119033941 0.8343503152266214 
10 63 1 0.8233206965665666 0.8329982119033941 0.8343503152266214 
11 17 1 0.8241290082354021 0.8329982119033941 0.8343503152266214 
12 72 1 0.8217912987039724 0.8329982119033941 0.8343503152266214 
13 48 3 0.8199671107094372 0.8348281395523904 0.8348281395523904 
14 24 2 0.8224488673454541 0.8348281395523904 0.8348281395523904 
15 72 1 0.8205772707414838 0.8348281395523904 0.8348281395523904 
16 26 1 0.8258999383437122 0.8348281395523904 0.8348281395523904 
17 170 1 0.8190151167453348 0.8348281395523904 0.8348281395523904 
18 33 1 0.8236651618949583 0.8348281395523904 0.8348281395523904 
19 87 1 0.8217817859903843 0.8348281395523904 0.8348281395523904 
20 55 1 0.8277610391270603 0.8348281395523904 0.8348281395523904 
21 80 1 0.8197108365671033 0.8348281395523904 0.8348281395523904 
22 7 1 0.8253541003861585 0.8348281395523904 0.8348281395523904 
23 12 1 0.8259812514297002 0.8348281395523904 0.8348281395523904 
24 50 1 0.8255666778846699 0.8348281395523904 0.8348281395523904 
25 54 1 0.8234782848674214 0.8348281395523904 0.8348281395523904 
26 13 1 0.8275048711462856 0.8348281395523904 0.8348281395523904 
27 64 1 0.8226802816031982 0.8348281395523904 0.8348281395523904 
28 25 1 0.8252546046870785 0.8348281395523904 0.8348281395523904 
29 17 1 0.8256828948418391 0.8348281395523904 0.8348281395523904 
0 1792 5 0.6632982221008709 0.8329982119033941 0.8329982119033941 
1 490 2 0.6940468029527017 0.8329982119033941 0.8329982119033941 
2 247 2 0.7228362432473028 0.8329982119033941 0.8329982119033941 
3 124 2 0.7442101475365049 0.8329982119033941 0.8329982119033941 
4 212 1 0.7625056921770265 0.8329982119033941 0.8329982119033941 
5 101 2 0.7828244746661913 0.8329982119033941 0.8329982119033941 
6 187 1 0.7958272840334351 0.8329982119033941 0.8329982119033941 
7 139 1 0.8018574521813049 0.8329982119033941 0.8329982119033941 
8 105 1 0.8072146203332463 0.8329982119033941 0.8329982119033941 
9 192 1 0.8150724356257123 0.8329982119033941 0.8329982119033941 
10 137 1 0.8169971453395597 0.8329982119033941 0.8329982119033941 
11 53 1 0.824907344605803 0.8329982119033941 0.8329982119033941 
12 69 1 0.8225754910912343 0.8329982119033941 0.8329982119033941 
13 63 3 0.8244059881037822 0.8329982119033941 0.8329982119033941 
14 31 1 0.8248706082531363 0.8329982119033941 0.8329982119033941 
15 25 1 0.8254337716016447 0.8329982119033941 0.8329982119033941 
16 34 1 0.823235554564947 0.8348281395523904 0.8348281395523904 
17 89 1 0.8204375054981642 0.8348281395523904 0.8348281395523904 
18 33 1 0.8246581872179628 0.8348281395523904 0.8348281395523904 
19 49 1 0.8277859514564851 0.8348281395523904 0.8348281395523904 
20 71 1 0.8207451347934458 0.8348281395523904 0.8348281395523904 
21 70 1 0.8220796537414979 0.8348281395523904 0.8348281395523904 
22 100 1 0.8205892774530272 0.8348281395523904 0.8348281395523904 
23 63 1 0.820085193830358 0.8348281395523904 0.8348281395523904 
24 72 1 0.8232817756114588 0.8348281395523904 0.8348281395523904 
25 40 1 0.8238587973066528 0.8348281395523904 0.8348281395523904 
26 66 1 0.8233474121571993 0.8348281395523904 0.8348281395523904 
27 61 1 0.8234704965329898 0.8348281395523904 0.8348281395523904 
28 54 1 0.8264682031300669 0.8348281395523904 0.8348281395523904 
29 112 1 0.8235528799813303 0.8348281395523904 0.8348281395523904 
0 2382 7 0.6703059303266602 0.8073148440699892 0.8073148440699892 
1 254 3 0.7021320490706221 0.815043793245648 0.815043793245648 
2 233 2 0.7280697470916344 0.8223543992818187 0.8223543992818187 
3 192 2 0.749531673416876 0.8329982119033941 0.8329982119033941 
4 295 1 0.7706678691653208 0.8348281395523904 0.8348281395523904 
5 258 1 0.782639130101382 0.8329982119033941 0.8348281395523904 
6 60 2 0.8007197447428309 0.8348281395523904 0.8348281395523904 
7 188 1 0.8088851549338716 0.8329982119033941 0.8348281395523904 
8 125 1 0.8128913468629194 0.8329982119033941 0.8348281395523904 
9 63 2 0.8126609462899717 0.8329982119033941 0.8348281395523904 
10 139 1 0.8141498282617095 0.8329982119033941 0.8348281395523904 
11 109 1 0.8194545680498387 0.8329982119033941 0.8348281395523904 
12 96 1 0.8186542164726335 0.8348281395523904 0.8348281395523904 
13 102 3 0.8251912135067313 0.8348281395523904 0.8348281395523904 
14 70 1 0.8256304248405644 0.8348281395523904 0.8348281395523904 
15 97 1 0.8222529140965475 0.8348281395523904 0.8348281395523904 
16 77 1 0.8164665414234399 0.8348281395523904 0.8348281395523904 
17 103 1 0.822543606269025 0.8348281395523904 0.8348281395523904 
18 63 1 0.8188231635751538 0.8348281395523904 0.8348281395523904 
19 33 1 0.826659332628946 0.8348281395523904 0.8348281395523904 
20 105 1 0.8234064507400389 0.8348281395523904 0.8348281395523904 
21 65 2 0.823133304607413 0.8348281395523904 0.8348281395523904 
22 103 1 0.8265155835786095 0.8348281395523904 0.8348281395523904 
23 19 1 0.8279317971170334 0.8348281395523904 0.8348281395523904 
24 47 1 0.8246091566665806 0.8348281395523904 0.8348281395523904 
25 76 1 0.8285321157992045 0.8348281395523904 0.8348281395523904 
26 241 1 0.822117470143019 0.8348281395523904 0.8348281395523904 
27 16 1 0.8267465095020091 0.8348281395523904 0.8348281395523904 
28 112 1 0.8205585160036816 0.8348281395523904 0.8348281395523904 
29 165 1 0.8166017357490002 0.8348281395523904 0.8348281395523904 
0 2376 5 0.6703570880036431 0.8329982119033941 0.8329982119033941 
1 363 2 0.7136896153267307 0.8217621576095686 0.8329982119033941 
2 275 3 0.7473460097537195 0.8329982119033941 0.8329982119033941 
3 234 2 0.7722985298852403 0.8329982119033941 0.8329982119033941 
4 337 1 0.7798407688481435 0.8329982119033941 0.8329982119033941 
5 21 1 0.800948614759666 0.8329982119033941 0.8329982119033941 
6 207 1 0.800057938346483 0.8329982119033941 0.8329982119033941 
7 55 1 0.8061128622945608 0.8348281395523904 0.8348281395523904 
8 134 1 0.8108540784046282 0.8348281395523904 0.8348281395523904 
9 240 1 0.8069019507552779 0.8348281395523904 0.8348281395523904 
10 96 1 0.8162890551158357 0.8348281395523904 0.8348281395523904 
11 61 1 0.8185823925019511 0.8348281395523904 0.8348281395523904 
12 120 0 0.8226028743066197 0.8348281395523904 0.8348281395523904 
13 20 2 0.8237940940211174 0.8348281395523904 0.8348281395523904 
14 37 0 0.8267201136007085 0.8348281395523904 0.8348281395523904 
15 133 1 0.8204447732906186 0.8348281395523904 0.8348281395523904 
16 45 1 0.8234031554460222 0.8348281395523904 0.8348281395523904 
17 92 1 0.8265371813861847 0.8348281395523904 0.8348281395523904 
18 14 1 0.8266500622229244 0.8348281395523904 0.8348281395523904 
19 42 1 0.8232697197048598 0.8348281395523904 0.8348281395523904 
20 28 1 0.8262501367037375 0.8348281395523904 0.8348281395523904 
21 60 1 0.8241711390418377 0.8348281395523904 0.8348281395523904 
22 64 1 0.8238781162160116 0.8348281395523904 0.8348281395523904 
23 92 1 0.8228052169888207 0.8348281395523904 0.8348281395523904 
24 43 0 0.8268632525821209 0.8348281395523904 0.8348281395523904 
25 28 1 0.8258511406098384 0.8348281395523904 0.8348281395523904 
26 30 1 0.8231781569574076 0.8348281395523904 0.8348281395523904 
27 93 1 0.8284415340895115 0.8348281395523904 0.8348281395523904 
28 79 1 0.8247968853208217 0.8348281395523904 0.8348281395523904 
29 117 0 0.8243916425790451 0.8348281395523904 0.8348281395523904 
0 3065 5 0.6673649000834466 0.826797786781108 0.826797786781108 
1 599 3 0.7010991685510721 0.826797786781108 0.826797786781108 
2 144 2 0.7354062157773565 0.834282549943663 0.834282549943663 
3 226 2 0.759195373370897 0.8278171325129251 0.834282549943663 
4 239 1 0.7779691623412538 0.8278171325129251 0.834282549943663 
5 92 1 0.7969111201533174 0.8280028519822915 0.834282549943663 
6 68 1 0.8055611704790527 0.8329982119033941 0.834282549943663 
7 54 1 0.8099572665141046 0.8329982119033941 0.834282549943663 
8 54 1 0.813262366775659 0.8329982119033941 0.834282549943663 
9 94 1 0.8112652042122639 0.8329982119033941 0.834282549943663 
10 76 1 0.8181480079884266 0.8329982119033941 0.834282549943663 
11 76 1 0.8101706372599662 0.8329982119033941 0.834282549943663 
12 26 0 0.8136558141555493 0.8329982119033941 0.834282549943663 
13 39 2 0.8172843903162166 0.8329982119033941 0.834282549943663 
14 51 1 0.81504173134747 0.8329982119033941 0.834282549943663 
15 66 1 0.821058110084424 0.8329982119033941 0.834282549943663 
16 51 1 0.8207917534028976 0.8329982119033941 0.834282549943663 
17 78 1 0.8226613663550816 0.8329982119033941 0.834282549943663 
18 38 1 0.8216909671041432 0.8329982119033941 0.834282549943663 
19 9 1 0.8239685000643857 0.8329982119033941 0.834282549943663 
20 108 1 0.8185894330562753 0.8348281395523904 0.8348281395523904 
21 49 1 0.822014646602495 0.8348281395523904 0.8348281395523904 
22 73 1 0.8184874781385281 0.8348281395523904 0.8348281395523904 
23 46 0 0.823960824566268 0.8348281395523904 0.8348281395523904 
24 26 1 0.8241589286125319 0.8348281395523904 0.8348281395523904 
25 50 0 0.8200344696107691 0.8348281395523904 0.8348281395523904 
26 134 1 0.8208446809753686 0.8348281395523904 0.8348281395523904 
27 73 1 0.8240702087534337 0.8348281395523904 0.8348281395523904 
28 38 1 0.8241383079273708 0.8348281395523904 0.8348281395523904 
29 71 0 0.8196497522287934 0.8348281395523904 0.8348281395523904 
0 3127 7 0.66526935812498 0.8235184683501504 0.8235184683501504 
1 226 4 0.7008495360742333 0.8236149737880771 0.8236149737880771 
2 152 2 0.7327492376937685 0.8374664679891537 0.8374664679891537 
3 60 2 0.7626662399029922 0.8374664679891537 0.8374664679891537 
4 226 2 0.7782793011917893 0.8374664679891537 0.8374664679891537 
5 169 1 0.794382118938121 0.8374664679891537 0.8374664679891537 
6 39 2 0.8084586127827936 0.8348281395523904 0.8374664679891537 
7 51 1 0.809648156444844 0.8348281395523904 0.8374664679891537 
8 120 2 0.8086556540129213 0.8348281395523904 0.8374664679891537 
9 77 1 0.8129713578397586 0.8348281395523904 0.8374664679891537 
10 55 1 0.8133780640043698 0.8348281395523904 0.8374664679891537 
11 81 1 0.8174225136499712 0.8348281395523904 0.8374664679891537 
12 50 2 0.8205827725826417 0.8348281395523904 0.8374664679891537 
13 63 3 0.8133409332964677 0.8348281395523904 0.8374664679891537 
14 79 2 0.8171459050299302 0.8348281395523904 0.8374664679891537 
15 125 2 0.818348180328147 0.8348281395523904 0.8374664679891537 
16 81 1 0.8188095458329792 0.8348281395523904 0.8374664679891537 
17 22 2 0.8216453810919419 0.8348281395523904 0.8374664679891537 
18 91 1 0.8223558905259916 0.8348281395523904 0.8374664679891537 
19 52 1 0.8267572777684487 0.8348281395523904 0.8374664679891537 
20 27 1 0.8272251588634297 0.8348281395523904 0.8374664679891537 
21 58 1 0.8244326886360617 0.8348281395523904 0.8374664679891537 
22 162 1 0.8235975530883564 0.8348281395523904 0.8374664679891537 
23 33 1 0.8224400779632923 0.8348281395523904 0.8374664679891537 
24 98 1 0.8234449342773571 0.8348281395523904 0.8374664679891537 
25 73 1 0.8242736537853581 0.8348281395523904 0.8374664679891537 
26 18 1 0.8249370392956752 0.8348281395523904 0.8374664679891537 
27 86 1 0.8256449764947574 0.8348281395523904 0.8374664679891537 
28 123 1 0.8204239114099484 0.8348281395523904 0.8374664679891537 
29 46 1 0.824977284624419 0.8348281395523904 0.8374664679891537 
0 1967 4 0.6652223272418396 0.8179001514451336 0.8179001514451336 
1 397 2 0.6966662065157364 0.8179001514451336 0.8179001514451336 
2 310 3 0.724670643737729 0.8281756343046582 0.8281756343046582 
3 164 2 0.7537516788339665 0.8281756343046582 0.8281756343046582 
4 87 1 0.7718627857209439 0.8236149737880771 0.8281756343046582 
5 221 1 0.7893716433089856 0.8329982119033941 0.8329982119033941 
6 59 1 0.799541618358171 0.8329982119033941 0.8329982119033941 
7 168 1 0.8032367428402307 0.8329982119033941 0.8329982119033941 
8 106 1 0.8115344812926982 0.8329982119033941 0.8329982119033941 
9 234 1 0.8099105572299762 0.8329982119033941 0.8329982119033941 
10 56 0 0.8155539337676281 0.8329982119033941 0.8329982119033941 
11 9 1 0.8188043754385252 0.8329982119033941 0.8329982119033941 
12 76 1 0.8147200132215592 0.8329982119033941 0.8329982119033941 
13 38 2 0.817394084403709 0.8329982119033941 0.8329982119033941 
14 68 0 0.8192552746969645 0.8348281395523904 0.8348281395523904 
15 21 1 0.823984305142147 0.8348281395523904 0.8348281395523904 
16 90 1 0.8233540498323052 0.8348281395523904 0.8348281395523904 
17 122 1 0.8180908447923646 0.8348281395523904 0.8348281395523904 
18 37 1 0.8255497764194358 0.8348281395523904 0.8348281395523904 
19 39 1 0.822997396290106 0.8348281395523904 0.8348281395523904 
20 25 1 0.8229631624452555 0.8348281395523904 0.8348281395523904 
21 19 1 0.8230530347724643 0.8348281395523904 0.8348281395523904 
22 88 1 0.82081932596585 0.8348281395523904 0.8348281395523904 
23 58 1 0.8277524696913039 0.8348281395523904 0.8348281395523904 
24 19 1 0.8247482515602751 0.8348281395523904 0.8348281395523904 
25 15 1 0.82771225237349 0.8348281395523904 0.8348281395523904 
26 16 1 0.8285091551117643 0.8348281395523904 0.8348281395523904 
27 37 1 0.8254372619074265 0.8348281395523904 0.8348281395523904 
28 66 1 0.8219662577317807 0.8348281395523904 0.8348281395523904 
29 59 1 0.8238468123492996 0.8348281395523904 0.8348281395523904 
0 2328 5 0.6608841850613696 0.823470538197262 0.823470538197262 
1 235 3 0.6981480853182697 0.82508071923147 0.82508071923147 
2 201 2 0.7260401353762097 0.82871484016933 0.82871484016933 
3 202 2 0.7477100258933139 0.834282549943663 0.834282549943663 
4 95 1 0.7669323941895209 0.8329982119033941 0.834282549943663 
5 103 2 0.7803880005698677 0.8329982119033941 0.834282549943663 
6 61 1 0.8010904665322444 0.8329982119033941 0.834282549943663 
7 39 1 0.8035110083467756 0.8329982119033941 0.834282549943663 
8 22 1 0.8170771920128587 0.8329982119033941 0.834282549943663 
9 137 1 0.8142545609293106 0.8329982119033941 0.834282549943663 
10 73 1 0.8214096943381287 0.8329982119033941 0.834282549943663 
11 38 1 0.818330757685197 0.8329982119033941 0.834282549943663 
12 108 1 0.8181493656585205 0.8329982119033941 0.834282549943663 
13 43 2 0.8243734160235664 0.8329982119033941 0.834282549943663 
14 33 0 0.8257921216280428 0.8329982119033941 0.834282549943663 
15 42 1 0.8252834690819532 0.8329982119033941 0.834282549943663 
16 39 0 0.8238653788297787 0.8329982119033941 0.834282549943663 
17 50 1 0.8227008782474375 0.8329982119033941 0.834282549943663 
18 31 1 0.8252774163232037 0.8329982119033941 0.834282549943663 
19 92 1 0.8184116822814234 0.8329982119033941 0.834282549943663 
20 67 1 0.8226548339735364 0.8329982119033941 0.834282549943663 
21 75 0 0.8245432087089248 0.8329982119033941 0.834282549943663 
22 55 0 0.8215244556328765 0.8329982119033941 0.834282549943663 
23 30 1 0.8271812013802665 0.8348281395523904 0.8348281395523904 
24 26 1 0.8248030579871218 0.8348281395523904 0.8348281395523904 
25 56 1 0.8228618626337209 0.8348281395523904 0.8348281395523904 
26 56 1 0.8197730644848484 0.8348281395523904 0.8348281395523904 
27 90 1 0.8209700658065516 0.8348281395523904 0.8348281395523904 
28 39 0 0.8213093187115368 0.8348281395523904 0.8348281395523904 
29 70 0 0.8205852798572102 0.8348281395523904 0.8348281395523904 
0 2705 7 0.6603620333018079 0.8180480672286509 0.8180480672286509 
1 127 4 0.7050535959485131 0.8198773924945676 0.8198773924945676 
2 127 3 0.7399186415696734 0.8200548002851134 0.8200548002851134 
3 237 3 0.7652456985609284 0.8348281395523904 0.8348281395523904 
4 199 2 0.7851168978939141 0.8329982119033941 0.8348281395523904 
5 184 2 0.8004735998536261 0.8329982119033941 0.8348281395523904 
6 193 1 0.8069994528605337 0.8329982119033941 0.8348281395523904 
7 195 1 0.8071259358169007 0.8329982119033941 0.8348281395523904 
8 47 1 0.8126587185610012 0.8329982119033941 0.8348281395523904 
9 76 1 0.8172995383389511 0.8329982119033941 0.8348281395523904 
10 53 1 0.8212609722653313 0.8329982119033941 0.8348281395523904 
11 30 1 0.8218358385941069 0.8329982119033941 0.8348281395523904 
12 34 1 0.825606510251346 0.8329982119033941 0.8348281395523904 
13 49 2 0.8233561999084469 0.8329982119033941 0.8348281395523904 
14 79 1 0.8187614246903914 0.8329982119033941 0.8348281395523904 
15 27 1 0.8243628613927886 0.8329982119033941 0.8348281395523904 
16 137 1 0.8234534023628912 0.8329982119033941 0.8348281395523904 
17 53 2 0.8243903120931237 0.8329982119033941 0.8348281395523904 
18 106 1 0.822521151759711 0.8329982119033941 0.8348281395523904 
19 37 2 0.8239206282903717 0.8329982119033941 0.8348281395523904 
20 31 1 0.8242076471717489 0.8329982119033941 0.8348281395523904 
21 51 1 0.8252569889724839 0.8329982119033941 0.8348281395523904 
22 32 1 0.8237692023554775 0.8329982119033941 0.8348281395523904 
23 36 1 0.8272828034478672 0.8329982119033941 0.8348281395523904 
24 36 1 0.8207888917025228 0.8329982119033941 0.8348281395523904 
25 105 1 0.8219865976015487 0.8329982119033941 0.8348281395523904 
26 12 1 0.8204503583522225 0.8329982119033941 0.8348281395523904 
27 12 1 0.8232146239288634 0.8329982119033941 0.8348281395523904 
28 66 1 0.8263766471687373 0.8329982119033941 0.8348281395523904 
29 78 1 0.8220098232975976 0.8329982119033941 0.8348281395523904 
0 2134 4 0.668700205495297 0.8200548002851134 0.8200548002851134 
1 134 2 0.7092879069669331 0.8200548002851134 0.8200548002851134 
2 163 2 0.7420318724349082 0.8281756343046582 0.8281756343046582 
3 121 2 0.7703284360578732 0.828361289744503 0.828361289744503 
4 46 1 0.7889047582335731 0.8281756343046582 0.828361289744503 
5 66 1 0.7985252134537697 0.8317025591633533 0.8317025591633533 
6 178 1 0.8078155549583722 0.8317025591633533 0.8317025591633533 
7 34 1 0.8114587096163843 0.8329982119033941 0.8329982119033941 
8 39 1 0.814382628052364 0.8329982119033941 0.8329982119033941 
9 55 1 0.8113516913458418 0.8329982119033941 0.8329982119033941 
10 92 1 0.8120353469260035 0.8329982119033941 0.8329982119033941 
11 91 1 0.8158532230467255 0.8329982119033941 0.8329982119033941 
12 65 1 0.818981832329656 0.8329982119033941 0.8329982119033941 
13 111 2 0.8157449890921348 0.8329982119033941 0.8329982119033941 
14 210 1 0.8171339405014264 0.8329982119033941 0.8329982119033941 
15 16 1 0.8223865590047584 0.8329982119033941 0.8329982119033941 
16 91 1 0.8231306925899762 0.8329982119033941 0.8329982119033941 
17 77 1 0.8258262173813852 0.8329982119033941 0.8329982119033941 
18 63 1 0.8215340624240426 0.8329982119033941 0.8329982119033941 
19 30 1 0.8208913860204125 0.8329982119033941 0.8329982119033941 
20 16 1 0.8184709314539301 0.8329982119033941 0.8329982119033941 
21 59 1 0.8188829467326516 0.8329982119033941 0.8329982119033941 
22 27 0 0.8246964722353942 0.8329982119033941 0.8329982119033941 
23 89 1 0.8247139838939269 0.8329982119033941 0.8329982119033941 
24 31 1 0.824114145041028 0.8329982119033941 0.8329982119033941 
25 50 0 0.822482900704213 0.8329982119033941 0.8329982119033941 
26 88 1 0.817847696560902 0.8329982119033941 0.8329982119033941 
27 56 1 0.8246743436870076 0.8329982119033941 0.8329982119033941 
28 47 1 0.822706488692506 0.8329982119033941 0.8329982119033941 
29 13 1 0.8252053807868469 0.8329982119033941 0.8329982119033941 
