0 39051 5838 -0.12515186379003926 0.4548061722347835 0.4548061722347835 
1 14681 2098 0.20349503901245938 0.45517414948763457 0.45517414948763457 
2 7419 1065 0.33014947233086517 0.4557305179857627 0.4557305179857627 
3 2508 310 0.41148297369944314 0.45540961101540806 0.4557305179857627 
4 3065 270 0.4200778381447532 0.4559285468357447 0.4559285468357447 
5 3046 165 0.4388524370051279 0.4595763025608497 0.4595763025608497 
6 2022 116 0.44594763257960024 0.4601160651525635 0.4601160651525635 
7 2033 102 0.44871067217306887 0.46046982227168354 0.46046982227168354 
8 3131 156 0.44170390594002085 0.4603384626438679 0.46046982227168354 
9 1159 93 0.4503100237312613 0.46104651478822367 0.46104651478822367 
10 3416 195 0.4348425240790686 0.461019277588619 0.46104651478822367 
11 2253 100 0.44863708027153687 0.4612801864661603 0.4612801864661603 
12 2338 100 0.451915467790746 0.4610361964504144 0.4612801864661603 
13 3818 88 0.4521066428481205 0.4623318958386507 0.4623318958386507 
14 1032 80 0.4546840574876262 0.4631397250827193 0.4631397250827193 
15 1184 62 0.45924992846049506 0.46406988840549046 0.46406988840549046 
16 1779 61 0.45956782152280196 0.4644980028267641 0.4644980028267641 
17 1660 84 0.45609887188534765 0.46622733268563527 0.46622733268563527 
18 2326 85 0.45690436023568126 0.467655877990601 0.467655877990601 
19 3630 84 0.45725846023515515 0.4681358388015023 0.4681358388015023 
20 2654 145 0.44527808042837513 0.4681358388015023 0.4681358388015023 
21 2918 87 0.4584659555384316 0.47336348742651657 0.47336348742651657 
22 2582 103 0.45598544416764947 0.471622118419741 0.47336348742651657 
23 2447 72 0.46404368328733875 0.47544323402724586 0.47544323402724586 
24 3366 145 0.4451743207958199 0.4759667168993913 0.4759667168993913 
25 3825 120 0.4604828544428934 0.4760776351786678 0.4760776351786678 
26 1877 89 0.4628450043478397 0.4769251397363007 0.4769251397363007 
27 2365 243 0.4223189705087465 0.4830743436506302 0.4830743436506302 
28 1671 74 0.46932071862024466 0.4830743436506302 0.4830743436506302 
29 1779 64 0.47467200677566085 0.48369727867001183 0.48369727867001183
0 39099 7097 -0.23393596431896757 0.4543168927551755 0.4543168927551755 
1 15867 2581 0.17033327759750333 0.4518616346950909 0.4543168927551755 
2 4901 1000 0.36022459858043293 0.4581759023261207 0.4581759023261207 
3 3060 187 0.4308678577022508 0.4586126640752777 0.4586126640752777 
4 2755 166 0.4399251756968263 0.45961805059943234 0.45961805059943234 
5 2415 154 0.4411180938558853 0.4604327770547041 0.4604327770547041 
6 872 121 0.446140472747022 0.4604327770547041 0.4604327770547041 
7 2535 114 0.4477306135027109 0.46035626629435367 0.4604327770547041 
8 2255 271 0.4431497975790378 0.4607485608125708 0.4607485608125708 
9 2095 117 0.4496604093450368 0.462574996568917 0.462574996568917 
10 2740 140 0.4514746285560517 0.4638601951026541 0.4638601951026541 
11 2016 117 0.45218304336964976 0.4642935557874762 0.4642935557874762 
12 1859 156 0.44912357932960423 0.46597508110115443 0.46597508110115443 
13 2802 94 0.45775956254060446 0.46597508110115443 0.46597508110115443 
14 1816 236 0.4417913899789576 0.46622855188873136 0.46622855188873136 
15 2737 140 0.44847528011034477 0.466955978374172 0.466955978374172 
16 2510 92 0.45901060055913434 0.4674790256403848 0.4674790256403848 
17 1666 74 0.4626001898809468 0.46868549352472655 0.46868549352472655 
18 1628 95 0.46101009241552865 0.46796577558631447 0.46868549352472655 
19 1694 102 0.45931348191908933 0.46971822386753737 0.46971822386753737 
20 1357 70 0.46564054043695335 0.4700676185480865 0.4700676185480865 
21 1591 158 0.4573031220683316 0.472519826442544 0.472519826442544 
22 1416 67 0.46731593173698543 0.4732311825586071 0.4732311825586071 
23 3046 308 0.452777550479879 0.4742762363121287 0.4742762363121287 
24 2404 92 0.46510165126454067 0.47524176079096925 0.47524176079096925 
25 2310 101 0.46419311996541723 0.4792922567636484 0.4792922567636484 
26 1620 105 0.4678652015378574 0.4792922567636484 0.4792922567636484 
27 1449 61 0.47210547178400375 0.48203403248815013 0.48203403248815013 
28 2963 108 0.4648529208009671 0.48311290181288613 0.48311290181288613 
29 2436 148 0.4634209513849189 0.4869300266493848 0.4869300266493848
0 35498 5653 -0.12473691739372512 0.4528520220086142 0.4528520220086142 
1 12522 2625 0.1569710684218095 0.4567245392237061 0.4567245392237061 
2 6029 973 0.34079217975023446 0.4571056821408425 0.4571056821408425 
3 3570 377 0.40615309403758226 0.45732151736865545 0.45732151736865545 
4 2752 153 0.4312518546559705 0.45732151736865545 0.45732151736865545 
5 1686 130 0.44145006363555583 0.45760999488096843 0.45760999488096843 
6 1675 83 0.44806274438279325 0.45828132903341157 0.45828132903341157 
7 3330 87 0.4490412350950676 0.45860961147031015 0.45860961147031015 
8 3414 172 0.42844737713160447 0.4586724580620304 0.4586724580620304 
9 3443 192 0.42641923751833866 0.46010935838755546 0.46010935838755546 
10 2485 86 0.45148292426021314 0.4606310786743377 0.4606310786743377 
11 3219 138 0.4433134248907508 0.4610551535349253 0.4610551535349253 
12 1948 68 0.4563656445634945 0.462005035068936 0.462005035068936 
13 1230 90 0.45003758909649855 0.46285623416326255 0.46285623416326255 
14 2522 138 0.4440644236834788 0.4643392859284817 0.4643392859284817 
15 2728 80 0.4554176751544754 0.464861802627469 0.464861802627469 
16 2300 173 0.442047609662149 0.4660640740197921 0.4660640740197921 
17 1173 71 0.45942465502398927 0.4651730924114805 0.4660640740197921 
18 2260 73 0.4585051507297845 0.46663311720018397 0.46663311720018397 
19 2077 81 0.4578815605336151 0.4672062000313313 0.4672062000313313 
20 1505 114 0.45388142098551876 0.46632266235874875 0.4672062000313313 
21 3168 67 0.46038236141166217 0.4688659174568156 0.4688659174568156 
22 2718 81 0.45709840201114077 0.4700839209278044 0.4700839209278044 
23 2003 102 0.4462371753464712 0.4724877897011259 0.4724877897011259 
24 2170 58 0.46331376047546824 0.4753356659081185 0.4753356659081185 
25 2177 56 0.46332254021263336 0.4737386880565795 0.4753356659081185 
26 1602 52 0.46440664915191965 0.4798095183252079 0.4798095183252079 
27 2410 126 0.4500686430163634 0.4838078326090153 0.4838078326090153 
28 2604 156 0.4377533342064737 0.49590671132162734 0.49590671132162734 
29 1921 39 0.47048360461758415 0.4909005475396072 0.49590671132162734 
0 38951 6849 -0.2293001094458943 0.4557612800963018 0.4557612800963018 
1 16781 3248 0.1770396758931733 0.45630244932985925 0.45630244932985925 
2 3503 1095 0.3588335533698172 0.45731594404122433 0.45731594404122433 
3 1975 260 0.4248052729691103 0.4613588010312776 0.4613588010312776 
4 3757 214 0.42879509632757845 0.4622198726127805 0.4622198726127805 
5 2642 109 0.44609012630484124 0.4631419507268483 0.4631419507268483 
6 1194 76 0.454416283423476 0.4629976469085376 0.4631419507268483 
7 2421 86 0.45272648051566683 0.4629976469085376 0.4631419507268483 
8 3108 88 0.45331414556858646 0.4639088968426477 0.4639088968426477 
9 2718 250 0.4367686566280344 0.46449518178303084 0.46449518178303084 
10 2664 80 0.45879074589417335 0.46449518178303084 0.46449518178303084 
11 2589 114 0.45210964875097687 0.46506005164878483 0.46506005164878483 
12 1260 103 0.45701785229544956 0.46569151933558073 0.46569151933558073 
13 2426 70 0.46230140027248007 0.46617858225890907 0.46617858225890907 
14 1643 105 0.45563869800434614 0.4688529888326806 0.4688529888326806 
15 2163 283 0.43704460120143884 0.4701978633522933 0.4701978633522933 
16 3565 170 0.44871620297867976 0.4701978633522933 0.4701978633522933 
17 1548 309 0.4425034331821228 0.47131871053311725 0.47131871053311725 
18 2403 535 0.42305582106997347 0.47344138330836905 0.47344138330836905 
19 2505 100 0.4581849803620736 0.4757970451620861 0.4757970451620861 
20 1588 68 0.4668798924164512 0.4752585866383596 0.4757970451620861 
21 1687 82 0.46632054543909063 0.4752585866383596 0.4757970451620861 
22 2538 77 0.46539672627304063 0.4762001391958522 0.4762001391958522 
23 3322 161 0.4515934695573837 0.476610612593216 0.476610612593216 
24 1844 72 0.46930529643728663 0.48533294580411834 0.48533294580411834 
25 2149 419 0.4280636540213814 0.48558646577353537 0.48558646577353537 
26 1951 81 0.4691958227814079 0.48558646577353537 0.48558646577353537 
27 1525 74 0.47197512899294486 0.48533294580411834 0.48558646577353537 
28 2098 109 0.4657729139172705 0.48579171110604397 0.48579171110604397 
29 2457 102 0.4698782106105117 0.4865216439655121 0.4865216439655121
0 39482 6926 -0.21754557360469243 0.45473662281314475 0.45473662281314475 
1 21965 1718 0.22154910817642676 0.4559201569446295 0.4559201569446295 
2 4915 690 0.3740320313370931 0.4560393610873519 0.4560393610873519 
3 2665 219 0.4301551816052255 0.45641771400179576 0.45641771400179576 
4 2617 122 0.44194694110917154 0.45674273392601616 0.45674273392601616 
5 2164 103 0.4464425611213866 0.46103903397064383 0.46103903397064383 
6 2030 95 0.44953618944195606 0.46117275856954487 0.46117275856954487 
7 1538 104 0.44898869385655366 0.4638980390519227 0.4638980390519227 
8 2353 250 0.4460952610648094 0.46415211896699676 0.46415211896699676 
9 2065 72 0.45612165158881096 0.46422395792777604 0.46422395792777604 
10 2764 80 0.45549774963390205 0.46488355132315273 0.46488355132315273 
11 2306 92 0.4548543523806613 0.46634041742236376 0.46634041742236376 
12 2265 69 0.459804429337538 0.46634041742236376 0.46634041742236376 
13 3201 73 0.4603746148143469 0.46784432892949973 0.46784432892949973 
14 2319 66 0.4623389508326767 0.46751065942801673 0.46784432892949973 
15 2480 88 0.4562759923378672 0.4686719733043737 0.4686719733043737 
16 2716 62 0.46455502405735577 0.4696260050742651 0.4696260050742651 
17 1219 150 0.4515980717966476 0.47257991864325555 0.47257991864325555 
18 2408 64 0.46470424191394616 0.47314406328666847 0.47314406328666847 
19 2648 82 0.4630448902563517 0.4749181691197897 0.4749181691197897 
20 1679 95 0.45863210272926236 0.4763952043030406 0.4763952043030406 
21 2100 109 0.4602539396964556 0.48306780177522257 0.48306780177522257 
22 3007 86 0.4633655709422822 0.48306780177522257 0.48306780177522257 
23 2544 64 0.46964233241821435 0.48906892556298 0.48906892556298 
24 2434 62 0.47098291915508433 0.489532855368528 0.489532855368528 
25 1433 56 0.47410269160428653 0.489532855368528 0.489532855368528 
26 3250 185 0.44162332627610035 0.4919260336946323 0.4919260336946323 
27 3590 164 0.4522609068625748 0.49581019145670446 0.49581019145670446 
28 2495 53 0.4797617551043551 0.4998378559940113 0.4998378559940113 
29 2537 168 0.4571735740129303 0.5032343168023478 0.5032343168023478
0 39731 6197 -0.17958342281955908 0.4567136630581765 0.4567136630581765 
1 25392 2598 0.1543092598503224 0.457645396144139 0.457645396144139 
2 8611 1097 0.3328379052188368 0.4559690075197521 0.457645396144139 
3 3451 285 0.41173007951179136 0.45757818227079905 0.457645396144139 
4 3339 318 0.4269885195643072 0.45796142041262466 0.45796142041262466 
5 3489 139 0.4416024587576427 0.45846390089997957 0.45846390089997957 
6 3021 195 0.43520080311145803 0.4586714179913381 0.4586714179913381 
7 1313 213 0.43499232687418626 0.4597135262412371 0.4597135262412371 
8 2170 338 0.4303399138425752 0.46139474806553205 0.46139474806553205 
9 2775 163 0.43942601573790335 0.4641373283854108 0.4641373283854108 
10 3589 316 0.4311279258304086 0.4663351706591917 0.4663351706591917 
11 3658 237 0.44225573864622797 0.4663351706591917 0.4663351706591917 
12 3385 322 0.4248214377762401 0.46772719585768574 0.46772719585768574 
13 3022 208 0.4405375549224273 0.46772719585768585 0.46772719585768585 
14 1991 71 0.45883867799074224 0.46957137010739547 0.46957137010739547 
15 2820 160 0.4461565441280533 0.4698494761329852 0.4698494761329852 
16 2235 118 0.45346774019213015 0.47027282729163056 0.47027282729163056 
17 1560 78 0.4611629602435092 0.4715618304207637 0.4715618304207637 
18 3249 139 0.45107194328532757 0.4726720819239969 0.4726720819239969 
19 3044 162 0.4506205178146059 0.4737483536260597 0.4737483536260597 
20 1723 236 0.45625825228879546 0.47601250680876894 0.47601250680876894 
21 2488 98 0.462546810568099 0.4748533886889229 0.47601250680876894 
22 1882 47 0.4693194217788404 0.478875843906187 0.478875843906187 
23 1847 57 0.46928555545772677 0.48492790127557905 0.48492790127557905 
24 1335 48 0.47028348145394444 0.47960174433379743 0.48492790127557905 
25 2871 110 0.46279198738846966 0.4811531162134175 0.48492790127557905 
26 1652 86 0.46635179998165066 0.48529118160911155 0.48529118160911155 
27 2479 499 0.43405313054484423 0.48747308748508283 0.48747308748508283 
28 1974 115 0.4644413822078499 0.4889762274126448 0.4889762274126448 
29 1183 46 0.4760804878420867 0.49479598398548036 0.49479598398548036 
0 38745 6053 -0.16898033847666333 0.4577418142439556 0.4577418142439556 
1 15184 2526 0.18681298841176514 0.4579018361503158 0.4579018361503158 
2 12093 1252 0.30926469822867003 0.45779534377834263 0.4579018361503158 
3 2738 717 0.3750619817086016 0.4583670142470729 0.4583670142470729 
4 3327 213 0.4276410057663406 0.46287269481003634 0.46287269481003634 
5 1304 133 0.4413291118441056 0.46228880069474615 0.46287269481003634 
6 2881 111 0.4454404551985079 0.46228880069474615 0.46287269481003634 
7 1842 93 0.4517032648341984 0.46292791967646874 0.46292791967646874 
8 1134 80 0.45546120061614387 0.46500249563397406 0.46500249563397406 
9 2608 171 0.44420844812645627 0.46509392009626777 0.46509392009626777 
10 1876 74 0.45817687075317237 0.46519663721347004 0.46519663721347004 
11 2137 122 0.4453236475946704 0.4662609843225751 0.4662609843225751 
12 2883 97 0.45763588689213786 0.4686975686097544 0.4686975686097544 
13 939 73 0.4615797159299719 0.4686975686097544 0.4686975686097544 
14 1888 68 0.4633345416374987 0.4686975686097544 0.4686975686097544 
15 3022 102 0.4593160935099718 0.4717742718235008 0.4717742718235008 
16 3290 274 0.4491175884957693 0.4731221029092034 0.4731221029092034 
17 1813 76 0.46562155546695166 0.4748834685958562 0.4748834685958562 
18 2399 232 0.44510108669080234 0.4748834685958562 0.4748834685958562 
19 2681 230 0.43572280016252696 0.4765561636369295 0.4765561636369295 
20 2133 231 0.4545086461668699 0.47567126885246575 0.4765561636369295 
21 2914 86 0.46631657271698784 0.4791262124439505 0.4791262124439505 
22 1077 77 0.46839142936910433 0.48064016575282403 0.48064016575282403 
23 2242 81 0.46947993912818986 0.48002573207022237 0.48064016575282403 
24 3326 129 0.46236672541380386 0.4842698126526645 0.4842698126526645 
25 1887 115 0.46463250869552314 0.4850370402369628 0.4850370402369628 
26 2631 115 0.4677359263864608 0.49180492281274096 0.49180492281274096 
27 1322 94 0.470898245355385 0.4906142469713795 0.49180492281274096 
28 1547 102 0.46945046742151164 0.4901478419480721 0.49180492281274096 
29 1324 86 0.4761825890342202 0.49833107927607917 0.49833107927607917 
0 42351 7867 -0.3367983572728367 0.45648458653526514 0.45648458653526514 
1 23258 2042 0.21069928176563746 0.45625940502456575 0.45648458653526514 
2 3023 751 0.36750882554208575 0.45768554843211084 0.45768554843211084 
3 1991 307 0.41842090825100897 0.45674258743628116 0.45768554843211084 
4 1603 142 0.43946237363910173 0.4572616707615824 0.45768554843211084 
5 1551 89 0.4469696006764367 0.46312521118796424 0.46312521118796424 
6 4231 223 0.4220614688368912 0.46361165657429726 0.46361165657429726 
7 4348 299 0.4367157727370695 0.4644973846366404 0.4644973846366404 
8 1280 77 0.45391454378732016 0.46596575056547257 0.46596575056547257 
9 2114 81 0.455728201149471 0.4664482395767462 0.4664482395767462 
10 1984 114 0.45344424825258217 0.4670393610213502 0.4670393610213502 
11 2112 79 0.4591276391604715 0.4670393610213502 0.4670393610213502 
12 3589 247 0.4453565004367781 0.46744706208731657 0.46744706208731657 
13 2473 204 0.4434554672567246 0.46905577561671546 0.46905577561671546 
14 2570 191 0.44687850537877893 0.46905577561671546 0.46905577561671546 
15 1972 473 0.382146943844318 0.4699068248354856 0.4699068248354856 
16 4252 140 0.45488219471098623 0.47137565192093817 0.47137565192093817 
17 3134 150 0.45079208328204906 0.47119991879554535 0.47137565192093817 
18 3182 138 0.4535110054888288 0.47146284333664507 0.47146284333664507 
19 1631 78 0.46397254917479763 0.4732999054716924 0.4732999054716924 
20 1697 57 0.4679788991855743 0.4745690948450144 0.4745690948450144 
21 2305 75 0.46592943948331866 0.4797930395686406 0.4797930395686406 
22 2940 83 0.46191629769414955 0.47767114300926694 0.4797930395686406 
23 4295 334 0.41162854370977364 0.47894658521466493 0.4797930395686406 
24 3481 435 0.4330654329105276 0.4804096087549644 0.4804096087549644 
25 1283 75 0.4684750434935894 0.48394965647107757 0.48394965647107757 
26 3058 68 0.47079396612951896 0.48629130598626835 0.48629130598626835 
27 1717 47 0.4764621241275909 0.48952210909394267 0.48952210909394267 
28 1392 73 0.47235265726109 0.49012048973669087 0.49012048973669087 
29 3343 91 0.4727195970781499 0.502644870780166 0.502644870780166
0 38893 5677 -0.09631503554937762 0.4535198843626155 0.4535198843626155 
1 20429 2466 0.20580379965365667 0.4560644028651257 0.4560644028651257 
2 6123 1266 0.34525025096608547 0.4566056640778689 0.4566056640778689 
3 1823 412 0.40734987309149473 0.4551142503670298 0.4566056640778689 
4 2384 146 0.43892107013910076 0.46174167406255995 0.46174167406255995 
5 1427 120 0.44013278980733544 0.46317178729385544 0.46317178729385544 
6 2185 126 0.4430739687300384 0.46353776460253965 0.46353776460253965 
7 2573 225 0.4430475123230388 0.464991523140333 0.464991523140333 
8 2487 95 0.4514075772567696 0.46427719087001196 0.464991523140333 
9 1741 77 0.45678628431337953 0.4659638663958906 0.4659638663958906 
10 1822 182 0.43889783492891227 0.46704899187606097 0.46704899187606097 
11 2131 88 0.45813393388575013 0.4677758278017241 0.4677758278017241 
12 2059 140 0.4520519752673421 0.4685180927714659 0.4685180927714659 
13 1325 90 0.4617707963392693 0.4703783647440703 0.4703783647440703 
14 2300 656 0.43104629633578634 0.47137802168409937 0.47137802168409937 
15 3315 102 0.4603138763064552 0.4721499493437108 0.4721499493437108 
16 2074 110 0.45957956555211893 0.4743268087592304 0.4743268087592304 
17 3091 201 0.4462940705049698 0.47697725940144686 0.47697725940144686 
18 2586 114 0.4618312843537717 0.4777835531216357 0.4777835531216357 
19 1529 81 0.4682245916250754 0.4808704132760114 0.4808704132760114 
20 2039 77 0.4699262160015266 0.48618844496548863 0.48618844496548863 
21 3514 292 0.45296000461430064 0.4889195299836707 0.4889195299836707 
22 2590 83 0.47036329248017145 0.4946559562251408 0.4946559562251408 
23 2001 86 0.4751276342787342 0.5015719176958998 0.5015719176958998 
24 1655 224 0.46556769439186313 0.5068136683101696 0.5068136683101696 
25 1866 64 0.4801085337949341 0.50308992297038 0.5068136683101696 
26 2176 231 0.4730212539997559 0.5181897685810322 0.5181897685810322 
27 3125 276 0.46293688995649324 0.5109683806098135 0.5181897685810322 
28 2799 125 0.4747279044563966 0.5188926261699276 0.5188926261699276 
29 2218 77 0.49007672945522684 0.5227113117492042 0.5227113117492042
0 37507 6255 -0.14862003312540126 0.4547936518602371 0.4547936518602371 
1 14743 2191 0.24169525778899273 0.45593648786544083 0.45593648786544083 
2 5380 1022 0.36449679937118107 0.4565475759310138 0.4565475759310138 
3 2533 241 0.4292291257448268 0.4605969506570882 0.4605969506570882 
4 2553 129 0.4456973316443531 0.46756275472090714 0.46756275472090714 
5 1248 78 0.4515542962067515 0.46831016212478577 0.46831016212478577 
6 2736 86 0.45293794185463737 0.4690330870888284 0.4690330870888284 
7 1466 125 0.4468245801041773 0.4700768884771389 0.4700768884771389 
8 3574 130 0.4494001565822885 0.47047954704516864 0.47047954704516864 
9 3552 84 0.4583681101619694 0.4707254114467152 0.4707254114467152 
10 1733 78 0.4595950637617706 0.4711458324854185 0.4711458324854185 
11 2885 226 0.44610852080331204 0.4723012045135764 0.4723012045135764 
12 2457 190 0.44818624797338413 0.4730123426751546 0.4730123426751546 
13 1885 87 0.4649183217062242 0.47529530555078714 0.47529530555078714 
14 2914 228 0.45666310190667914 0.47826343672967836 0.47826343672967836 
15 1151 61 0.46925739202188466 0.4806998453068514 0.4806998453068514 
16 3542 121 0.46641964634039057 0.48077123884408396 0.48077123884408396 
17 1932 69 0.4706376054286745 0.4870426246653029 0.4870426246653029 
18 2525 314 0.4506670890960499 0.4870426246653029 0.4870426246653029 
19 3195 130 0.4622114946920998 0.4855932699718176 0.4870426246653029 
20 480 99 0.47079654470301613 0.49605214871956915 0.49605214871956915 
21 2356 203 0.4688531010430858 0.5001856114038146 0.5001856114038146 
22 2581 77 0.4771481336874595 0.5078740207807366 0.5078740207807366 
23 1879 73 0.4804063075215248 0.5004353909568217 0.5078740207807366 
24 2272 66 0.48385517226513336 0.5055317564408239 0.5078740207807366 
25 1970 181 0.47876079849085956 0.5149106017424095 0.5149106017424095 
26 1791 75 0.4899592692984946 0.5167851018614947 0.5167851018614947 
27 1706 78 0.4916396129196614 0.5317716714504253 0.5317716714504253 
28 3166 106 0.4926020802082573 0.5358757115080591 0.5358757115080591 
29 2799 130 0.4888215010056501 0.5538886080281161 0.5538886080281161
0 38883 5196 -0.0859277753523156 0.45529426692648123 0.45529426692648123 
1 14314 2186 0.1972517267146341 0.4544277804470831 0.45529426692648123 
2 5676 1107 0.33485557847063496 0.45483225939613386 0.45529426692648123 
3 2932 424 0.41007783103003353 0.45779609444838154 0.45779609444838154 
4 3720 137 0.43806084156983255 0.45928556731861003 0.45928556731861003 
5 2389 111 0.44535375989027975 0.45928556731861003 0.45928556731861003 
6 3166 250 0.430310342969345 0.4600943989605934 0.4600943989605934 
7 2369 96 0.4519018999094648 0.4605950652449662 0.4605950652449662 
8 1442 92 0.45486040356547064 0.46233050809160403 0.46233050809160403 
9 3320 105 0.45491348844390905 0.4645818608365829 0.4645818608365829 
10 2776 94 0.4553330618419467 0.465929757969028 0.465929757969028 
11 1688 80 0.4578390710130218 0.465929757969028 0.465929757969028 
12 2283 99 0.45797530884045984 0.4665203441578314 0.4665203441578314 
13 3456 87 0.4576643764676428 0.4665203441578314 0.4665203441578314 
14 2454 70 0.46123538965937116 0.46887932660311926 0.46887932660311926 
15 3049 87 0.4611422168935373 0.4678734958853551 0.46887932660311926 
16 2523 104 0.45870455447881553 0.46836684238449 0.46887932660311926 
17 3024 138 0.45483107473833784 0.46949893844125556 0.46949893844125556 
18 2600 105 0.45962654669540937 0.4701606041997024 0.4701606041997024 
19 2281 111 0.4586344366182378 0.478434605382996 0.478434605382996 
20 2485 97 0.4626349712395386 0.47975238664460396 0.47975238664460396 
21 2781 218 0.44296265716640604 0.4802166034616371 0.4802166034616371 
22 2121 85 0.46450407309728237 0.47959340991285115 0.4802166034616371 
23 2222 119 0.4634755697089246 0.4838316266807288 0.4838316266807288 
24 1948 89 0.46650122725943477 0.4838316266807288 0.4838316266807288 
25 989 70 0.4713076215048334 0.48487553835726505 0.48487553835726505 
26 2582 99 0.4681545092056685 0.48825828452630465 0.48825828452630465 
27 3301 106 0.4693739387166282 0.4894188723117324 0.4894188723117324 
28 1215 104 0.46921779890564097 0.49322129562033445 0.49322129562033445 
29 2737 116 0.47166102344458666 0.49460745703785225 0.49460745703785225
0 38686 5126 -0.12057018851170483 0.45213048484155427 0.45213048484155427 
1 19878 2305 0.1756051046899521 0.45265680980507467 0.45265680980507467 
2 8162 1699 0.27054992159378605 0.45277545306274924 0.45277545306274924 
3 4024 1217 0.3675874532231427 0.45274200753697635 0.45277545306274924 
4 3909 482 0.3889537419892016 0.45385241243276475 0.45385241243276475 
5 2327 114 0.4418547451933148 0.45536326123465176 0.45536326123465176 
6 1881 274 0.4113529401363033 0.45916121739089016 0.45916121739089016 
7 1526 180 0.4362806325994842 0.4595729184865324 0.4595729184865324 
8 2488 407 0.4125446950471665 0.4607559133478557 0.4607559133478557 
9 2186 176 0.4357347444511453 0.46055679580552 0.4607559133478557 
10 2718 87 0.45166555085097393 0.4599597347964033 0.4607559133478557 
11 1176 74 0.45424248789377275 0.4600791049740679 0.4607559133478557 
12 1707 267 0.42929983356513335 0.4608180191769896 0.4608180191769896 
13 3062 107 0.44654187986285776 0.4630124541985623 0.4630124541985623 
14 1993 130 0.4460286674421011 0.4630124541985623 0.4630124541985623 
15 2242 161 0.4376999927650958 0.46558140643905344 0.46558140643905344 
16 2286 116 0.4489301033966145 0.46558140643905344 0.46558140643905344 
17 1985 178 0.4412889679982354 0.4666534664737485 0.4666534664737485 
18 3288 97 0.4555105398810499 0.46672847819257407 0.46672847819257407 
19 2632 94 0.45556898998447337 0.46774467279059795 0.46774467279059795 
20 3708 213 0.4393557688654521 0.4695218778839513 0.4695218778839513 
21 2873 88 0.4580398335086522 0.47051480023886527 0.47051480023886527 
22 1694 60 0.4639187493995798 0.47112616489718734 0.47112616489718734 
23 1500 57 0.4654734598938355 0.47157417691691417 0.47157417691691417 
24 1244 70 0.46402286927070263 0.47280779810742857 0.47280779810742857 
25 3157 167 0.4534165300633488 0.4764013273353423 0.4764013273353423 
26 2502 72 0.4653045269951863 0.47733254476818293 0.47733254476818293 
27 1998 88 0.4645057627734566 0.4795642291902451 0.4795642291902451 
28 2299 70 0.4685734462995608 0.485076174753912 0.485076174753912 
29 1840 125 0.46242119727712827 0.48395740005007226 0.485076174753912 
0 40114 6215 -0.1619637570297185 0.4568737181818777 0.4568737181818777 
1 24261 2719 0.1565584274092442 0.4575666015756058 0.4575666015756058 
2 11677 1673 0.2950338452057851 0.4575666015756058 0.4575666015756058 
3 2915 467 0.4052443654864898 0.4590484616555802 0.4590484616555802 
4 3171 530 0.38906826476183726 0.4586590097878821 0.4590484616555802 
5 2694 146 0.44143337036057145 0.4604235696224963 0.4604235696224963 
6 3486 149 0.44395948247849937 0.4616000381599527 0.4616000381599527 
7 2594 214 0.4396286808874678 0.46405123295806305 0.46405123295806305 
8 2313 470 0.4171350528164614 0.4640572359782762 0.4640572359782762 
9 3278 161 0.4470101223836144 0.4645827176117548 0.4645827176117548 
10 2342 89 0.456275661217643 0.46403663600849876 0.4645827176117548 
11 2146 134 0.450318065352829 0.46505396352695294 0.46505396352695294 
12 3692 153 0.45142883546865664 0.4660497334758262 0.4660497334758262 
13 3304 151 0.4507026695954561 0.4660497334758262 0.4660497334758262 
14 2883 124 0.4541265893290442 0.4661234784765461 0.4661234784765461 
15 3511 82 0.4604512655773744 0.46667032934022107 0.46667032934022107 
16 2110 137 0.45400344467210063 0.467051105756658 0.467051105756658 
17 3155 193 0.4476690724249137 0.46836986572987205 0.46836986572987205 
18 2169 123 0.4581948226571302 0.46995309702786237 0.46995309702786237 
19 3935 119 0.45865762718698333 0.4710815255954156 0.4710815255954156 
20 3423 168 0.4554114366080637 0.4729079516888683 0.4729079516888683 
21 3915 158 0.4597288607590827 0.4721127560353838 0.4729079516888683 
22 2390 130 0.46191808245443233 0.4745187384155014 0.4745187384155014 
23 2944 213 0.45249597365243643 0.4772253386352041 0.4772253386352041 
24 1974 81 0.4674665886759913 0.4777730664986026 0.4777730664986026 
25 1760 140 0.464861625849194 0.4835133148724666 0.4835133148724666 
26 2390 117 0.46427422362705295 0.4835133148724666 0.4835133148724666 
27 2644 328 0.4419442953241293 0.4886105585106352 0.4886105585106352 
28 2573 129 0.4664715686844083 0.4956631163942404 0.4956631163942404 
29 1476 85 0.4734423876525794 0.4956631163942404 0.4956631163942404 
0 35789 5859 -0.20201968609985094 0.4544137673760562 0.4544137673760562 
1 25230 2786 0.14085160669156746 0.4546122470991209 0.4546122470991209 
2 11791 1490 0.2915210604103215 0.4534696540447263 0.4546122470991209 
3 3834 551 0.39422473551416126 0.45666942614221695 0.45666942614221695 
4 2533 167 0.43179939592638156 0.45550638883707856 0.45666942614221695 
5 1782 98 0.443833170552036 0.4559105963805844 0.45666942614221695 
6 3427 158 0.43583982174603625 0.45949642747732367 0.45949642747732367 
7 2221 106 0.44641430284408584 0.4605832375817266 0.4605832375817266 
8 2546 156 0.4403891333822505 0.46086907015006146 0.46086907015006146 
9 1767 145 0.4403727554300487 0.463352096841212 0.463352096841212 
10 1430 95 0.4543661906577736 0.46452973274652865 0.46452973274652865 
11 1931 106 0.4543033782751344 0.4646932359302579 0.4646932359302579 
12 2532 244 0.4448713779734176 0.46459493643034544 0.4646932359302579 
13 2494 105 0.45464361599188224 0.465316510321377 0.465316510321377 
14 3538 494 0.4243304619327711 0.46652273875885525 0.46652273875885525 
15 2572 271 0.44412202459607625 0.46652273875885525 0.46652273875885525 
16 2147 97 0.4596879019336006 0.4669423163288573 0.4669423163288573 
17 2644 305 0.4367499226307509 0.46792407197147 0.46792407197147 
18 1992 108 0.4604968117846935 0.46921475683070824 0.46921475683070824 
19 2600 562 0.4290965430586746 0.47043932077626816 0.47043932077626816 
20 2461 136 0.45889999319682573 0.47076101496878864 0.47076101496878864 
21 2174 287 0.43744676571816443 0.471309424256229 0.471309424256229 
22 2196 130 0.4563865586227051 0.47246496225968626 0.47246496225968626 
23 812 70 0.46771740292795366 0.4756945200833518 0.4756945200833518 
24 1399 123 0.46163818682436614 0.477459835088796 0.477459835088796 
25 1383 91 0.4658502757585954 0.47515663978852585 0.477459835088796 
26 2514 116 0.46261194881977813 0.4761505227689288 0.477459835088796 
27 2201 229 0.45839069868155774 0.4802770608918596 0.4802770608918596 
28 3140 123 0.4631859732515302 0.4802770608918596 0.4802770608918596 
29 1424 200 0.45562431196400693 0.4841949975573293 0.4841949975573293 
0 38924 6893 -0.26448044977492857 0.4513735373174258 0.4513735373174258 
1 18009 2458 0.17922845993237693 0.4531826555164267 0.4531826555164267 
2 5224 1071 0.3282923010089353 0.45422589715977324 0.45422589715977324 
3 2755 701 0.39158894206690215 0.45416382718160264 0.45422589715977324 
4 3626 228 0.42605010043544733 0.45684466554420977 0.45684466554420977 
5 2418 151 0.4374196194745159 0.45749666879329687 0.45749666879329687 
6 3680 243 0.43594484271847717 0.4581730104975458 0.4581730104975458 
7 2000 115 0.4462610427319429 0.4577925884529128 0.4581730104975458 
8 2293 124 0.4462020793194852 0.4587490377714198 0.4587490377714198 
9 1345 106 0.4514332728897817 0.45913098077150816 0.45913098077150816 
10 2675 362 0.4370014250764433 0.4596355324816143 0.4596355324816143 
11 1460 93 0.4549359842725346 0.46015367984375233 0.46015367984375233 
12 2447 108 0.4521497905551321 0.4611007181415744 0.4611007181415744 
13 1975 98 0.4546939364390012 0.461718857427682 0.461718857427682 
14 2897 304 0.4393271053691018 0.46227914553147753 0.46227914553147753 
15 2120 119 0.45266504670261853 0.4629358102833629 0.4629358102833629 
16 2302 106 0.4562167157209246 0.46474350525807073 0.46474350525807073 
17 2162 114 0.4561146270388221 0.467675087133236 0.467675087133236 
18 2327 127 0.45362182779058385 0.4659771996526532 0.467675087133236 
19 2455 124 0.4563858999924957 0.46691758163408364 0.467675087133236 
20 2003 75 0.4616859621010076 0.46725481418576353 0.467675087133236 
21 3675 146 0.45388324937013436 0.46870522877962395 0.46870522877962395 
22 3168 304 0.4453278472932313 0.4687055255234297 0.4687055255234297 
23 1936 122 0.46104699019122497 0.47001545074862144 0.47001545074862144 
24 3293 73 0.4653493216998305 0.4704418474135093 0.4704418474135093 
25 1767 85 0.4652799880209438 0.47241106064073024 0.47241106064073024 
26 1632 122 0.4587216883001226 0.47216876881681846 0.47241106064073024 
27 3553 392 0.4378502132421645 0.4729397676770781 0.4729397676770781 
28 2927 123 0.4638697498066569 0.47346245245332225 0.47346245245332225 
29 1782 206 0.4555055433229191 0.4738370189893831 0.4738370189893831 
0 37607 5848 -0.12166465020600485 0.4500692473048461 0.4500692473048461 
1 32195 2626 0.1916302716479676 0.4500692473048461 0.4500692473048461 
2 5156 1815 0.3133422376757352 0.45004934229058297 0.4500692473048461 
3 1671 269 0.4235914755963297 0.45170187436959613 0.45170187436959613 
4 2818 167 0.4304669667320504 0.45329850715307585 0.45329850715307585 
5 3447 195 0.42228466232379247 0.4557543938789132 0.4557543938789132 
6 1708 144 0.4408066457138108 0.4557543938789132 0.4557543938789132 
7 2662 382 0.42909080626358126 0.45603594997197827 0.45603594997197827 
8 1766 111 0.44631001997007913 0.4567233993040537 0.4567233993040537 
9 2670 96 0.44987636653549395 0.4578811013512145 0.4578811013512145 
10 2770 108 0.4484632265582883 0.4579689350107867 0.4579689350107867 
11 2664 81 0.45349569330108 0.4613255832076111 0.4613255832076111 
12 1694 116 0.44832702974135813 0.46230649178590844 0.46230649178590844 
13 1801 106 0.4501782503026592 0.461872884927774 0.46230649178590844 
14 1334 90 0.4536263356751634 0.4630212316014891 0.4630212316014891 
15 2508 105 0.4511084287769906 0.46420298513803937 0.46420298513803937 
16 1723 95 0.45415515108241744 0.464462102058256 0.464462102058256 
17 1106 75 0.4579284864650318 0.46384608329468435 0.464462102058256 
18 2145 104 0.45390495780125895 0.464792390314002 0.464792390314002 
19 3601 108 0.4546216972171873 0.4640964683324145 0.464792390314002 
20 1399 77 0.46040043522814345 0.4653327164709672 0.4653327164709672 
21 2463 287 0.4389733009178579 0.4662613720949896 0.4662613720949896 
22 2333 251 0.4419822518133894 0.46679639142300955 0.46679639142300955 
23 2447 76 0.4618199840700364 0.46797053692439716 0.46797053692439716 
24 2061 105 0.45730359120620406 0.46850429864334864 0.46850429864334864 
25 1269 69 0.46406909082094044 0.4689451216592312 0.4689451216592312 
26 2745 74 0.46324525293031293 0.4715928689935663 0.4715928689935663 
27 1614 84 0.4632695669210073 0.4745965074015219 0.4745965074015219 
28 2479 300 0.43491615924372484 0.4735396944543814 0.4745965074015219 
29 1623 84 0.4636854449027068 0.4735396944543814 0.4745965074015219 
0 39296 5216 -0.09178941809969444 0.45355394016824707 0.45355394016824707 
1 11241 2082 0.22418471797674983 0.4551701349481787 0.4551701349481787 
2 7392 1017 0.3555168724811725 0.4550054347368533 0.4551701349481787 
3 1462 292 0.4211602796100039 0.455576686364013 0.455576686364013 
4 1676 154 0.4384987009553685 0.4568988782698631 0.4568988782698631 
5 3874 145 0.4361259181119442 0.4579754837305219 0.4579754837305219 
6 2094 81 0.4493610544887883 0.45886921012030146 0.45886921012030146 
7 2885 281 0.4270660049625512 0.45963814485781784 0.45963814485781784 
8 3292 179 0.4397918990489051 0.4604094154031573 0.4604094154031573 
9 1929 111 0.45010426503516404 0.4611922156178315 0.4611922156178315 
10 3628 329 0.42592417067898686 0.4613776299284156 0.4613776299284156 
11 2159 103 0.4527895232687876 0.46223223489422877 0.46223223489422877 
12 2316 94 0.4516317054795973 0.46261409608918214 0.46261409608918214 
13 4026 142 0.4470717098194604 0.4635992585001838 0.4635992585001838 
14 2739 501 0.42544650875551177 0.46345345122579285 0.4635992585001838 
15 3406 190 0.44250913352182975 0.46343459818791327 0.4635992585001838 
16 1479 112 0.45186787599066186 0.46510533038339763 0.46510533038339763 
17 2623 142 0.4473437049787013 0.46510533038339763 0.46510533038339763 
18 2308 307 0.4317866324577181 0.4656548972124392 0.4656548972124392 
19 2767 116 0.45419196889047064 0.4666992031015684 0.4666992031015684 
20 2066 348 0.4264929459017896 0.4699291608711152 0.4699291608711152 
21 1645 194 0.44392365539792494 0.46873461898294994 0.4699291608711152 
22 3843 467 0.4211775841688551 0.47109719029423647 0.47109719029423647 
23 3577 139 0.4514893626364354 0.47255725450692654 0.47255725450692654 
24 1021 63 0.46492838595976704 0.47659249740236925 0.47659249740236925 
25 2528 92 0.4594802159609742 0.48022832494157464 0.48022832494157464 
26 2776 289 0.4421877863447195 0.4802022121682529 0.48022832494157464 
27 3678 420 0.4352458002063288 0.4842735818154206 0.4842735818154206 
28 1927 102 0.4629835847813169 0.49196463005044777 0.49196463005044777 
29 3113 128 0.4619093275636486 0.4914883705291285 0.49196463005044777 
0 38651 5681 -0.14544010575411087 0.45343538742012396 0.45343538742012396 
1 21595 4088 0.03878450427758131 0.45390555165459606 0.45390555165459606 
2 8112 1550 0.29009414745195844 0.4553538687910074 0.4553538687910074 
3 3496 539 0.39614255225745937 0.45657855873175557 0.45657855873175557 
4 2956 164 0.43466955231118926 0.460266540360381 0.460266540360381 
5 2329 124 0.44099543188282325 0.45837661838960453 0.460266540360381 
6 1442 81 0.45064158415263356 0.4589746649990055 0.460266540360381 
7 1997 84 0.45100913269567117 0.4596092512371215 0.460266540360381 
8 1435 116 0.4481482388739683 0.4602859317233937 0.4602859317233937 
9 4174 362 0.4247163083007296 0.46021324334153635 0.4602859317233937 
10 2814 287 0.4315207719966279 0.46091658709890226 0.46091658709890226 
11 3445 350 0.43027573394035734 0.4621946515030355 0.4621946515030355 
12 1971 71 0.45693897162919156 0.4645445785866798 0.4645445785866798 
13 2299 100 0.4544591825062447 0.46487999720893686 0.46487999720893686 
14 2078 92 0.4553043724564734 0.46476712914785556 0.46487999720893686 
15 2335 95 0.4544577370326624 0.4651386902507407 0.4651386902507407 
16 1432 110 0.4539511533117006 0.46545838528941663 0.46545838528941663 
17 2436 165 0.4445508052163929 0.46789749770984834 0.46789749770984834 
18 2032 102 0.455231874866532 0.46789749770984834 0.46789749770984834 
19 2125 98 0.4576242934661183 0.4680869454696286 0.4680869454696286 
20 2242 93 0.45675295859820425 0.46850981369844724 0.46850981369844724 
21 2184 141 0.4484409860697675 0.46823874187824804 0.46850981369844724 
22 3332 212 0.43802522171353186 0.4684821454237099 0.46850981369844724 
23 2231 86 0.4593368752999906 0.4720382976062313 0.4720382976062313 
24 2049 246 0.4557721348807371 0.4725544410203435 0.4725544410203435 
25 1247 58 0.46452861474213397 0.4739122992369653 0.4739122992369653 
26 2690 80 0.46332034989334986 0.4786795437607022 0.4786795437607022 
27 3354 667 0.4078831961471654 0.47502944865457564 0.4786795437607022 
28 3607 103 0.46129279472044243 0.477717866501299 0.4786795437607022 
29 1369 61 0.4674663706384308 0.47839211504078294 0.4786795437607022 
0 35671 5714 -0.15584345609432976 0.4499407614118909 0.4499407614118909 
1 27595 2914 0.16758166063426588 0.45083189835331666 0.45083189835331666 
2 5945 1311 0.32376775510809125 0.45082856685411893 0.45083189835331666 
3 3932 375 0.41220478715362147 0.4511639387144065 0.4511639387144065 
4 2926 132 0.4354375903174248 0.45367509732230993 0.45367509732230993 
5 1970 104 0.4420542967090226 0.45269196688757923 0.45367509732230993 
6 1868 104 0.44470580740656684 0.45345989033770195 0.45367509732230993 
7 1598 166 0.44405388335917784 0.4549971543889212 0.4549971543889212 
8 747 110 0.44708601828916533 0.45712920476255636 0.45712920476255636 
9 1596 107 0.4489766931381462 0.45750141912430553 0.45750141912430553 
10 1199 132 0.44820396775716725 0.4581350582865513 0.4581350582865513 
11 1316 175 0.4418944569644666 0.45836824553864775 0.45836824553864775 
12 2171 154 0.440873642561194 0.4591159790849916 0.4591159790849916 
13 1219 84 0.45481613103391266 0.4591159790849916 0.4591159790849916 
14 2132 122 0.452924994911712 0.4596621016392443 0.4596621016392443 
15 1962 93 0.45597312230220877 0.4599495321438668 0.4599495321438668 
16 1863 106 0.45449072619975744 0.460431048690805 0.460431048690805 
17 1338 260 0.4457858846998928 0.460431048690805 0.460431048690805 
18 1404 294 0.4329450301531416 0.46085391349320615 0.46085391349320615 
19 2517 152 0.45156626408668615 0.4615891574906773 0.4615891574906773 
20 2523 112 0.4539473213215842 0.4615891574906773 0.4615891574906773 
21 1602 122 0.45525350114287866 0.4624111692873441 0.4624111692873441 
22 2279 103 0.4571450111228172 0.4633483194148713 0.4633483194148713 
23 2107 273 0.4458461022078247 0.46408505443432985 0.46408505443432985 
24 759 80 0.46063745782595783 0.46479808265497946 0.46479808265497946 
25 2103 109 0.4571900503985008 0.4677289243102187 0.4677289243102187 
26 1714 100 0.45960721137294724 0.4679519276346569 0.4679519276346569 
27 2356 115 0.4575832562667121 0.4679519276346569 0.4679519276346569 
28 3708 169 0.4491593774012807 0.469020645065615 0.469020645065615 
29 1804 126 0.4579185257297019 0.469020645065615 0.469020645065615 
0 40326 6913 -0.2807260628108314 0.45432762699789275 0.45432762699789275 
1 10644 2394 0.2022919332722093 0.455207042073029 0.455207042073029 
2 5087 1096 0.34906105375703506 0.45583821995951324 0.45583821995951324 
3 3371 803 0.391218196967692 0.46209493523105283 0.46209493523105283 
4 1575 127 0.43989749357169006 0.46190372012641623 0.46209493523105283 
5 2769 130 0.44255253345648 0.46316488899978814 0.46316488899978814 
6 2863 294 0.4330638219557061 0.463591201507612 0.463591201507612 
7 2116 97 0.45124497530243807 0.4638320082776137 0.4638320082776137 
8 1690 69 0.4550677044075828 0.4653061509021563 0.4653061509021563 
9 2454 66 0.4572077419532551 0.4654377457531968 0.4654377457531968 
10 1314 217 0.4308002992587904 0.47304627017132383 0.47304627017132383 
11 2641 149 0.4490181836857278 0.47368557025244873 0.47368557025244873 
12 2217 135 0.45121955781346884 0.47897500412562466 0.47897500412562466 
13 2454 170 0.44085940546690017 0.47897500412562466 0.47897500412562466 
14 2836 93 0.45868739650211054 0.4826503089705151 0.4826503089705151 
15 1958 57 0.4673686732517656 0.4826503089705151 0.4826503089705151 
16 1788 57 0.46855723827783435 0.4828099520785001 0.4828099520785001 
17 2622 71 0.4676898553168526 0.4831844962416799 0.4831844962416799 
18 3126 136 0.45773665149079285 0.4850066036085189 0.4850066036085189 
19 2320 59 0.4727584046460169 0.4832842216447836 0.4850066036085189 
20 2640 88 0.47073096230923006 0.503706064456195 0.503706064456195 
21 2743 73 0.4719992111481821 0.503706064456195 0.503706064456195 
22 1718 59 0.47863520586381825 0.49368345569437017 0.503706064456195 
23 2786 135 0.4727724136241108 0.5021562102461337 0.503706064456195 
24 2598 90 0.4758955957707117 0.5025414763764541 0.503706064456195 
25 2974 75 0.48060705682005134 0.5098376761537824 0.5098376761537824 
26 2016 69 0.48666933508630544 0.5204763045521708 0.5204763045521708 
27 2907 87 0.48689241039978476 0.5221139784083063 0.5221139784083063 
28 2133 74 0.4881329286573597 0.5214734841119102 0.5221139784083063 
29 3949 164 0.4784719421611684 0.5367982901878194 0.5367982901878194 
0 41163 7575 -0.2910192994503857 0.4536793934705594 0.4536793934705594 
1 18876 3465 0.11055002110877704 0.4525860061810676 0.4536793934705594 
2 11217 1683 0.2931690343249294 0.45302667586081025 0.4536793934705594 
3 4215 1125 0.36931524257195797 0.45504066922879965 0.45504066922879965 
4 1937 310 0.4268614786326822 0.45898881590823315 0.45898881590823315 
5 2213 539 0.4287595344999693 0.46237485679009405 0.46237485679009405 
6 3206 127 0.44690943041543035 0.46331481871473457 0.46331481871473457 
7 925 82 0.4517377751041357 0.4651264016973338 0.4651264016973338 
8 2349 108 0.4500347212402421 0.4656077482951236 0.4656077482951236 
9 3218 107 0.45257462468566084 0.4651264016973338 0.4656077482951236 
10 2078 108 0.45363476924795015 0.4644929110462571 0.4656077482951236 
11 1580 177 0.45130574323661854 0.4656077482951236 0.4656077482951236 
12 1404 65 0.459521013200467 0.4656801533641498 0.4656801533641498 
13 2732 499 0.4315373798366064 0.46650704834482626 0.46650704834482626 
14 1970 74 0.4585519065865946 0.4679517877098551 0.4679517877098551 
15 2714 318 0.4407814078061495 0.46854413810266193 0.46854413810266193 
16 1582 252 0.4529759686170776 0.468528369374687 0.46854413810266193 
17 3358 88 0.4569337707053963 0.47760880620897894 0.47760880620897894 
18 2381 130 0.4473279592013572 0.471601190239152 0.47760880620897894 
19 1562 58 0.46365868947321237 0.4741576975600911 0.47760880620897894 
20 1334 50 0.46575729905004265 0.4741576975600911 0.47760880620897894 
21 2107 48 0.4674736148052452 0.47881631522276 0.47881631522276 
22 3123 69 0.461285474620249 0.48459982228419335 0.48459982228419335 
23 2795 72 0.4644205650124018 0.48459982228419335 0.48459982228419335 
24 1669 46 0.4724338364350615 0.48783497988871627 0.48783497988871627 
25 1854 53 0.4736626731078716 0.4861763508216063 0.48783497988871627 
26 1927 46 0.4765036579832097 0.4976657701534348 0.4976657701534348 
27 3557 109 0.4615353441179569 0.4991591774296148 0.4991591774296148 
28 3091 65 0.47426415865079113 0.4976657701534348 0.4991591774296148 
29 2061 49 0.48049054343382985 0.500973252467188 0.500973252467188 
0 39713 5269 -0.1497617843157761 0.45379289490190466 0.45379289490190466 
1 19401 2396 0.17076725455079791 0.4539058177867176 0.4539058177867176 
2 10082 1210 0.3156934142856647 0.4562812938035308 0.4562812938035308 
3 3897 487 0.40461769694480976 0.45628129380353083 0.45628129380353083 
4 2023 136 0.4379006356849493 0.4558284068939136 0.45628129380353083 
5 1698 120 0.44254614805608833 0.45896946629583857 0.45896946629583857 
6 2723 155 0.4421103288789812 0.4606985027395625 0.4606985027395625 
7 1831 280 0.4355114309449534 0.460715545060956 0.460715545060956 
8 1685 108 0.449029324437693 0.46096359083132254 0.46096359083132254 
9 3209 278 0.42427602017322114 0.46134997665130106 0.46134997665130106 
10 1359 75 0.455718870629813 0.46134997665130106 0.46134997665130106 
11 2828 90 0.45271146131821427 0.4615879425209637 0.4615879425209637 
12 2759 120 0.44895560165830356 0.4621885543291052 0.4621885543291052 
13 1989 84 0.45477625152751877 0.4628734851460592 0.4628734851460592 
14 2982 138 0.4513556924202222 0.4632694069625852 0.4632694069625852 
15 3188 93 0.456737978920056 0.46400336791400937 0.46400336791400937 
16 2555 148 0.4468889835796114 0.4651085322676918 0.4651085322676918 
17 2234 96 0.45769893615502866 0.4653895343853262 0.4653895343853262 
18 3590 84 0.460440882620865 0.46686099159855554 0.46686099159855554 
19 2291 115 0.4536784492673603 0.4680758413439275 0.4680758413439275 
20 2054 72 0.46253234507012936 0.46906351079949904 0.46906351079949904 
21 3036 293 0.427278773215196 0.46965374462574494 0.46965374462574494 
22 1713 229 0.4416518184855967 0.46965374462574494 0.46965374462574494 
23 2337 88 0.4616397611067304 0.4702760933641805 0.4702760933641805 
24 2512 79 0.46317637805641476 0.47074610798537975 0.47074610798537975 
25 2062 66 0.4658590146912767 0.4727523129410556 0.4727523129410556 
26 3500 189 0.4460343951756186 0.4732474412883564 0.4732474412883564 
27 1023 84 0.46157583325598267 0.47512076834624517 0.47512076834624517 
28 768 58 0.4690248073624257 0.47512076834624517 0.47512076834624517 
29 1836 176 0.4507113841979065 0.4791372100478434 0.4791372100478434 
0 36758 6767 -0.2923305057286781 0.45901667742397234 0.45901667742397234 
1 14218 3580 0.12797960775724537 0.4576033281642221 0.45901667742397234 
2 4595 1051 0.33743386046606083 0.4575421822645739 0.45901667742397234 
3 2517 548 0.40257588396386024 0.45764265162006085 0.45901667742397234 
4 2315 306 0.42634994280123195 0.4635852998637023 0.4635852998637023 
5 2110 97 0.4409471141538407 0.4641393407545065 0.4641393407545065 
6 2386 69 0.4491680383993142 0.4649802571173195 0.4649802571173195 
7 2300 91 0.4478003124283088 0.464551466056781 0.4649802571173195 
8 2945 86 0.44729754933095434 0.46837679406407035 0.46837679406407035 
9 2208 76 0.4488296726213201 0.4675886424528537 0.46837679406407035 
10 1268 49 0.4587534442461218 0.4675530090975469 0.46837679406407035 
11 1795 49 0.460905876458669 0.47286600287030955 0.47286600287030955 
12 1142 51 0.4628915237274762 0.47123548912581315 0.47286600287030955 
13 2375 77 0.45698442359864944 0.4718234572339791 0.47286600287030955 
14 2269 65 0.45855106486832947 0.4722390176463872 0.47286600287030955 
15 2885 100 0.4506249739779948 0.4757153307362628 0.4757153307362628 
16 1879 62 0.46238131618170714 0.47649375622571005 0.47649375622571005 
17 2169 113 0.4490538297779521 0.4753339060586826 0.47649375622571005 
18 2657 56 0.46579174619176833 0.4768985451900425 0.4768985451900425 
19 1823 48 0.4687688056447159 0.4835919655991956 0.4835919655991956 
20 1967 68 0.46414811700604036 0.48144062548751954 0.4835919655991956 
21 2460 45 0.4722260726805373 0.49055066238619127 0.49055066238619127 
22 1638 47 0.47355104359286865 0.49055066238619127 0.49055066238619127 
23 1948 46 0.4754369339718274 0.48788253487402916 0.49055066238619127 
24 2051 60 0.47305252251248453 0.49204797567479924 0.49204797567479924 
25 2333 106 0.4641642277942665 0.49830346838160505 0.49830346838160505 
26 2704 60 0.47616928689136423 0.5063379438593436 0.5063379438593436 
27 3817 86 0.47436770522776 0.5154636817424778 0.5154636817424778 
28 2020 65 0.4813672488245489 0.5296055904900359 0.5296055904900359 
29 2413 107 0.4748231325816533 0.5290914353050318 0.5296055904900359 
0 36584 6305 -0.14327776388998992 0.45286748399086807 0.45286748399086807 
1 13126 1978 0.1878959429418488 0.4539515502735805 0.4539515502735805 
2 21662 1520 0.2875794526297254 0.4578465838670672 0.4578465838670672 
3 2372 617 0.3900666072235591 0.4546556132857377 0.4578465838670672 
4 1828 158 0.43794009246948695 0.46051431101582485 0.46051431101582485 
5 2181 158 0.4344544553103003 0.4587196838184918 0.46051431101582485 
6 2301 107 0.4457945726382835 0.45985926119239345 0.46051431101582485 
7 1551 89 0.45078369740994967 0.4619554638296993 0.4619554638296993 
8 1470 82 0.45300196539520665 0.4619554638296993 0.4619554638296993 
9 3774 134 0.445888952345111 0.4615056113025382 0.4619554638296993 
10 2183 92 0.45379424064989365 0.46213649708078103 0.46213649708078103 
11 2162 354 0.4311014503148649 0.4645556027078242 0.4645556027078242 
12 1729 85 0.4566226059683888 0.46443303015513 0.4645556027078242 
13 2613 94 0.4577040508807726 0.46468542923726275 0.46468542923726275 
14 1345 144 0.4499218145056432 0.46468542923726275 0.46468542923726275 
15 1828 73 0.4593473336193767 0.4654408199714781 0.4654408199714781 
16 1871 102 0.4556902871361384 0.46752282112493343 0.46752282112493343 
17 1837 119 0.45595459947182304 0.47502940361483137 0.47502940361483137 
18 1802 98 0.45875044769946244 0.47502940361483137 0.47502940361483137 
19 2580 205 0.45595412311472544 0.47502940361483137 0.47502940361483137 
20 1594 70 0.4652509565940411 0.47502940361483137 0.47502940361483137 
21 1992 98 0.4629796614540557 0.4754310179497877 0.4754310179497877 
22 2726 148 0.4556576430226713 0.47574717671646655 0.47574717671646655 
23 2162 78 0.4674607961779435 0.4773921542148599 0.4773921542148599 
24 2074 116 0.4647697923284003 0.47779654134856886 0.47779654134856886 
25 2564 128 0.45855539663488953 0.4801198970690201 0.4801198970690201 
26 1211 69 0.47149020005877385 0.48566580835120776 0.48566580835120776 
27 1851 67 0.47345410901844615 0.48566580835120776 0.48566580835120776 
28 3746 219 0.4580347217375828 0.49177035581838247 0.49177035581838247 
29 1545 66 0.47654758207446585 0.4927437334937358 0.4927437334937358 
0 37662 5685 -0.15291540675007068 0.4542136779311734 0.4542136779311734 
1 12921 2017 0.2108798959548633 0.45460627217108907 0.45460627217108907 
2 5143 1318 0.32791759013613614 0.45771630447489764 0.45771630447489764 
3 2083 276 0.41831790504343397 0.45490457597819856 0.45771630447489764 
4 1986 199 0.4289553121829349 0.45822288458104765 0.45822288458104765 
5 2228 155 0.4390819448556329 0.4573572762610717 0.45822288458104765 
6 916 96 0.448128569190165 0.45848195072214193 0.45848195072214193 
7 1861 77 0.4508683613374225 0.45953172305328294 0.45953172305328294 
8 2291 116 0.4447574587939834 0.46577821653009543 0.46577821653009543 
9 1444 83 0.45216765188258806 0.4673999665018489 0.4673999665018489 
10 3202 88 0.45129141777083004 0.46689794143248864 0.4673999665018489 
11 1936 98 0.4503388240075637 0.46972868419957525 0.46972868419957525 
12 2408 68 0.4584792391962793 0.46972868419957525 0.46972868419957525 
13 2126 100 0.4552635767372866 0.46918091027659925 0.46972868419957525 
14 2498 222 0.4488506201417159 0.46938456259715866 0.46972868419957525 
15 1295 74 0.46087712248780377 0.47611404442218164 0.47611404442218164 
16 2050 668 0.3939309571634986 0.47530036278869603 0.47611404442218164 
17 1465 88 0.46044473016327786 0.47441651148170133 0.47611404442218164 
18 2622 60 0.46478294808130194 0.47547555906982886 0.47611404442218164 
19 1948 64 0.46525961065706894 0.4789991033862582 0.4789991033862582 
20 2484 66 0.46350824845149413 0.4803905069389843 0.4803905069389843 
21 1928 72 0.46429114044581893 0.48645099750426946 0.48645099750426946 
22 2127 63 0.4671868158623754 0.48645099750426946 0.48645099750426946 
23 2188 144 0.4492710248951725 0.48889452840761943 0.48889452840761943 
24 2769 62 0.4701590405557932 0.4942574149758263 0.4942574149758263 
25 3311 37 0.4786395385935617 0.4942574149758263 0.4942574149758263 
26 2037 35 0.48093609156321404 0.5027254561783729 0.5027254561783729 
27 1135 35 0.4832798527930224 0.5020845854201131 0.5027254561783729 
28 2155 36 0.4850058471565967 0.5106382824870656 0.5106382824870656 
29 1601 61 0.48071658455106303 0.5096422441403206 0.5106382824870656 
0 41156 5467 -0.09016555751223786 0.4508191979419416 0.4508191979419416 
1 17104 2182 0.22111721878876522 0.4504793242960725 0.4508191979419416 
2 5416 824 0.3518397005262237 0.45088649695811633 0.45088649695811633 
3 4050 336 0.4144686864585683 0.45207132866468436 0.45207132866468436 
4 1492 139 0.43474171880176 0.4525025105302225 0.4525025105302225 
5 1831 101 0.4447781522255598 0.4569171684775265 0.4569171684775265 
6 2541 209 0.4393976267512232 0.45771211908418696 0.45771211908418696 
7 4064 149 0.4418084530603607 0.4571554453290757 0.45771211908418696 
8 2350 108 0.4473961461873076 0.45760688118290554 0.45771211908418696 
9 1379 94 0.45094236890013806 0.45783674195392376 0.45783674195392376 
10 2097 132 0.4440430846878472 0.45912951558182563 0.45912951558182563 
11 1689 113 0.4507182447490006 0.45912951558182563 0.45912951558182563 
12 2169 123 0.4510811120105428 0.4617926185751797 0.4617926185751797 
13 4019 182 0.4441742299534732 0.4614177639844699 0.4617926185751797 
14 3017 158 0.44883145751157416 0.4615166163386234 0.4617926185751797 
15 3310 196 0.44328424296760327 0.4620493479753461 0.4620493479753461 
16 1955 428 0.42270629720573943 0.4631138841723429 0.4631138841723429 
17 2488 361 0.43083065259442144 0.4633940293099409 0.4633940293099409 
18 1557 150 0.45417873670553827 0.464620563871483 0.464620563871483 
19 1559 253 0.4495695868954993 0.465830566403343 0.465830566403343 
20 2180 120 0.4575258947082091 0.465830566403343 0.465830566403343 
21 1497 128 0.4545835712179606 0.46624217372393373 0.46624217372393373 
22 2453 564 0.42236279044019637 0.46839817575350784 0.46839817575350784 
23 2818 158 0.4522556986234934 0.4683227890210321 0.46839817575350784 
24 1600 108 0.46113188357636803 0.4692669147447822 0.4692669147447822 
25 4151 158 0.45363956490207047 0.4696151708771712 0.4696151708771712 
26 1357 128 0.4585672562525604 0.46977572856786676 0.46977572856786676 
27 2066 357 0.43789471480610886 0.4715072678462181 0.4715072678462181 
28 2018 150 0.45621946421415926 0.4715072678462181 0.4715072678462181 
29 1826 168 0.4600236491768589 0.4733067413350822 0.4733067413350822 
0 39248 8124 -0.26636122753298536 0.4540909376771062 0.4540909376771062 
1 38537 3141 0.16594943977847515 0.4580235694012616 0.4580235694012616 
2 6208 1403 0.3182694698871711 0.45402862061826194 0.4580235694012616 
3 4014 1037 0.36866078720537315 0.4509594974283471 0.4580235694012616 
4 3164 230 0.42503502455970815 0.45688068283388183 0.4580235694012616 
5 2058 142 0.4400935589172713 0.45713933379722965 0.4580235694012616 
6 2261 154 0.43839270125556157 0.45713933379722965 0.4580235694012616 
7 1902 108 0.44483255663256394 0.45827315541736496 0.45827315541736496 
8 2177 101 0.44695668951323314 0.4586394463051154 0.4586394463051154 
9 1681 149 0.4354715555798288 0.4587444621374436 0.4587444621374436 
10 2451 91 0.44999813894856167 0.4581579333915302 0.4587444621374436 
11 1676 76 0.45358752644163125 0.4581623616325907 0.4587444621374436 
12 2061 72 0.4549388146220884 0.45880937160207846 0.45880937160207846 
13 1669 70 0.45449292456665547 0.458917441273348 0.458917441273348 
14 1358 66 0.4564358589104691 0.4599431932222138 0.4599431932222138 
15 2142 63 0.45614927806483996 0.4601397054689992 0.4601397054689992 
16 1895 64 0.45647050459921834 0.46137878735753823 0.46137878735753823 
17 3367 66 0.4559298166431933 0.46167669483567597 0.46167669483567597 
18 2458 74 0.45416397482802195 0.46103381716625924 0.46167669483567597 
19 2037 62 0.45770795848201956 0.46204329578588615 0.46204329578588615 
20 2083 96 0.4510228592989256 0.46414226689320803 0.46414226689320803 
21 4300 79 0.45371594384458874 0.4651675482880555 0.4651675482880555 
22 1226 58 0.45970820922765376 0.4654628311627359 0.4654628311627359 
23 2615 71 0.45737230384585403 0.46589248578997344 0.46589248578997344 
24 2637 163 0.434415152052808 0.46608509510119667 0.46608509510119667 
25 2127 66 0.45960176005713316 0.46655486966404214 0.46655486966404214 
26 1250 56 0.4621745890579237 0.467533282832456 0.467533282832456 
27 2374 55 0.4628368918416282 0.4697205862904274 0.4697205862904274 
28 2030 52 0.4643122632677131 0.4713639327434045 0.4713639327434045 
29 1883 53 0.46423608390235194 0.4724438671744381 0.4724438671744381 
0 35764 5514 -0.16126962612545817 0.45329066579573296 0.45329066579573296 
1 21858 2304 0.17244134218415344 0.45585637770273757 0.45585637770273757 
2 6820 994 0.3342119206430953 0.4581337326059276 0.4581337326059276 
3 4422 711 0.39352246856594775 0.4591083625211303 0.4591083625211303 
4 3603 188 0.4355476454842493 0.4591564625692304 0.4591564625692304 
5 2741 130 0.4403136232860585 0.4601477876934902 0.4601477876934902 
6 2980 110 0.4457224923087135 0.4605725575228125 0.4605725575228125 
7 1824 81 0.45051995663850797 0.4618937657800414 0.4618937657800414 
8 989 87 0.45226214729196984 0.46182580816025154 0.4618937657800414 
9 2881 272 0.41997912161885365 0.46217140336606255 0.46217140336606255 
10 1708 119 0.45166315490570946 0.462208576416091 0.462208576416091 
11 3934 295 0.44045153026964967 0.4629963177433438 0.4629963177433438 
12 2001 138 0.4516773587297247 0.4629963177433438 0.4629963177433438 
13 2448 156 0.4498750873910694 0.4640475147036429 0.4640475147036429 
14 2101 108 0.4581056678452767 0.46433142254943705 0.46433142254943705 
15 1704 109 0.4583510515516167 0.4649589391455258 0.4649589391455258 
16 1985 88 0.4614642302785048 0.46570393631205487 0.46570393631205487 
17 1634 204 0.44536431883636524 0.4657319124305873 0.4657319124305873 
18 2533 159 0.4522767714515178 0.4682515800004404 0.4682515800004404 
19 2526 150 0.4543970382648447 0.46955175819685135 0.46955175819685135 
20 1753 95 0.46162588597614473 0.46987459450577296 0.46987459450577296 
21 1054 81 0.4655590723689129 0.4725105249307403 0.4725105249307403 
22 1976 140 0.45865885393616757 0.4736387296633109 0.4736387296633109 
23 1627 100 0.4640665330443088 0.4736387296633109 0.4736387296633109 
24 1248 105 0.46516275420884595 0.48788881207129076 0.48788881207129076 
25 2704 103 0.4666252687229402 0.48878886928255766 0.48878886928255766 
26 1626 87 0.4689859090335203 0.48871452892056105 0.48878886928255766 
27 1898 210 0.44772298284123435 0.4941954833806303 0.4941954833806303 
28 2950 190 0.4598088422186452 0.5038422667658267 0.5038422667658267 
29 2523 741 0.41885335191305034 0.527273224347196 0.527273224347196 
0 37600 6328 -0.1648569261575062 0.4543781418136633 0.4543781418136633 
1 12360 2511 0.1587322622058664 0.45036258157697695 0.4543781418136633 
2 5910 936 0.3567469477427383 0.4508227788401829 0.4543781418136633 
3 898 292 0.4214671554936686 0.45119513393379196 0.4543781418136633 
4 1381 118 0.43959023557667565 0.4555099453864391 0.4555099453864391 
5 2109 115 0.4380358372838128 0.4561286360462764 0.4561286360462764 
6 2052 100 0.44641033649452555 0.45761501023444057 0.45761501023444057 
7 2391 85 0.4494184031473184 0.4584060545436134 0.4584060545436134 
8 3307 152 0.4396638117263874 0.4583956616079077 0.4584060545436134 
9 2227 113 0.44373929476915414 0.4583956616079077 0.4584060545436134 
10 3726 165 0.44132051841663483 0.46047273387017557 0.46047273387017557 
11 3582 202 0.43001615063660736 0.4618754701945854 0.4618754701945854 
12 2334 142 0.4455103741184756 0.4606279002813344 0.4618754701945854 
13 1297 79 0.45567421834497773 0.4618754701945854 0.4618754701945854 
14 2538 150 0.4456556576010368 0.46181922522012003 0.4618754701945854 
15 1991 108 0.448342048897874 0.46631492480734416 0.46631492480734416 
16 1351 89 0.45386487635102013 0.467418259437021 0.467418259437021 
17 2442 88 0.4517978344307856 0.4680391185798132 0.4680391185798132 
18 2204 70 0.4581458069873158 0.47015661793329483 0.47015661793329483 
19 1787 60 0.4604646365391708 0.47362456183805357 0.47362456183805357 
20 1531 104 0.44861644119935845 0.4715246670347666 0.47362456183805357 
21 1864 90 0.4563715395995025 0.4712614711506671 0.47362456183805357 
22 2632 89 0.45506072710720424 0.47672852517077713 0.47672852517077713 
23 2379 72 0.4610113374495317 0.4795365733125385 0.4795365733125385 
24 2120 54 0.4666950744866738 0.48016875510579193 0.48016875510579193 
25 2797 63 0.4663378103013006 0.4840961487783633 0.4840961487783633 
26 1196 53 0.4703355828331607 0.4889209890891013 0.4889209890891013 
27 1632 59 0.4702411521468918 0.49205023006341353 0.49205023006341353 
28 1805 64 0.4715016472504566 0.5008814447784427 0.5008814447784427 
29 2319 122 0.4610814334187367 0.5010723729558185 0.5010723729558185 
0 38634 7423 -0.2846470086537787 0.4546553612231454 0.4546553612231454 
1 21791 3244 0.11373482457566926 0.4562185161662349 0.4562185161662349 
2 4854 1369 0.32386007363314534 0.45546250561324186 0.4562185161662349 
3 3403 439 0.4039661929438717 0.45733764110068637 0.45733764110068637 
4 1962 148 0.4400235469258837 0.46019554893742454 0.46019554893742454 
5 2252 129 0.44372248853801777 0.4609779321773245 0.4609779321773245 
6 1665 93 0.4495639626294928 0.4632980269917869 0.4632980269917869 
7 2877 111 0.4455268583179835 0.4638997144734262 0.4638997144734262 
8 2405 146 0.4447986981440178 0.46389971447342626 0.46389971447342626 
9 1701 138 0.4432048272306228 0.46455469555241846 0.46455469555241846 
10 3691 196 0.43746919893105257 0.4649983713095406 0.4649983713095406 
11 1616 74 0.4578524470756466 0.4665177550321635 0.4665177550321635 
12 3350 219 0.4400863168954239 0.4678249604119874 0.4678249604119874 
13 2226 111 0.45752128406930576 0.46709072519673267 0.4678249604119874 
14 1409 134 0.4515305116309073 0.4693828862714656 0.4693828862714656 
15 1973 81 0.46145724496563567 0.4709181021813858 0.4709181021813858 
16 1702 99 0.45880886253390657 0.47186929787848253 0.47186929787848253 
17 3034 109 0.45874147017976424 0.4714018947583724 0.47186929787848253 
18 2829 166 0.44824575133055133 0.4740247885599619 0.4740247885599619 
19 2425 188 0.4437085585916818 0.4761724249727556 0.4761724249727556 
20 1343 98 0.45901935736812605 0.4821739905057899 0.4821739905057899 
21 1983 262 0.455345741272661 0.48280347671999496 0.48280347671999496 
22 1984 55 0.47086880914881796 0.4834017425868672 0.4834017425868672 
23 2191 80 0.4682952331988737 0.484991536451737 0.484991536451737 
24 2254 330 0.45145409414135407 0.4855466141324105 0.4855466141324105 
25 1173 66 0.47263029766930814 0.4893468681670731 0.4893468681670731 
26 2531 151 0.45933814495953235 0.4891630233875566 0.4893468681670731 
27 3564 132 0.4663263135796173 0.4934137295317709 0.4934137295317709 
28 555 53 0.4793349021394731 0.4927381623806361 0.4934137295317709 
29 1879 108 0.4696327946534166 0.5034247728077084 0.5034247728077084 