0 39729 6658 -0.2069359262427529 0.4523535376418407 0.4523535376418407 
1 59077 3005 0.14512959687408158 0.4523535376418407 0.4523535376418407 
2 5974 1126 0.31644732305187706 0.4510571627136686 0.4523535376418407 
3 2043 446 0.3980645105474231 0.45187053202998895 0.4523535376418407 
4 2417 350 0.4061619600057672 0.4522362941633825 0.4523535376418407 
5 1524 153 0.43392904725591647 0.45494399807024033 0.45494399807024033 
6 2641 160 0.4326016352620033 0.45662803435603294 0.45662803435603294 
7 3063 130 0.44291970801447245 0.4578400233366219 0.4578400233366219 
8 1794 171 0.43474095727032264 0.45700403843276083 0.4578400233366219 
9 1398 272 0.44080246657063216 0.4576789890600893 0.4578400233366219 
10 1667 96 0.44976160039416613 0.45842277609703486 0.45842277609703486 
11 2349 169 0.4449304688966563 0.45842277609703486 0.45842277609703486 
12 3043 122 0.44749303906217214 0.45937916410592217 0.45937916410592217 
13 2588 106 0.45062130826242786 0.46049956405250436 0.46049956405250436 
14 1783 125 0.4478100118656645 0.46049956405250436 0.46049956405250436 
15 2520 205 0.4341395895223538 0.4602501524688538 0.46049956405250436 
16 2403 118 0.4520919760748378 0.46137809285650366 0.46137809285650366 
17 3562 638 0.3964090065981201 0.46197979923352667 0.46197979923352667 
18 3120 223 0.438024584444127 0.46279317485756527 0.46279317485756527 
19 2416 311 0.4319815586509872 0.46319629954377645 0.46319629954377645 
20 2626 110 0.45411637215154443 0.4645332280082063 0.4645332280082063 
21 2200 128 0.4512141360572699 0.46553059604616076 0.46553059604616076 
22 2448 531 0.4055949205448103 0.4660918614473891 0.4660918614473891 
23 2112 69 0.46133013826986285 0.46619455366650425 0.46619455366650425 
24 1597 136 0.4488899508985358 0.47091758550251683 0.47091758550251683 
25 1135 78 0.4612555196793538 0.47123334966028485 0.47123334966028485 
26 3210 126 0.4534729839359557 0.471958313895459 0.471958313895459 
27 1781 75 0.4626812258737136 0.47352868704453854 0.47352868704453854 
28 1492 98 0.45903230379405785 0.4741695460435609 0.4741695460435609 
29 2995 164 0.45104961584001024 0.47749208087275385 0.47749208087275385 
0 39329 5217 -0.12515186379003926 0.4548061722347835 0.4548061722347835 
1 15413 2149 0.2034950390124594 0.45517414948763457 0.45517414948763457 
2 7668 1069 0.33014947233086517 0.4557305179857628 0.4557305179857628 
3 2599 310 0.4114829736994431 0.45540961101540806 0.4557305179857628 
4 3118 255 0.4200778381447532 0.4559285468357447 0.4559285468357447 
5 3157 146 0.4388524370051279 0.45957630256084964 0.45957630256084964 
6 2080 129 0.4459476325796002 0.4601160651525635 0.4601160651525635 
7 2068 106 0.4487106721730689 0.46046982227168354 0.46046982227168354 
8 3193 150 0.44170390594002085 0.4603384626438679 0.46046982227168354 
9 1193 86 0.4503100237312613 0.46104651478822367 0.46104651478822367 
10 3487 190 0.4348425240790686 0.461019277588619 0.46104651478822367 
11 2293 98 0.44863708027153687 0.4612801864661602 0.4612801864661602 
12 2413 97 0.45191546779074593 0.4610361964504144 0.4612801864661602 
13 3924 87 0.4521066428481205 0.4623318958386507 0.4623318958386507 
14 1070 78 0.4546840574876262 0.4631397250827193 0.4631397250827193 
15 1220 65 0.45924992846049506 0.46406988840549046 0.46406988840549046 
16 1847 60 0.4595678215228019 0.4644980028267642 0.4644980028267642 
17 1714 81 0.45609887188534765 0.46622733268563527 0.46622733268563527 
18 2403 83 0.4569043602356812 0.467655877990601 0.467655877990601 
19 3730 83 0.4572584602351551 0.4681358388015023 0.4681358388015023 
20 2736 141 0.44527808042837513 0.4681358388015023 0.4681358388015023 
21 3006 84 0.45846595553843167 0.4733634874265165 0.4733634874265165 
22 2667 100 0.45598544416764947 0.471622118419741 0.4733634874265165 
23 2525 70 0.46404368328733875 0.47544323402724586 0.47544323402724586 
24 3450 144 0.4451743207958199 0.4759667168993913 0.4759667168993913 
25 3939 127 0.4604828544428934 0.4760776351786678 0.4760776351786678 
26 1933 94 0.46284500434783965 0.4769251397363007 0.4769251397363007 
27 2415 242 0.42231897050874645 0.4830743436506302 0.4830743436506302 
28 1736 72 0.46932071862024466 0.4830743436506302 0.4830743436506302 
29 1790 53 0.47467200677566074 0.48369727867001183 0.48369727867001183 
0 39428 7072 -0.23393596431896757 0.45431689275517545 0.45431689275517545 
1 16390 2587 0.17033327759750333 0.451861634695091 0.45431689275517545 
2 5362 908 0.36022459858043293 0.4581759023261207 0.4581759023261207 
3 3176 209 0.4308678577022508 0.4586126640752777 0.4586126640752777 
4 2752 155 0.4399251756968263 0.4596180505994324 0.4596180505994324 
5 2425 144 0.44111809385588535 0.46043277705470415 0.46043277705470415 
6 882 120 0.446140472747022 0.46043277705470415 0.46043277705470415 
7 2536 113 0.44773061350271076 0.4603562662943538 0.46043277705470415 
8 2256 279 0.4431497975790378 0.4607485608125709 0.4607485608125709 
9 2090 116 0.4496604093450369 0.462574996568917 0.462574996568917 
10 2740 139 0.4514746285560517 0.463860195102654 0.463860195102654 
11 2022 115 0.45218304336964976 0.4642935557874762 0.4642935557874762 
12 1860 154 0.44912357932960434 0.4659750811011545 0.4659750811011545 
13 2805 97 0.45775956254060446 0.4659750811011545 0.4659750811011545 
14 1814 242 0.44179138997895767 0.46622855188873147 0.46622855188873147 
15 2741 135 0.44847528011034477 0.46695597837417213 0.46695597837417213 
16 2512 90 0.45901060055913434 0.4674790256403848 0.4674790256403848 
17 1665 73 0.4626001898809468 0.46868549352472666 0.46868549352472666 
18 1625 91 0.46101009241552865 0.46796577558631447 0.46868549352472666 
19 1693 105 0.45931348191908933 0.46971822386753737 0.46971822386753737 
20 1358 70 0.4656405404369534 0.47006761854808654 0.47006761854808654 
21 1589 138 0.4573031220683316 0.472519826442544 0.472519826442544 
22 1413 69 0.46731593173698543 0.473231182558607 0.473231182558607 
23 3042 308 0.452777550479879 0.4742762363121287 0.4742762363121287 
24 2404 93 0.46510165126454067 0.47524176079096925 0.47524176079096925 
25 2306 107 0.46419311996541723 0.47929225676364834 0.47929225676364834 
26 1620 104 0.46786520153785743 0.47929225676364834 0.47929225676364834 
27 1443 60 0.47210547178400375 0.48203403248815013 0.48203403248815013 
28 2964 106 0.4648529208009671 0.48311290181288613 0.48311290181288613 
29 2430 145 0.4634190090324056 0.4869300266493848 0.4869300266493848 
0 48507 8168 -0.22930010944589427 0.4557612800963018 0.4557612800963018 
1 19908 3532 0.17703967589317338 0.45630244932985925 0.45630244932985925 
2 4252 1306 0.3588335533698172 0.4573159440412243 0.4573159440412243 
3 2264 359 0.4248052729691102 0.4613588010312776 0.4613588010312776 
4 4607 237 0.42879509632757845 0.4622198726127804 0.4622198726127804 
5 3215 140 0.44609012630484124 0.46314195072684805 0.46314195072684805 
6 1352 86 0.454416283423476 0.4629976469085376 0.46314195072684805 
7 3045 99 0.45272648051566683 0.4629976469085376 0.46314195072684805 
8 3809 102 0.45331414556858646 0.4639088968426477 0.4639088968426477 
9 3162 416 0.4367686566280344 0.46449518178303084 0.46449518178303084 
10 3132 176 0.45879074589417335 0.46449518178303084 0.46449518178303084 
11 3228 130 0.45210964875097687 0.46506005164878483 0.46506005164878483 
12 1481 114 0.45701785229544956 0.46569151933558073 0.46569151933558073 
13 2845 79 0.46230140027248007 0.46617858225890907 0.46617858225890907 
14 1920 120 0.45563869800434614 0.4688529888326806 0.4688529888326806 
15 2511 325 0.4370446012014389 0.4701978633522933 0.4701978633522933 
16 4250 203 0.44871620297867976 0.4701978633522933 0.4701978633522933 
17 1785 378 0.4425034331821229 0.4713187105331172 0.4713187105331172 
18 2781 655 0.42305582106997347 0.47344138330836905 0.47344138330836905 
19 2912 114 0.4581849803620736 0.4757970451620861 0.4757970451620861 
20 1868 74 0.4668798924164512 0.4752585866383596 0.4757970451620861 
21 2056 99 0.46632054543909063 0.4752585866383596 0.4757970451620861 
22 2977 89 0.46539672627304063 0.47620013919585213 0.47620013919585213 
23 3879 185 0.4515934695573837 0.476610612593216 0.476610612593216 
24 2154 82 0.46930529643728663 0.48533294580411834 0.48533294580411834 
25 2514 494 0.4280636540213816 0.48558646577353537 0.48558646577353537 
26 2346 91 0.4691958227814079 0.48558646577353537 0.48558646577353537 
27 1840 91 0.47197512899294486 0.48533294580411834 0.48558646577353537 
28 2444 123 0.4657729139172705 0.48579171110604397 0.48579171110604397 
29 2835 117 0.4698782106105117 0.4865216439655121 0.4865216439655121 
0 40581 7212 -0.21754557360469245 0.4547366228131447 0.4547366228131447 
1 22432 1738 0.22154910817642676 0.45592015694462945 0.45592015694462945 
2 5033 670 0.3740320313370931 0.4560393610873518 0.4560393610873518 
3 2729 225 0.4301551816052255 0.45641771400179576 0.45641771400179576 
4 2738 139 0.4419469411091716 0.45674273392601616 0.45674273392601616 
5 2229 104 0.4464425611213866 0.46103903397064383 0.46103903397064383 
6 2051 94 0.44953618944195595 0.46117275856954476 0.46117275856954476 
7 1573 107 0.44898869385655354 0.4638980390519227 0.4638980390519227 
8 2399 250 0.4460952610648094 0.4641521189669967 0.4641521189669967 
9 2120 73 0.45612165158881096 0.46422395792777604 0.46422395792777604 
10 2827 82 0.455497749633902 0.46488355132315273 0.46488355132315273 
11 2352 88 0.4548543523806613 0.46634041742236376 0.46634041742236376 
12 2305 70 0.459804429337538 0.46634041742236376 0.46634041742236376 
13 3278 73 0.4603746148143468 0.46784432892949973 0.46784432892949973 
14 2369 67 0.4623389508326767 0.46751065942801673 0.46784432892949973 
15 2539 93 0.4562759923378671 0.4686719733043737 0.4686719733043737 
16 2782 63 0.4645550240573557 0.469626005074265 0.469626005074265 
17 1247 147 0.4515980717966476 0.4725799186432555 0.4725799186432555 
18 2623 66 0.46470424191394616 0.47314406328666847 0.47314406328666847 
19 2726 84 0.46304489025635165 0.4749181691197897 0.4749181691197897 
20 1728 102 0.45863210272926236 0.4763952043030406 0.4763952043030406 
21 2153 113 0.4602539396964556 0.48306780177522257 0.48306780177522257 
22 3108 92 0.4633655709422822 0.48306780177522257 0.48306780177522257 
23 2610 68 0.46964233241821435 0.48906892556298 0.48906892556298 
24 2486 63 0.47098291915508433 0.489532855368528 0.489532855368528 
25 1550 83 0.47410269160428653 0.489532855368528 0.489532855368528 
26 3342 183 0.44162332627610035 0.4919260336946323 0.4919260336946323 
27 3695 168 0.45226090686257464 0.49581019145670446 0.49581019145670446 
28 2639 55 0.47976175510435515 0.4998378559940113 0.4998378559940113 
29 2637 170 0.4571735740129303 0.5032343168023478 0.5032343168023478 
0 39678 5874 -0.12473691739372511 0.4528520220086142 0.4528520220086142 
1 14335 2794 0.15697106842180944 0.45672453922370615 0.45672453922370615 
2 6719 1046 0.34079217975023446 0.4571056821408426 0.4571056821408426 
3 3946 395 0.40615309403758226 0.4573215173686555 0.4573215173686555 
4 3059 163 0.4312518546559705 0.4573215173686555 0.4573215173686555 
5 1869 141 0.44145006363555583 0.45760999488096854 0.45760999488096854 
6 1866 89 0.44806274438279325 0.45828132903341157 0.45828132903341157 
7 3723 89 0.44904123509506766 0.45860961147031015 0.45860961147031015 
8 3814 193 0.42844737713160463 0.4586724580620304 0.4586724580620304 
9 3829 208 0.42641923751833866 0.4601093583875554 0.4601093583875554 
10 2776 94 0.4514829242602133 0.46063107867433783 0.46063107867433783 
11 3596 150 0.44331342489075076 0.46105515353492543 0.46105515353492543 
12 2153 78 0.45636564456349454 0.46200503506893603 0.46200503506893603 
13 1361 101 0.4500375890964986 0.4628562341632625 0.4628562341632625 
14 2806 145 0.4440644236834788 0.4643392859284817 0.4643392859284817 
15 3031 85 0.45541767515447545 0.464861802627469 0.464861802627469 
16 2562 193 0.44204760966214907 0.46606407401979205 0.46606407401979205 
17 1296 71 0.4594246550239893 0.4651730924114805 0.46606407401979205 
18 2514 75 0.4585051507297845 0.46663311720018397 0.46663311720018397 
19 2295 86 0.4578815605336152 0.4672062000313313 0.4672062000313313 
20 1677 125 0.4538814209855188 0.46632266235874875 0.4672062000313313 
21 3518 72 0.46038236141166217 0.4688659174568156 0.4688659174568156 
22 3034 88 0.45709840201114077 0.4700839209278044 0.4700839209278044 
23 2221 114 0.4462371753464712 0.4724877897011259 0.4724877897011259 
24 2409 63 0.46331376047546824 0.4753356659081185 0.4753356659081185 
25 2429 61 0.46332254021263347 0.4737386880565795 0.4753356659081185 
26 1793 58 0.46440664915191965 0.4798095183252079 0.4798095183252079 
27 2690 139 0.4500686430163634 0.4838078326090153 0.4838078326090153 
28 2913 168 0.43775333420647367 0.49590671132162734 0.49590671132162734 
29 2141 43 0.47048360461758415 0.4909005475396072 0.49590671132162734 
0 46939 6584 -0.16898033847666333 0.45774181424395555 0.45774181424395555 
1 18284 2886 0.18681298841176514 0.4579018361503157 0.4579018361503157 
2 14816 1375 0.30926469822867003 0.4577953437783425 0.4579018361503157 
3 3265 793 0.3750619817086016 0.45836701424707277 0.45836701424707277 
4 3851 267 0.4276410057663406 0.4628726948100363 0.4628726948100363 
5 1524 146 0.4413291118441056 0.46228880069474615 0.4628726948100363 
6 3314 129 0.4454404551985079 0.46228880069474615 0.4628726948100363 
7 2080 108 0.4517032648341985 0.46292791967646874 0.46292791967646874 
8 1276 109 0.45546120061614387 0.4650024956339741 0.4650024956339741 
9 3051 199 0.4442084481264562 0.46509392009626777 0.46509392009626777 
10 2065 164 0.45817687075317254 0.46519663721347004 0.46519663721347004 
11 2513 132 0.4453236475946704 0.4662609843225751 0.4662609843225751 
12 3216 106 0.45763588689213786 0.4686975686097544 0.4686975686097544 
13 1130 85 0.4615797159299719 0.4686975686097544 0.4686975686097544 
14 2095 75 0.4633345416374987 0.4686975686097544 0.4686975686097544 
15 3306 163 0.4593160935099718 0.4717742718235008 0.4717742718235008 
16 3732 320 0.4491175884957693 0.4731221029092034 0.4731221029092034 
17 1989 77 0.46562155546695166 0.4748834685958562 0.4748834685958562 
18 2727 247 0.4451010866908024 0.4748834685958562 0.4748834685958562 
19 2942 254 0.43572280016252696 0.4765561636369295 0.4765561636369295 
20 2346 274 0.4545086461668699 0.47567126885246575 0.4765561636369295 
21 3345 88 0.46631657271698784 0.4791262124439505 0.4791262124439505 
22 1192 95 0.46839142936910433 0.4806401657528241 0.4806401657528241 
23 2554 89 0.46947993912818986 0.48002573207022237 0.4806401657528241 
24 3691 141 0.46236672541380386 0.4842698126526645 0.4842698126526645 
25 2172 125 0.46463250869552314 0.4850370402369628 0.4850370402369628 
26 2914 127 0.4677359263864608 0.49180492281274096 0.49180492281274096 
27 1601 177 0.470898245355385 0.4906142469713795 0.49180492281274096 
28 1819 118 0.4694504674215116 0.4901478419480721 0.49180492281274096 
29 1457 100 0.4761825890342201 0.49833107927607917 0.49833107927607917 
0 38386 5153 -0.0963150355493776 0.4535198843626155 0.4535198843626155 
1 21456 2510 0.20580379965365667 0.4560644028651257 0.4560644028651257 
2 6690 1185 0.34525025096608547 0.45660566407786896 0.45660566407786896 
3 1886 420 0.40734987309149473 0.45511425036702974 0.45660566407786896 
4 2467 142 0.4389210701391007 0.4617416740625599 0.4617416740625599 
5 1396 124 0.44013278980733544 0.46317178729385544 0.46317178729385544 
6 2188 132 0.4430739687300384 0.46353776460253965 0.46353776460253965 
7 2558 225 0.44304751232303874 0.464991523140333 0.464991523140333 
8 2485 99 0.4514075772567696 0.46427719087001196 0.464991523140333 
9 1728 80 0.45678628431337964 0.4659638663958906 0.4659638663958906 
10 1802 186 0.43889783492891227 0.46704899187606097 0.46704899187606097 
11 2115 87 0.45813393388575013 0.4677758278017241 0.4677758278017241 
12 2049 138 0.4520519752673421 0.46851809277146583 0.46851809277146583 
13 1316 94 0.4617707963392693 0.47037836474407024 0.47037836474407024 
14 2284 642 0.4310462963357864 0.4713780216840993 0.4713780216840993 
15 3339 101 0.46031387630645504 0.47214994934371074 0.47214994934371074 
16 2078 109 0.45957956555211893 0.4743268087592304 0.4743268087592304 
17 3061 208 0.4462940705049698 0.47697725940144686 0.47697725940144686 
18 2572 108 0.4618312843537717 0.4777835531216357 0.4777835531216357 
19 1525 80 0.4682245916250754 0.4808704132760113 0.4808704132760113 
20 2030 75 0.4699262160015265 0.48618844496548863 0.48618844496548863 
21 3507 285 0.45296000461430064 0.4889195299836707 0.4889195299836707 
22 2569 82 0.47036329248017145 0.4946559562251408 0.4946559562251408 
23 2012 85 0.4751276342787342 0.5015719176958998 0.5015719176958998 
24 1646 222 0.465567694391863 0.5068136683101696 0.5068136683101696 
25 1862 64 0.48010853379493407 0.50308992297038 0.5068136683101696 
26 2160 228 0.4730212539997559 0.5181897685810322 0.5181897685810322 
27 3119 268 0.46293688995649324 0.5109683806098135 0.5181897685810322 
28 2810 119 0.4747279044563966 0.5188926261699276 0.5188926261699276 
29 2212 75 0.49007672945522684 0.5227113117492043 0.5227113117492043 
0 41869 5960 -0.17958342281955908 0.4567136630581765 0.4567136630581765 
1 28512 2502 0.15430925985032246 0.457645396144139 0.457645396144139 
2 9022 1096 0.3328379052188368 0.4559690075197521 0.457645396144139 
3 3573 291 0.41173007951179136 0.45757818227079905 0.457645396144139 
4 3395 313 0.4269885195643072 0.45796142041262466 0.45796142041262466 
5 3622 143 0.4416024587576427 0.45846390089997957 0.45846390089997957 
6 3144 185 0.43520080311145803 0.45867141799133804 0.45867141799133804 
7 1359 220 0.4349923268741862 0.4597135262412371 0.4597135262412371 
8 2206 334 0.4303399138425752 0.461394748065532 0.461394748065532 
9 2947 164 0.43942601573790335 0.4641373283854108 0.4641373283854108 
10 3719 310 0.4311279258304086 0.4663351706591917 0.4663351706591917 
11 3835 243 0.44225573864622797 0.4663351706591917 0.4663351706591917 
12 3491 328 0.4248214377762401 0.46772719585768574 0.46772719585768574 
13 3126 204 0.4405375549224273 0.46772719585768574 0.46772719585768574 
14 2115 73 0.45883867799074224 0.4695713701073956 0.4695713701073956 
15 2983 163 0.4461565441280532 0.46984947613298533 0.46984947613298533 
16 2374 116 0.45346774019213015 0.47027282729163056 0.47027282729163056 
17 1660 81 0.4611629602435092 0.4715618304207637 0.4715618304207637 
18 3464 145 0.45107194328532757 0.47267208192399696 0.47267208192399696 
19 3215 167 0.4506205178146059 0.4737483536260597 0.4737483536260597 
20 1819 243 0.45625825228879546 0.47601250680876894 0.47601250680876894 
21 2639 98 0.462546810568099 0.4748533886889229 0.47601250680876894 
22 2001 47 0.46931942177884045 0.478875843906187 0.478875843906187 
23 1963 57 0.4692855554577268 0.48492790127557917 0.48492790127557917 
24 1412 49 0.47028348145394444 0.47960174433379743 0.48492790127557917 
25 3051 115 0.46279198738846966 0.4811531162134175 0.48492790127557917 
26 1746 89 0.46635179998165066 0.48529118160911144 0.48529118160911144 
27 2630 515 0.43405313054484423 0.4874730874850828 0.4874730874850828 
28 2092 118 0.4644413822078499 0.4889762274126448 0.4889762274126448 
29 1239 45 0.4760804878420867 0.49479598398548036 0.49479598398548036 
0 41250 7783 -0.3367983572728368 0.45648458653526514 0.45648458653526514 
1 23893 2248 0.21069928176563746 0.45625940502456575 0.45648458653526514 
2 2765 738 0.3675088255420858 0.4576855484321108 0.4576855484321108 
3 1993 279 0.418420908251009 0.45674258743628127 0.4576855484321108 
4 1558 122 0.43946237363910173 0.4572616707615824 0.4576855484321108 
5 1461 94 0.44696960067643665 0.46312521118796424 0.46312521118796424 
6 4083 217 0.4220614688368912 0.46361165657429726 0.46361165657429726 
7 4241 294 0.4367157727370695 0.4644973846366404 0.4644973846366404 
8 1251 78 0.45391454378732005 0.46596575056547257 0.46596575056547257 
9 2068 82 0.45572820114947094 0.4664482395767462 0.4664482395767462 
10 1930 110 0.45344424825258217 0.4670393610213502 0.4670393610213502 
11 2057 80 0.45912763916047133 0.4670393610213502 0.4670393610213502 
12 3483 245 0.4453565004367781 0.4674470620873165 0.4674470620873165 
13 2405 203 0.4434554672567246 0.4690557756167155 0.4690557756167155 
14 2505 189 0.44687850537877893 0.4690557756167155 0.4690557756167155 
15 1920 472 0.38214694384431797 0.4699068248354856 0.4699068248354856 
16 4118 137 0.4548821947109862 0.4713756519209381 0.4713756519209381 
17 3043 149 0.45079208328204906 0.4711999187955453 0.4713756519209381 
18 3090 138 0.45351100548882867 0.47146284333664507 0.47146284333664507 
19 1598 78 0.46397254917479747 0.47329990547169243 0.47329990547169243 
20 1647 58 0.4679788991855743 0.4745690948450143 0.4745690948450143 
21 2236 76 0.46592943948331866 0.4797930395686406 0.4797930395686406 
22 2855 84 0.46191629769414944 0.47767114300926694 0.4797930395686406 
23 4180 343 0.41162854370977364 0.4789465852146649 0.4797930395686406 
24 3389 438 0.43306543291052757 0.4804096087549644 0.4804096087549644 
25 1242 76 0.4684750434935894 0.48394965647107757 0.48394965647107757 
26 3043 68 0.47079396612951896 0.48629130598626835 0.48629130598626835 
27 1664 48 0.4764621241275909 0.48952210909394267 0.48952210909394267 
28 1349 73 0.47235265726109 0.49012048973669087 0.49012048973669087 
29 3248 93 0.4727195970781499 0.502644870780166 0.502644870780166 
0 38761 6268 -0.14862003312540117 0.4547936518602371 0.4547936518602371 
1 15036 2355 0.24169525778899273 0.4559364878654408 0.4559364878654408 
2 5316 961 0.36449679937118096 0.45654757593101386 0.45654757593101386 
3 2527 226 0.42922912574482686 0.46059695065708817 0.46059695065708817 
4 2714 137 0.4456973316443531 0.46756275472090714 0.46756275472090714 
5 1315 76 0.4515542962067514 0.4683101621247858 0.4683101621247858 
6 2769 86 0.45293794185463737 0.4690330870888284 0.4690330870888284 
7 1500 121 0.4468245801041773 0.4700768884771389 0.4700768884771389 
8 3652 127 0.4494001565822885 0.4704795470451687 0.4704795470451687 
9 3648 83 0.4583681101619694 0.47072541144671526 0.47072541144671526 
10 1791 77 0.4595950637617706 0.47114583248541864 0.47114583248541864 
11 2994 214 0.44610852080331204 0.4723012045135764 0.4723012045135764 
12 2525 188 0.44818624797338424 0.4730123426751547 0.4730123426751547 
13 1936 82 0.4649183217062242 0.47529530555078714 0.47529530555078714 
14 2976 217 0.45666310190667914 0.4782634367296783 0.4782634367296783 
15 1192 60 0.46925739202188466 0.4806998453068513 0.4806998453068513 
16 3640 118 0.46641964634039057 0.48077123884408396 0.48077123884408396 
17 1980 68 0.4706376054286745 0.4870426246653029 0.4870426246653029 
18 2591 308 0.4506670890960499 0.4870426246653029 0.4870426246653029 
19 3278 127 0.4622114946920998 0.4855932699718176 0.4870426246653029 
20 495 96 0.47079654470301613 0.4960521487195691 0.4960521487195691 
21 2429 198 0.4688531010430858 0.5001856114038146 0.5001856114038146 
22 2642 75 0.4771481336874595 0.5078740207807366 0.5078740207807366 
23 1935 71 0.48040630752152486 0.5004353909568217 0.5078740207807366 
24 2351 65 0.48385517226513336 0.5055317564408239 0.5078740207807366 
25 2023 172 0.47876079849085956 0.5149106017424095 0.5149106017424095 
26 1841 77 0.4899592692984946 0.5167851018614948 0.5167851018614948 
27 1755 76 0.4916396129196614 0.5317716714504253 0.5317716714504253 
28 3196 99 0.4926020802082573 0.5358757115080591 0.5358757115080591 
29 2882 133 0.4888215010056501 0.5538886080281162 0.5538886080281162 
0 36607 4736 -0.0859277753523156 0.45529426692648123 0.45529426692648123 
1 13951 2050 0.19725172671463403 0.4544277804470831 0.45529426692648123 
2 5578 1135 0.33485557847063496 0.45483225939613386 0.45529426692648123 
3 2777 401 0.41007783103003353 0.45779609444838143 0.45779609444838143 
4 3690 141 0.43806084156983255 0.4592855673186099 0.4592855673186099 
5 2314 102 0.44535375989027964 0.4592855673186099 0.4592855673186099 
6 3035 219 0.430310342969345 0.46009439896059334 0.46009439896059334 
7 2291 89 0.4519018999094648 0.4605950652449662 0.4605950652449662 
8 1387 83 0.4548604035654706 0.46233050809160403 0.46233050809160403 
9 3169 91 0.45491348844390894 0.4645818608365829 0.4645818608365829 
10 2658 85 0.4553330618419467 0.4659297579690281 0.4659297579690281 
11 1614 72 0.4578390710130218 0.4659297579690281 0.4659297579690281 
12 2164 91 0.45797530884045984 0.46652034415783145 0.46652034415783145 
13 3277 85 0.4576643764676428 0.46652034415783145 0.46652034415783145 
14 2328 63 0.46123538965937105 0.4688793266031194 0.4688793266031194 
15 2720 81 0.4611422168935373 0.4678734958853551 0.4688793266031194 
16 2386 94 0.4587045544788156 0.46836684238449 0.4688793266031194 
17 2863 126 0.45483107473833784 0.46949893844125556 0.46949893844125556 
18 2471 93 0.45962654669540937 0.4701606041997025 0.4701606041997025 
19 2165 98 0.4586344366182378 0.478434605382996 0.478434605382996 
20 2352 85 0.4626349712395386 0.479752386644604 0.479752386644604 
21 2643 205 0.4429626571664061 0.4802166034616371 0.4802166034616371 
22 2008 77 0.46450407309728237 0.47959340991285127 0.4802166034616371 
23 2104 108 0.4634755697089246 0.4838316266807288 0.4838316266807288 
24 1844 81 0.46650122725943466 0.4838316266807288 0.4838316266807288 
25 941 63 0.4713076215048335 0.48487553835726505 0.48487553835726505 
26 2450 91 0.46815450920566837 0.4882582845263046 0.4882582845263046 
27 3122 97 0.4693739387166282 0.4894188723117324 0.4894188723117324 
28 1180 96 0.46921779890564097 0.4932212956203345 0.4932212956203345 
29 2630 105 0.47166102344458666 0.49460745703785225 0.49460745703785225 
0 43784 6129 -0.1205701885117049 0.4521304848415542 0.4521304848415542 
1 21224 2878 0.1756051046899521 0.4526568098050747 0.4526568098050747 
2 8689 1982 0.27054992159378605 0.45277545306274924 0.45277545306274924 
3 4562 1401 0.3675874532231427 0.45274200753697635 0.45277545306274924 
4 4546 561 0.3889537419892017 0.45385241243276475 0.45385241243276475 
5 2742 132 0.4418547451933148 0.45536326123465176 0.45536326123465176 
6 2200 290 0.41135294013630336 0.4591612173908901 0.4591612173908901 
7 1809 183 0.43628063259948435 0.45957291848653237 0.45957291848653237 
8 2943 472 0.4125446950471665 0.4607559133478557 0.4607559133478557 
9 2624 205 0.4357347444511453 0.46055679580552 0.4607559133478557 
10 3218 96 0.451665550850974 0.4599597347964033 0.4607559133478557 
11 1397 90 0.45424248789377275 0.4600791049740679 0.4607559133478557 
12 2003 331 0.42929983356513335 0.4608180191769896 0.4608180191769896 
13 3620 123 0.44654187986285776 0.46301245419856224 0.46301245419856224 
14 2364 158 0.4460286674421011 0.46301245419856224 0.46301245419856224 
15 2531 185 0.43769999276509575 0.46558140643905344 0.46558140643905344 
16 2586 132 0.4489301033966145 0.46558140643905344 0.46558140643905344 
17 2210 208 0.4412889679982354 0.4666534664737485 0.4666534664737485 
18 3711 107 0.4555105398810499 0.466728478192574 0.466728478192574 
19 2997 107 0.45556898998447337 0.46774467279059795 0.46774467279059795 
20 4197 255 0.4393557688654521 0.4695218778839513 0.4695218778839513 
21 3286 101 0.4580398335086522 0.47051480023886527 0.47051480023886527 
22 1930 72 0.4639187493995798 0.4711261648971873 0.4711261648971873 
23 1676 69 0.46547345989383543 0.4715741769169141 0.4715741769169141 
24 1448 81 0.46402286927070263 0.47280779810742857 0.47280779810742857 
25 3652 195 0.4534165300633488 0.47640132733534224 0.47640132733534224 
26 2828 80 0.4653045269951863 0.4773325447681829 0.4773325447681829 
27 2281 97 0.46450576277345657 0.4795642291902451 0.4795642291902451 
28 2588 81 0.46857344629956077 0.485076174753912 0.485076174753912 
29 2057 149 0.46242119727712827 0.48395740005007226 0.485076174753912 
0 39871 6341 -0.1619637570297185 0.4568737181818777 0.4568737181818777 
1 23936 2826 0.15655842740924417 0.4575666015756058 0.4575666015756058 
2 11195 1398 0.29503384520578513 0.4575666015756058 0.4575666015756058 
3 2801 439 0.4052443654864898 0.4590484616555802 0.4590484616555802 
4 3174 506 0.38906826476183726 0.45865900978788204 0.4590484616555802 
5 2655 139 0.44143337036057145 0.46042356962249636 0.46042356962249636 
6 3324 143 0.4439594824784994 0.4616000381599527 0.4616000381599527 
7 2574 209 0.4396286808874678 0.46405123295806305 0.46405123295806305 
8 2276 438 0.41713505281646135 0.4640572359782762 0.4640572359782762 
9 3240 152 0.44701012238361437 0.46458271761175485 0.46458271761175485 
10 2324 85 0.456275661217643 0.46403663600849876 0.46458271761175485 
11 2133 128 0.45031806535282903 0.46505396352695294 0.46505396352695294 
12 3644 147 0.45142883546865664 0.4660497334758262 0.4660497334758262 
13 3259 139 0.45070266959545613 0.4660497334758262 0.4660497334758262 
14 2835 123 0.4541265893290442 0.466123478476546 0.466123478476546 
15 3453 78 0.4604512655773744 0.46667032934022107 0.46667032934022107 
16 2074 138 0.45400344467210063 0.467051105756658 0.467051105756658 
17 3124 177 0.44766907242491366 0.46836986572987205 0.46836986572987205 
18 2157 117 0.4581948226571302 0.46995309702786237 0.46995309702786237 
19 3887 109 0.45865762718698333 0.4710815255954156 0.4710815255954156 
20 3380 167 0.4554114366080637 0.47290795168886823 0.47290795168886823 
21 3854 151 0.45972886075908265 0.47211275603538366 0.47290795168886823 
22 2376 120 0.46191808245443233 0.47451873841550146 0.47451873841550146 
23 2914 203 0.4524959736524364 0.4772253386352042 0.4772253386352042 
24 1953 81 0.4674665886759913 0.4777730664986026 0.4777730664986026 
25 1743 134 0.464861625849194 0.4835133148724666 0.4835133148724666 
26 2361 111 0.46427422362705295 0.4835133148724666 0.4835133148724666 
27 2609 311 0.4419442953241293 0.4886105585106352 0.4886105585106352 
28 2535 131 0.4664715686844083 0.4956631163942404 0.4956631163942404 
29 1455 87 0.4734423876525794 0.4956631163942404 0.4956631163942404 
0 40945 6315 -0.20201968609985094 0.4544137673760562 0.4544137673760562 
1 28712 3122 0.1408516066915675 0.4546122470991208 0.4546122470991208 
2 13290 1678 0.2915210604103215 0.45346965404472617 0.4546122470991208 
3 4248 615 0.3942247355141612 0.45666942614221695 0.45666942614221695 
4 2889 186 0.43179939592638156 0.4555063888370785 0.45666942614221695 
5 2013 109 0.443833170552036 0.4559105963805843 0.45666942614221695 
6 3886 175 0.4358398217460362 0.4594964274773236 0.4594964274773236 
7 2524 117 0.44641430284408584 0.4605832375817266 0.4605832375817266 
8 2903 173 0.44038913338225055 0.4608690701500614 0.4608690701500614 
9 1987 160 0.44037275543004867 0.4633520968412119 0.4633520968412119 
10 1614 106 0.45436619065777356 0.46452973274652865 0.46452973274652865 
11 2200 122 0.4543033782751344 0.4646932359302579 0.4646932359302579 
12 2906 282 0.4448713779734176 0.46459493643034555 0.4646932359302579 
13 2842 116 0.4546436159918823 0.465316510321377 0.465316510321377 
14 4068 564 0.42433046193277113 0.4665227387588552 0.4665227387588552 
15 2931 308 0.44412202459607625 0.4665227387588552 0.4665227387588552 
16 2444 110 0.45968790193360065 0.4669423163288573 0.4669423163288573 
17 3024 343 0.4367499226307509 0.46792407197147 0.46792407197147 
18 2287 118 0.4604968117846935 0.46921475683070824 0.46921475683070824 
19 2976 646 0.4290965430586746 0.47043932077626816 0.47043932077626816 
20 2825 138 0.4588999931968258 0.47076101496878864 0.47076101496878864 
21 2468 345 0.4374467657181645 0.47130942425622896 0.47130942425622896 
22 2483 150 0.4563865586227051 0.47246496225968637 0.47246496225968637 
23 924 80 0.46771740292795366 0.47569452008335167 0.47569452008335167 
24 1587 146 0.46163818682436614 0.4774598350887961 0.4774598350887961 
25 1589 105 0.46585027575859533 0.47515663978852585 0.4774598350887961 
26 2876 125 0.46261194881977813 0.4761505227689288 0.4774598350887961 
27 2529 269 0.45839069868155774 0.4802770608918596 0.4802770608918596 
28 3548 142 0.4631859732515302 0.4802770608918596 0.4802770608918596 
29 1590 229 0.45562431196400693 0.4841949975573294 0.4841949975573294 
0 42095 7349 -0.26448044977492857 0.4513735373174258 0.4513735373174258 
1 19128 2273 0.1792284599323769 0.45318265551642667 0.45318265551642667 
2 5764 1073 0.3282923010089354 0.45422589715977324 0.45422589715977324 
3 2964 710 0.39158894206690215 0.45416382718160264 0.45422589715977324 
4 4033 213 0.4260501004354474 0.45684466554420977 0.45684466554420977 
5 2572 153 0.43741961947451613 0.45749666879329687 0.45749666879329687 
6 4074 239 0.4359448427184771 0.45817301049754583 0.45817301049754583 
7 2203 116 0.4462610427319428 0.4577925884529128 0.45817301049754583 
8 2520 128 0.4462020793194852 0.45874903777141973 0.45874903777141973 
9 1462 106 0.4514332728897817 0.45913098077150827 0.45913098077150827 
10 2910 356 0.43700142507644324 0.4596355324816144 0.4596355324816144 
11 1600 94 0.4549359842725346 0.46015367984375233 0.46015367984375233 
12 2659 108 0.4521497905551321 0.4611007181415744 0.4611007181415744 
13 2141 94 0.4546939364390012 0.46171885742768204 0.46171885742768204 
14 3143 300 0.4393271053691018 0.46227914553147753 0.46227914553147753 
15 2294 120 0.4526650467026185 0.4629358102833629 0.4629358102833629 
16 2498 106 0.4562167157209246 0.46474350525807073 0.46474350525807073 
17 2324 115 0.45611462703882194 0.467675087133236 0.467675087133236 
18 2521 123 0.4536218277905838 0.46597719965265316 0.467675087133236 
19 2687 120 0.4563858999924955 0.4669175816340837 0.467675087133236 
20 2173 76 0.4616859621010076 0.46725481418576353 0.467675087133236 
21 3989 147 0.45388324937013436 0.46870522877962406 0.46870522877962406 
22 3445 306 0.44532784729323127 0.4687055255234297 0.4687055255234297 
23 2075 127 0.4610469901912249 0.4700154507486214 0.4700154507486214 
24 3567 68 0.4653493216998305 0.4704418474135093 0.4704418474135093 
25 1902 85 0.4652799880209437 0.47241106064073024 0.47241106064073024 
26 1771 128 0.45872168830012255 0.4721687688168184 0.47241106064073024 
27 3834 383 0.4378502132421645 0.4729397676770781 0.4729397676770781 
28 3169 117 0.4638697498066571 0.4734624524533222 0.4734624524533222 
29 1945 201 0.4555055433229191 0.4738370189893831 0.4738370189893831 
0 37254 5764 -0.12166465020600482 0.4500692473048461 0.4500692473048461 
1 31934 2375 0.1916302716479676 0.4500692473048461 0.4500692473048461 
2 5120 2005 0.3133422376757352 0.4500493422905829 0.4500692473048461 
3 1500 269 0.4235914755963297 0.45170187436959613 0.45170187436959613 
4 2648 159 0.4304669667320504 0.4532985071530758 0.4532985071530758 
5 3330 195 0.42228466232379247 0.4557543938789132 0.4557543938789132 
6 1657 123 0.4408066457138108 0.4557543938789132 0.4557543938789132 
7 2589 371 0.4290908062635813 0.45603594997197827 0.45603594997197827 
8 1722 105 0.4463100199700792 0.45672339930405365 0.45672339930405365 
9 2588 90 0.44987636653549395 0.4578811013512145 0.4578811013512145 
10 2697 102 0.4484632265582882 0.45796893501078667 0.45796893501078667 
11 2585 82 0.45349569330108 0.4613255832076111 0.4613255832076111 
12 1649 111 0.4483270297413581 0.4623064917859084 0.4623064917859084 
13 1758 101 0.4501782503026592 0.46187288492777395 0.4623064917859084 
14 1305 90 0.4536263356751634 0.46302123160148906 0.46302123160148906 
15 2446 100 0.4511084287769906 0.4642029851380393 0.4642029851380393 
16 1683 91 0.45415515108241733 0.46446210205825605 0.46446210205825605 
17 1084 71 0.45792848646503176 0.4638460832946843 0.46446210205825605 
18 2098 95 0.45390495780125895 0.464792390314002 0.464792390314002 
19 3515 99 0.4546216972171873 0.4640964683324145 0.464792390314002 
20 1370 73 0.46040043522814345 0.4653327164709671 0.4653327164709671 
21 2408 271 0.4389733009178579 0.4662613720949896 0.4662613720949896 
22 2295 228 0.4419822518133894 0.46679639142300955 0.46679639142300955 
23 2387 72 0.4618199840700364 0.46797053692439716 0.46797053692439716 
24 2001 100 0.45730359120620406 0.4685042986433485 0.4685042986433485 
25 1251 64 0.46406909082094044 0.4689451216592311 0.4689451216592311 
26 2680 69 0.46324525293031293 0.4715928689935662 0.4715928689935662 
27 1577 80 0.46326956692100735 0.4745965074015219 0.4745965074015219 
28 2412 282 0.43491615924372473 0.4735396944543814 0.4745965074015219 
29 1575 85 0.4636854449027068 0.4735396944543814 0.4745965074015219 
0 40869 5732 -0.09178941809969446 0.453553940168247 0.453553940168247 
1 11258 2213 0.2241847179767498 0.4551701349481787 0.4551701349481787 
2 7525 1076 0.3555168724811725 0.45500543473685323 0.4551701349481787 
3 1467 331 0.4211602796100039 0.455576686364013 0.455576686364013 
4 1721 154 0.4384987009553686 0.4568988782698631 0.4568988782698631 
5 3990 154 0.4361259181119442 0.45797548373052177 0.45797548373052177 
6 2152 85 0.4493610544887883 0.45886921012030146 0.45886921012030146 
7 2960 306 0.4270660049625512 0.45963814485781784 0.45963814485781784 
8 3365 179 0.4397918990489051 0.4604094154031573 0.4604094154031573 
9 1976 109 0.450104265035164 0.4611922156178315 0.4611922156178315 
10 3701 338 0.42592417067898686 0.4613776299284155 0.4613776299284155 
11 2224 100 0.4527895232687876 0.4622322348942287 0.4622322348942287 
12 2377 96 0.4516317054795973 0.46261409608918214 0.46261409608918214 
13 4125 143 0.4470717098194604 0.4635992585001838 0.4635992585001838 
14 2793 523 0.42544650875551177 0.46345345122579285 0.4635992585001838 
15 3470 210 0.4425091335218297 0.4634345981879132 0.4635992585001838 
16 1505 115 0.4518678759906618 0.46510533038339763 0.46510533038339763 
17 2664 146 0.4473437049787013 0.46510533038339763 0.46510533038339763 
18 2363 331 0.4317866324577181 0.46565489721243913 0.46565489721243913 
19 2800 121 0.45419196889047064 0.4666992031015684 0.4666992031015684 
20 2101 359 0.42649294590178966 0.4699291608711152 0.4699291608711152 
21 1681 209 0.443923655397925 0.46873461898294994 0.4699291608711152 
22 3913 486 0.421177584168855 0.47109719029423647 0.47109719029423647 
23 3640 156 0.45148936263643547 0.47255725450692654 0.47255725450692654 
24 1033 65 0.46492838595976704 0.4765924974023692 0.4765924974023692 
25 2528 95 0.4594802159609742 0.48022832494157464 0.48022832494157464 
26 2829 303 0.4421877863447195 0.4802022121682529 0.48022832494157464 
27 3739 443 0.4352458002063288 0.4842735818154206 0.4842735818154206 
28 1973 111 0.4629835847813169 0.49196463005044777 0.49196463005044777 
29 3209 133 0.4619093275636486 0.4914883705291285 0.49196463005044777 
0 38119 5710 -0.14544010575411084 0.45343538742012396 0.45343538742012396 
1 22496 4014 0.03878450427758135 0.4539055516545961 0.4539055516545961 
2 8439 1562 0.2900941474519585 0.45535386879100737 0.45535386879100737 
3 3518 551 0.3961425522574593 0.45657855873175557 0.45657855873175557 
4 2963 164 0.43466955231118926 0.460266540360381 0.460266540360381 
5 2280 168 0.44099543188282325 0.45837661838960453 0.460266540360381 
6 1362 82 0.45064158415263356 0.4589746649990055 0.460266540360381 
7 1971 84 0.45100913269567117 0.4596092512371215 0.460266540360381 
8 1409 109 0.4481482388739683 0.4602859317233937 0.4602859317233937 
9 4089 373 0.42471630830072954 0.46021324334153635 0.4602859317233937 
10 2761 283 0.4315207719966279 0.46091658709890226 0.46091658709890226 
11 3386 356 0.4302757339403574 0.4621946515030355 0.4621946515030355 
12 1934 71 0.45693897162919156 0.4645445785866798 0.4645445785866798 
13 2268 101 0.4544591825062447 0.46487999720893686 0.46487999720893686 
14 2041 92 0.4553043724564734 0.4647671291478556 0.46487999720893686 
15 2306 90 0.4544577370326624 0.4651386902507407 0.4651386902507407 
16 1411 106 0.4539511533117006 0.46545838528941663 0.46545838528941663 
17 2402 160 0.4445508052163929 0.4678974977098484 0.4678974977098484 
18 2008 102 0.455231874866532 0.4678974977098484 0.4678974977098484 
19 2091 98 0.4576242934661183 0.4680869454696286 0.4680869454696286 
20 2213 92 0.45675295859820425 0.4685098136984472 0.4685098136984472 
21 2145 141 0.44844098606976757 0.4682387418782481 0.4685098136984472 
22 3272 204 0.43802522171353186 0.4684821454237099 0.4685098136984472 
23 2196 87 0.45933687529999057 0.47203829760623134 0.47203829760623134 
24 2017 250 0.4557721348807371 0.4725544410203435 0.4725544410203435 
25 1216 58 0.46452861474213397 0.4739122992369653 0.4739122992369653 
26 2658 81 0.46332034989334986 0.4786795437607022 0.4786795437607022 
27 3292 671 0.4078831961471654 0.47502944865457564 0.4786795437607022 
28 3535 93 0.46129279472044243 0.477717866501299 0.4786795437607022 
29 1367 61 0.4674663706384308 0.47839211504078294 0.4786795437607022 
0 40179 6581 -0.15584345609432979 0.4499407614118909 0.4499407614118909 
1 30809 2853 0.16758166063426588 0.4508318983533166 0.4508318983533166 
2 7079 1414 0.32376775510809125 0.4508285668541189 0.4508318983533166 
3 4378 407 0.41220478715362147 0.4511639387144065 0.4511639387144065 
4 3226 154 0.4354375903174248 0.4536750973223099 0.4536750973223099 
5 2170 112 0.4420542967090226 0.45269196688757923 0.4536750973223099 
6 2088 111 0.44470580740656684 0.45345989033770195 0.4536750973223099 
7 1797 130 0.44405388335917784 0.4549971543889212 0.4549971543889212 
8 826 110 0.4470860182891653 0.4571292047625563 0.4571292047625563 
9 1779 110 0.4489766931381461 0.45750141912430553 0.45750141912430553 
10 1324 143 0.44820396775716725 0.4581350582865513 0.4581350582865513 
11 1466 201 0.4418944569644666 0.45836824553864763 0.45836824553864763 
12 2430 169 0.440873642561194 0.45911597908499163 0.45911597908499163 
13 1358 93 0.45481613103391266 0.45911597908499163 0.45911597908499163 
14 2394 139 0.452924994911712 0.45966210163924426 0.45966210163924426 
15 2183 99 0.45597312230220866 0.45994953214386675 0.45994953214386675 
16 2082 116 0.4544907261997573 0.46043104869080487 0.46043104869080487 
17 1494 300 0.4457858846998927 0.46043104869080487 0.46043104869080487 
18 1572 315 0.4329450301531416 0.46085391349320615 0.46085391349320615 
19 2808 165 0.4515662640866861 0.4615891574906773 0.4615891574906773 
20 2816 122 0.4539473213215841 0.4615891574906773 0.4615891574906773 
21 1813 132 0.4552535011428786 0.46241116928734405 0.46241116928734405 
22 2560 124 0.4571450111228172 0.4633483194148712 0.4633483194148712 
23 2375 298 0.44584610220782467 0.4640850544343297 0.4640850544343297 
24 854 86 0.4606374578259577 0.46479808265497935 0.46479808265497935 
25 2366 121 0.4571900503985008 0.4677289243102187 0.4677289243102187 
26 1914 110 0.45960721137294713 0.4679519276346569 0.4679519276346569 
27 2635 124 0.4575832562667121 0.4679519276346569 0.4679519276346569 
28 4174 193 0.44915937740128065 0.4690206450656149 0.4690206450656149 
29 2003 144 0.4579185257297019 0.4690206450656149 0.4690206450656149 
0 37881 6523 -0.2807260628108315 0.45432762699789275 0.45432762699789275 
1 10334 2215 0.2022919332722093 0.455207042073029 0.455207042073029 
2 4716 1132 0.34906105375703506 0.45583821995951324 0.45583821995951324 
3 3235 727 0.391218196967692 0.4620949352310527 0.4620949352310527 
4 1475 119 0.4398974935716901 0.4619037201264161 0.4620949352310527 
5 2723 121 0.44255253345647994 0.4631648889997881 0.4631648889997881 
6 2782 276 0.4330638219557061 0.463591201507612 0.463591201507612 
7 2000 91 0.4512449753024381 0.4638320082776137 0.4638320082776137 
8 1604 65 0.45506770440758276 0.46530615090215627 0.46530615090215627 
9 2339 62 0.4572077419532551 0.46543774575319674 0.46543774575319674 
10 1244 197 0.4308002992587904 0.4730462701713239 0.4730462701713239 
11 2531 141 0.4490181836857278 0.47368557025244873 0.47368557025244873 
12 2116 132 0.4512195578134689 0.47897500412562466 0.47897500412562466 
13 2320 164 0.4408594054669001 0.47897500412562466 0.47897500412562466 
14 2682 81 0.45868739650211054 0.48265030897051503 0.48265030897051503 
15 1857 53 0.4673686732517656 0.48265030897051503 0.48265030897051503 
16 1690 53 0.46855723827783435 0.48280995207850014 0.48280995207850014 
17 2484 66 0.4676898553168526 0.4831844962416799 0.4831844962416799 
18 2968 129 0.45773665149079285 0.4850066036085189 0.4850066036085189 
19 2190 52 0.4727584046460169 0.4832842216447836 0.4850066036085189 
20 2502 83 0.47073096230923006 0.503706064456195 0.503706064456195 
21 2590 69 0.47199921114818205 0.503706064456195 0.503706064456195 
22 1609 55 0.4786352058638182 0.4936834556943701 0.503706064456195 
23 2635 122 0.4727724136241107 0.5021562102461337 0.503706064456195 
24 2455 84 0.4758955957707117 0.5025414763764541 0.503706064456195 
25 2813 70 0.48060705682005134 0.5098376761537824 0.5098376761537824 
26 1907 65 0.48666933508630544 0.5204763045521708 0.5204763045521708 
27 2752 81 0.48689241039978476 0.5221139784083063 0.5221139784083063 
28 2021 69 0.4881329286573597 0.5214734841119102 0.5221139784083063 
29 3715 153 0.4784719421611684 0.5367982901878194 0.5367982901878194 
0 40437 6898 -0.2910192994503857 0.4536793934705594 0.4536793934705594 
1 19261 2951 0.11055002110877704 0.4525860061810676 0.4536793934705594 
2 10987 1595 0.2931690343249294 0.45302667586081025 0.4536793934705594 
3 3906 960 0.369315242571958 0.45504066922879965 0.45504066922879965 
4 1865 275 0.4268614786326822 0.4589888159082332 0.4589888159082332 
5 2167 524 0.42875953449996934 0.46237485679009405 0.46237485679009405 
6 3137 111 0.44690943041543035 0.46331481871473457 0.46331481871473457 
7 891 76 0.4517377751041357 0.46512640169733377 0.46512640169733377 
8 2271 101 0.4500347212402421 0.4656077482951235 0.4656077482951235 
9 3125 100 0.45257462468566084 0.46512640169733377 0.4656077482951235 
10 2020 94 0.4536347692479502 0.4644929110462571 0.4656077482951235 
11 1535 167 0.4513057432366185 0.4656077482951236 0.4656077482951236 
12 1361 61 0.459521013200467 0.4656801533641498 0.4656801533641498 
13 2641 466 0.4315373798366064 0.46650704834482626 0.46650704834482626 
14 1870 69 0.45855190658659467 0.46795178770985507 0.46795178770985507 
15 2568 306 0.44078140780614944 0.46854413810266193 0.46854413810266193 
16 1491 235 0.4529759686170776 0.468528369374687 0.46854413810266193 
17 3212 81 0.4569337707053963 0.47760880620897894 0.47760880620897894 
18 2279 126 0.44732795920135715 0.4716011902391519 0.47760880620897894 
19 1499 63 0.46365868947321237 0.4741576975600911 0.47760880620897894 
20 1287 47 0.46575729905004265 0.4741576975600911 0.47760880620897894 
21 2036 45 0.4674736148052452 0.47881631522276 0.47881631522276 
22 3010 65 0.461285474620249 0.4845998222841933 0.4845998222841933 
23 2694 67 0.4644205650124018 0.4845998222841933 0.4845998222841933 
24 1610 43 0.4724338364350615 0.48783497988871627 0.48783497988871627 
25 1790 46 0.4736626731078716 0.4861763508216063 0.48783497988871627 
26 1869 42 0.4765036579832097 0.4976657701534348 0.4976657701534348 
27 3437 102 0.4615353441179569 0.4991591774296147 0.4991591774296147 
28 2967 61 0.47426415865079113 0.4976657701534348 0.4991591774296147 
29 2098 46 0.48049054343382985 0.500973252467188 0.500973252467188 
0 40966 5948 -0.1497617843157761 0.45379289490190466 0.45379289490190466 
1 20845 2562 0.17076725455079797 0.4539058177867177 0.4539058177867177 
2 10470 1283 0.3156934142856647 0.4562812938035309 0.4562812938035309 
3 4073 513 0.40461769694480976 0.4562812938035309 0.4562812938035309 
4 2077 142 0.4379006356849493 0.4558284068939136 0.4562812938035309 
5 1736 139 0.44254614805608833 0.45896946629583857 0.45896946629583857 
6 2806 165 0.4421103288789812 0.46069850273956253 0.46069850273956253 
7 1883 307 0.43551143094495354 0.460715545060956 0.460715545060956 
8 1719 116 0.449029324437693 0.46096359083132254 0.46096359083132254 
9 3323 288 0.4242760201732211 0.4613499766513011 0.4613499766513011 
10 1401 78 0.455718870629813 0.4613499766513011 0.4613499766513011 
11 2944 92 0.45271146131821427 0.4615879425209637 0.4615879425209637 
12 2862 127 0.4489556016583036 0.4621885543291052 0.4621885543291052 
13 2052 87 0.4547762515275188 0.4628734851460592 0.4628734851460592 
14 3074 145 0.4513556924202222 0.46326940696258523 0.46326940696258523 
15 3282 96 0.456737978920056 0.4640033679140094 0.4640033679140094 
16 2627 154 0.4468889835796114 0.4651085322676918 0.4651085322676918 
17 2307 100 0.45769893615502866 0.4653895343853261 0.4653895343853261 
18 3702 87 0.46044088262086497 0.4668609915985556 0.4668609915985556 
19 2358 119 0.4536784492673603 0.4680758413439275 0.4680758413439275 
20 2117 74 0.46253234507012936 0.46906351079949904 0.46906351079949904 
21 3119 309 0.427278773215196 0.46965374462574494 0.46965374462574494 
22 1754 242 0.4416518184855967 0.46965374462574494 0.46965374462574494 
23 2393 90 0.4616397611067304 0.4702760933641805 0.4702760933641805 
24 2584 82 0.46317637805641476 0.4707461079853797 0.4707461079853797 
25 2110 67 0.4658590146912767 0.4727523129410556 0.4727523129410556 
26 3596 201 0.4460343951756186 0.4732474412883564 0.4732474412883564 
27 1046 86 0.46157583325598267 0.47512076834624517 0.47512076834624517 
28 787 59 0.4690248073624257 0.47512076834624517 0.47512076834624517 
29 1904 186 0.4507113841979065 0.4791372100478434 0.4791372100478434 
0 36774 7387 -0.2923305057286781 0.45901667742397234 0.45901667742397234 
1 15306 3581 0.12797960775724537 0.4576033281642221 0.45901667742397234 
2 4908 1026 0.3374338604660609 0.45754218226457394 0.45901667742397234 
3 2488 565 0.4025758839638602 0.45764265162006085 0.45901667742397234 
4 2352 315 0.426349942801232 0.46358529986370234 0.46358529986370234 
5 2095 104 0.4409471141538407 0.4641393407545065 0.4641393407545065 
6 2372 75 0.4491680383993142 0.4649802571173195 0.4649802571173195 
7 2277 101 0.4478003124283088 0.4645514660567811 0.4649802571173195 
8 2917 92 0.44729754933095434 0.4683767940640704 0.4683767940640704 
9 2175 84 0.4488296726213201 0.4675886424528537 0.4683767940640704 
10 1263 54 0.4587534442461218 0.4675530090975469 0.4683767940640704 
11 1788 52 0.460905876458669 0.47286600287030955 0.47286600287030955 
12 1132 51 0.4628915237274762 0.47123548912581315 0.47286600287030955 
13 2359 77 0.4569844235986495 0.47182345723397906 0.47286600287030955 
14 2250 70 0.45855106486832947 0.4722390176463872 0.47286600287030955 
15 2860 109 0.45062497397799484 0.4757153307362628 0.4757153307362628 
16 1848 66 0.46238131618170714 0.4764937562257101 0.4764937562257101 
17 2146 122 0.4490538297779521 0.4753339060586826 0.4764937562257101 
18 2630 60 0.46579174619176833 0.4768985451900425 0.4768985451900425 
19 1808 52 0.4687688056447159 0.4835919655991956 0.4835919655991956 
20 1936 73 0.46414811700604036 0.48144062548751954 0.4835919655991956 
21 2449 48 0.4722260726805373 0.49055066238619127 0.49055066238619127 
22 1614 49 0.47355104359286865 0.49055066238619127 0.49055066238619127 
23 1922 49 0.4754369339718274 0.48788253487402916 0.49055066238619127 
24 2034 65 0.47305252251248453 0.49204797567479924 0.49204797567479924 
25 2297 111 0.4641642277942665 0.4983034683816051 0.4983034683816051 
26 2676 64 0.47616928689136423 0.5063379438593436 0.5063379438593436 
27 3764 94 0.47436770522776 0.5154636817424779 0.5154636817424779 
28 1994 70 0.4813672488245489 0.5296055904900359 0.5296055904900359 
29 2392 115 0.4748231325816533 0.5290914353050318 0.5296055904900359 
0 39286 6613 -0.14327776388998992 0.45286748399086807 0.45286748399086807 
1 14114 2110 0.1878959429418488 0.45395155027358053 0.45395155027358053 
2 23283 1641 0.28757945262972545 0.4578465838670673 0.4578465838670673 
3 2524 674 0.3900666072235591 0.4546556132857377 0.4578465838670673 
4 1942 145 0.4379400924694869 0.46051431101582474 0.46051431101582474 
5 2355 176 0.43445445531030025 0.4587196838184918 0.46051431101582474 
6 2481 114 0.4457945726382835 0.4598592611923935 0.46051431101582474 
7 1673 94 0.45078369740994967 0.4619554638296992 0.4619554638296992 
8 1580 86 0.45300196539520665 0.4619554638296992 0.4619554638296992 
9 4059 141 0.445888952345111 0.4615056113025382 0.4619554638296992 
10 2346 96 0.4537942406498937 0.462136497080781 0.462136497080781 
11 2343 374 0.4311014503148649 0.46455560270782414 0.46455560270782414 
12 1865 88 0.4566226059683888 0.4644330301551299 0.46455560270782414 
13 2831 96 0.4577040508807726 0.4646854292372627 0.4646854292372627 
14 1459 147 0.44992181450564334 0.4646854292372627 0.4646854292372627 
15 1969 76 0.4593473336193767 0.4654408199714781 0.4654408199714781 
16 2011 108 0.4556902871361384 0.4675228211249334 0.4675228211249334 
17 1970 125 0.45595459947182304 0.4750294036148313 0.4750294036148313 
18 1933 101 0.45875044769946244 0.4750294036148313 0.4750294036148313 
19 2762 220 0.45595412311472544 0.4750294036148313 0.4750294036148313 
20 1705 78 0.4652509565940411 0.4750294036148313 0.4750294036148313 
21 2150 99 0.4629796614540557 0.4754310179497877 0.4754310179497877 
22 2942 164 0.4556576430226714 0.4757471767164666 0.4757471767164666 
23 2321 82 0.4674607961779435 0.47739215421486003 0.47739215421486003 
24 2233 122 0.4647697923284002 0.47779654134856886 0.47779654134856886 
25 2794 131 0.45855539663488953 0.48011989706902003 0.48011989706902003 
26 1311 72 0.47149020005877373 0.48566580835120776 0.48566580835120776 
27 1997 70 0.47345410901844603 0.48566580835120776 0.48566580835120776 
28 4021 233 0.4580347217375828 0.49177035581838247 0.49177035581838247 
29 1667 69 0.4765475820744658 0.4927437334937358 0.4927437334937358 
0 38716 5777 -0.15291540675007068 0.45421367793117334 0.45421367793117334 
1 13191 2047 0.21087989595486328 0.45460627217108895 0.45460627217108895 
2 5537 1109 0.3279175901361362 0.45771630447489764 0.45771630447489764 
3 2261 288 0.41831790504343386 0.45490457597819856 0.45771630447489764 
4 2040 193 0.4289553121829349 0.4582228845810477 0.4582228845810477 
5 2332 143 0.439081944855633 0.4573572762610717 0.4582228845810477 
6 972 94 0.448128569190165 0.45848195072214193 0.45848195072214193 
7 1917 76 0.4508683613374225 0.45953172305328294 0.45953172305328294 
8 2350 111 0.4447574587939834 0.46577821653009543 0.46577821653009543 
9 1473 82 0.45216765188258806 0.4673999665018489 0.4673999665018489 
10 3283 91 0.45129141777083004 0.4668979414324886 0.4673999665018489 
11 1996 96 0.4503388240075638 0.46972868419957525 0.46972868419957525 
12 2476 67 0.45847923919627936 0.46972868419957525 0.46972868419957525 
13 2184 98 0.4552635767372866 0.46918091027659925 0.46972868419957525 
14 2554 228 0.4488506201417159 0.4693845625971587 0.46972868419957525 
15 1354 72 0.46087712248780377 0.47611404442218164 0.47611404442218164 
16 2077 679 0.39393095716349846 0.47530036278869603 0.47611404442218164 
17 1482 86 0.46044473016327786 0.47441651148170133 0.47611404442218164 
18 2636 59 0.46478294808130194 0.47547555906982886 0.47611404442218164 
19 1981 64 0.46525961065706894 0.4789991033862581 0.4789991033862581 
20 2524 69 0.46350824845149413 0.4803905069389843 0.4803905069389843 
21 1968 71 0.46429114044581893 0.48645099750426946 0.48645099750426946 
22 2165 59 0.4671868158623754 0.48645099750426946 0.48645099750426946 
23 2238 141 0.4492710248951725 0.48889452840761943 0.48889452840761943 
24 2821 61 0.4701590405557932 0.4942574149758263 0.4942574149758263 
25 3383 37 0.4786395385935617 0.4942574149758263 0.4942574149758263 
26 2084 35 0.48093609156321404 0.5027254561783729 0.5027254561783729 
27 1165 34 0.4832798527930224 0.5020845854201131 0.5027254561783729 
28 2201 36 0.4850058471565967 0.5106382824870656 0.5106382824870656 
29 1651 61 0.48071658455106303 0.5096422441403206 0.5106382824870656 
0 40877 5695 -0.09016555751223784 0.4508191979419416 0.4508191979419416 
1 17357 1996 0.2211172187887653 0.4504793242960725 0.4508191979419416 
2 5440 885 0.3518397005262237 0.45088649695811633 0.45088649695811633 
3 4042 341 0.4144686864585683 0.45207132866468436 0.45207132866468436 
4 1419 156 0.43474171880176 0.4525025105302226 0.4525025105302226 
5 1812 104 0.4447781522255598 0.4569171684775266 0.4569171684775266 
6 2526 213 0.4393976267512232 0.45771211908418696 0.45771211908418696 
7 3996 146 0.4418084530603607 0.4571554453290757 0.45771211908418696 
8 2301 111 0.4473961461873076 0.4576068811829056 0.45771211908418696 
9 1351 95 0.45094236890013795 0.45783674195392376 0.45783674195392376 
10 2053 134 0.4440430846878472 0.45912951558182563 0.45912951558182563 
11 1653 120 0.4507182447490007 0.45912951558182563 0.45912951558182563 
12 2126 125 0.4510811120105429 0.4617926185751798 0.4617926185751798 
13 3973 186 0.4441731145211358 0.4614177639844699 0.4617926185751798 
14 2992 157 0.44882922443664824 0.4615166163386234 0.4617926185751798 
15 3257 200 0.44328312753526583 0.46204934797534614 0.46204934797534614 
16 1902 435 0.42270629720573943 0.463113884172343 0.463113884172343 
17 2458 365 0.43083065259442144 0.4633940293099409 0.4633940293099409 
18 1533 167 0.45417873670553827 0.464620563871483 0.464620563871483 
19 1515 259 0.4495695868954993 0.465830566403343 0.465830566403343 
20 2141 122 0.45752589470820915 0.465830566403343 0.465830566403343 
21 1469 130 0.4545835712179606 0.46624217372393373 0.46624217372393373 
22 2410 575 0.42236279044019637 0.46839817575350784 0.46839817575350784 
23 2785 162 0.4522556986234934 0.4683227890210321 0.46839817575350784 
24 1573 110 0.46113188357636803 0.4692669147447822 0.4692669147447822 
25 4126 162 0.45363956490207047 0.4696151708771712 0.4696151708771712 
26 1337 130 0.4585672562525604 0.46977572856786676 0.46977572856786676 
27 2032 366 0.43789471480610886 0.4715072678462181 0.4715072678462181 
28 1982 138 0.45621946421415926 0.4715072678462181 0.4715072678462181 
29 1790 158 0.4600236491768589 0.4733067413350822 0.4733067413350822 
0 40512 8657 -0.26636122753298536 0.4540909376771062 0.4540909376771062 
1 38603 3106 0.1659494397784751 0.45802356940126165 0.45802356940126165 
2 6489 1486 0.3182694698871711 0.454028620618262 0.45802356940126165 
3 4194 1116 0.36866078720537315 0.4509594974283472 0.45802356940126165 
4 3074 235 0.4250350245597081 0.45688068283388195 0.45802356940126165 
5 2142 151 0.4400935589172713 0.45713933379722965 0.45802356940126165 
6 2339 144 0.43839270125556146 0.4571393337972297 0.45802356940126165 
7 1971 112 0.44483255663256416 0.458273155417365 0.458273155417365 
8 2256 104 0.44695668951323314 0.45863944630511544 0.45863944630511544 
9 1738 157 0.4354715555798288 0.45874446213744363 0.45874446213744363 
10 2539 93 0.4499981389485617 0.4581579333915302 0.45874446213744363 
11 1730 78 0.4535875264416312 0.45816236163259083 0.45874446213744363 
12 2137 72 0.4549388146220884 0.45880937160207846 0.45880937160207846 
13 1737 70 0.45449292456665547 0.458917441273348 0.458917441273348 
14 1406 63 0.4564358589104691 0.4599431932222138 0.4599431932222138 
15 2218 65 0.4561492780648399 0.4601397054689991 0.4601397054689991 
16 1954 65 0.45647050459921834 0.4613787873575382 0.4613787873575382 
17 3492 67 0.4559298166431933 0.461676694835676 0.461676694835676 
18 2537 81 0.45416397482802195 0.46103381716625924 0.461676694835676 
19 2108 67 0.4577079584820195 0.4620432957858861 0.4620432957858861 
20 2145 102 0.45102285929892566 0.46414226689320803 0.46414226689320803 
21 4467 80 0.45371594384458874 0.46516754828805557 0.46516754828805557 
22 1262 59 0.45970820922765376 0.4654628311627359 0.4654628311627359 
23 2711 71 0.45737230384585403 0.46589248578997344 0.46589248578997344 
24 2722 166 0.434415152052808 0.46608509510119667 0.46608509510119667 
25 2187 65 0.45960176005713316 0.46655486966404214 0.46655486966404214 
26 1299 57 0.4621745890579236 0.467533282832456 0.467533282832456 
27 2451 55 0.462836891841628 0.4697205862904274 0.4697205862904274 
28 2114 52 0.4643122632677131 0.4713639327434045 0.4713639327434045 
29 1959 54 0.46423608390235194 0.4724438671744381 0.4724438671744381 
0 36490 5653 -0.16126962612545814 0.45329066579573296 0.45329066579573296 
1 23826 2348 0.17244134218415344 0.45585637770273757 0.45585637770273757 
2 7140 990 0.3342119206430953 0.45813373260592755 0.45813373260592755 
3 4506 673 0.39352246856594775 0.4591083625211303 0.4591083625211303 
4 3637 174 0.43554764548424935 0.45915646256923043 0.45915646256923043 
5 2772 133 0.4403136232860585 0.4601477876934902 0.4601477876934902 
6 2999 103 0.4457224923087135 0.46057255752281256 0.46057255752281256 
7 1822 85 0.450519956638508 0.4618937657800414 0.4618937657800414 
8 1001 85 0.45226214729196973 0.4618258081602515 0.4618937657800414 
9 2898 274 0.41997912161885365 0.46217140336606255 0.46217140336606255 
10 1715 115 0.4516631549057097 0.46220857641609103 0.46220857641609103 
11 3966 291 0.44045153026964967 0.4629963177433439 0.4629963177433439 
12 2012 163 0.4516773587297247 0.4629963177433439 0.4629963177433439 
13 2496 163 0.4498750873910694 0.4640475147036429 0.4640475147036429 
14 2109 113 0.4581056678452767 0.46433142254943693 0.46433142254943693 
15 1709 105 0.4583510515516167 0.4649589391455258 0.4649589391455258 
16 1987 89 0.46146423027850486 0.46570393631205487 0.46570393631205487 
17 1649 201 0.4453643188363653 0.4657319124305873 0.4657319124305873 
18 2554 165 0.4522767714515178 0.4682515800004404 0.4682515800004404 
19 2532 153 0.4543970382648447 0.46955175819685135 0.46955175819685135 
20 1760 98 0.4616258859761448 0.46987459450577296 0.46987459450577296 
21 1065 80 0.4655590723689129 0.4725105249307403 0.4725105249307403 
22 1993 142 0.45865885393616757 0.4736387296633109 0.4736387296633109 
23 1640 101 0.46406653304430884 0.4736387296633109 0.4736387296633109 
24 1243 112 0.4651627542088459 0.48788881207129076 0.48788881207129076 
25 2715 101 0.4666252687229402 0.4887888692825577 0.4887888692825577 
26 1635 90 0.4689859090335202 0.488714528920561 0.4887888692825577 
27 1906 217 0.44772298284123435 0.49419548338063024 0.49419548338063024 
28 2996 175 0.4598088422186452 0.5038422667658267 0.5038422667658267 
29 2548 760 0.41885335191305034 0.527273224347196 0.527273224347196 
0 38142 6401 -0.16485692615750625 0.4543781418136633 0.4543781418136633 
1 12774 2507 0.1587322622058664 0.45036258157697695 0.4543781418136633 
2 6128 915 0.3567469477427383 0.4508227788401829 0.4543781418136633 
3 947 286 0.4214671554936686 0.45119513393379196 0.4543781418136633 
4 1421 114 0.4395902355766757 0.4555099453864391 0.4555099453864391 
5 2167 135 0.4380358372838128 0.4561286360462764 0.4561286360462764 
6 2090 95 0.44641033649452555 0.4576150102344406 0.4576150102344406 
7 2473 79 0.4494184031473184 0.4584060545436134 0.4584060545436134 
8 3388 150 0.43966381172638747 0.4583956616079077 0.4584060545436134 
9 2279 116 0.44373929476915414 0.4583956616079077 0.4584060545436134 
10 3817 163 0.44132051841663483 0.46047273387017557 0.46047273387017557 
11 3671 194 0.43001615063660736 0.4618754701945854 0.4618754701945854 
12 2373 136 0.4455103741184756 0.46062790028133443 0.4618754701945854 
13 1317 77 0.4556742183449776 0.4618754701945854 0.4618754701945854 
14 2586 143 0.44565565760103676 0.46181922522012003 0.4618754701945854 
15 2048 104 0.448342048897874 0.46631492480734416 0.46631492480734416 
16 1377 86 0.45386487635102024 0.467418259437021 0.467418259437021 
17 2497 85 0.45179783443078547 0.4680391185798132 0.4680391185798132 
18 2253 72 0.4581458069873158 0.4701566179332948 0.4701566179332948 
19 1824 59 0.4604646365391708 0.47362456183805346 0.47362456183805346 
20 1570 99 0.44861644119935845 0.4715246670347666 0.47362456183805346 
21 1909 82 0.4563715395995025 0.471261471150667 0.47362456183805346 
22 2695 86 0.45506072710720424 0.47672852517077713 0.47672852517077713 
23 2433 74 0.4610113374495317 0.4795365733125385 0.4795365733125385 
24 2170 52 0.4666950744866738 0.48016875510579193 0.48016875510579193 
25 2856 65 0.46633781030130067 0.48409614877836327 0.48409614877836327 
26 1237 51 0.4703355828331606 0.4889209890891013 0.4889209890891013 
27 1675 56 0.47024115214689177 0.49205023006341353 0.49205023006341353 
28 1837 62 0.47150164725045657 0.5008814447784427 0.5008814447784427 
29 2360 118 0.4610814334187367 0.5010723729558185 0.5010723729558185 
