0 1273 9 0.6063780200318173 0.7564873368235076 0.7564873368235076 
1 74 7 0.6374962548878469 0.7886075865370827 0.7886075865370827 
2 92 6 0.667682656247775 0.7749832045834408 0.7886075865370827 
3 105 6 0.692669381155826 0.7802671926685755 0.7886075865370827 
4 48 6 0.7148844514276672 0.7849656790253736 0.7886075865370827 
5 94 6 0.7329350465386377 0.8164174786973146 0.8164174786973146 
6 45 4 0.7431933795085572 0.8164174786973146 0.8164174786973146 
7 84 2 0.7521051227537862 0.8393176192617255 0.8393176192617255 
8 49 4 0.7605730080378496 0.8393176192617255 0.8393176192617255 
9 23 2 0.7693200681542688 0.8393176192617255 0.8393176192617255 
10 28 2 0.7745966873975408 0.8393176192617255 0.8393176192617255 
11 52 1 0.7790551694194022 0.8393176192617255 0.8393176192617255 
12 27 2 0.7890942683928897 0.8393176192617255 0.8393176192617255 
13 53 2 0.7963889129666029 0.8393176192617255 0.8393176192617255 
14 24 1 0.8132453871958457 0.8393176192617255 0.8393176192617255 
15 37 1 0.8178406299820932 0.8393176192617255 0.8393176192617255 
16 28 2 0.8248239856893279 0.8393176192617255 0.8393176192617255 
17 56 1 0.8208996439856378 0.8393176192617255 0.8393176192617255 
18 45 1 0.8249692240181461 0.8393176192617255 0.8393176192617255 
19 32 1 0.8249409770998924 0.8393176192617255 0.8393176192617255 
20 31 1 0.8279643036565306 0.8393176192617255 0.8393176192617255 
21 28 1 0.8282247105137235 0.8393176192617255 0.8393176192617255 
22 17 1 0.8302049712522619 0.8393176192617255 0.8393176192617255 
23 18 1 0.8305678195589828 0.8393176192617255 0.8393176192617255 
24 20 1 0.826764812687656 0.8393176192617255 0.8393176192617255 
25 60 1 0.8216141434859858 0.8393176192617255 0.8393176192617255 
26 19 1 0.8299077586830336 0.8393176192617255 0.8393176192617255 
27 39 1 0.8243098204327629 0.8393176192617255 0.8393176192617255 
28 43 1 0.8226590619987251 0.8393176192617255 0.8393176192617255 
29 31 1 0.8245611065876112 0.8393176192617255 0.8393176192617255 
0 1479 12 0.6002586746665465 0.7527724086618076 0.7527724086618076 
1 57 5 0.6373715868992411 0.7691544416845857 0.7691544416845857 
2 63 4 0.6581001387926751 0.7712161422961923 0.7712161422961923 
3 35 4 0.6818755119680988 0.7873574911420038 0.7873574911420038 
4 29 4 0.7055819786440293 0.8022784179264035 0.8022784179264035 
5 63 3 0.7272491850862495 0.8022784179264035 0.8022784179264035 
6 29 3 0.7428517634474971 0.843196083663123 0.843196083663123 
7 49 3 0.7519601442512915 0.8682843920934457 0.8682843920934457 
8 14 2 0.7649266733320627 0.851846513061353 0.8682843920934457 
9 44 2 0.7704976281384793 0.851846513061353 0.8682843920934457 
10 25 2 0.7799815193835122 0.851846513061353 0.8682843920934457 
11 51 2 0.7989267421130692 0.851846513061353 0.8682843920934457 
12 26 1 0.8157061535460802 0.851846513061353 0.8682843920934457 
13 17 3 0.8244427229829315 0.851846513061353 0.8682843920934457 
14 35 1 0.8301906947329519 0.851846513061353 0.8682843920934457 
15 17 0 0.8346236090282446 0.851846513061353 0.8682843920934457 
16 21 1 0.8408299923440431 0.851846513061353 0.8682843920934457 
17 17 0 0.8397287833055027 0.851846513061353 0.8682843920934457 
18 46 1 0.8375263107285674 0.851846513061353 0.8682843920934457 
19 12 0 0.8459912495507166 0.851846513061353 0.8682843920934457 
20 19 0 0.8431331323174466 0.851846513061353 0.8682843920934457 
21 31 1 0.8349311000662775 0.851846513061353 0.8682843920934457 
22 44 0 0.8359648885313165 0.851846513061353 0.8682843920934457 
23 34 0 0.8346044326049301 0.851846513061353 0.8682843920934457 
24 26 1 0.8371461175128136 0.851846513061353 0.8682843920934457 
25 43 0 0.8383789915193891 0.851846513061353 0.8682843920934457 
26 29 0 0.8354502960599907 0.851846513061353 0.8682843920934457 
27 16 1 0.8388064533534394 0.851846513061353 0.8682843920934457 
28 34 1 0.8385505030891203 0.851846513061353 0.8682843920934457 
29 13 0 0.8404592762377383 0.851846513061353 0.8682843920934457 
0 1074 9 0.603235726467256 0.7720486728280381 0.7720486728280381 
1 44 6 0.6262405467229069 0.7584696527702672 0.7720486728280381 
2 56 5 0.652478464503151 0.7705398857783078 0.7720486728280381 
3 69 3 0.6797449880092016 0.7705398857783078 0.7720486728280381 
4 46 3 0.7016429710368635 0.778345990854737 0.778345990854737 
5 52 2 0.7239999488631907 0.7888109488896542 0.7888109488896542 
6 40 3 0.737699669217131 0.7888109488896542 0.7888109488896542 
7 66 3 0.7481500965336597 0.7911496673106687 0.7911496673106687 
8 45 2 0.7597703955512661 0.8231744687725728 0.8231744687725728 
9 57 1 0.7683678701889275 0.8212869567940038 0.8231744687725728 
10 17 2 0.774619275876679 0.8393176192617255 0.8393176192617255 
11 55 1 0.7808444873924829 0.8393176192617255 0.8393176192617255 
12 31 1 0.7882337475125141 0.8393176192617255 0.8393176192617255 
13 22 4 0.7943590912112302 0.8393176192617255 0.8393176192617255 
14 50 1 0.7988183726230622 0.8393176192617255 0.8393176192617255 
15 57 1 0.8057007388717072 0.8393176192617255 0.8393176192617255 
16 41 2 0.8161245212011471 0.8393176192617255 0.8393176192617255 
17 25 1 0.824355903235529 0.8393176192617255 0.8393176192617255 
18 33 1 0.8257744289689585 0.8393176192617255 0.8393176192617255 
19 24 1 0.8244756046871548 0.8393176192617255 0.8393176192617255 
20 68 1 0.8250383724294349 0.8393176192617255 0.8393176192617255 
21 21 1 0.8331682357953477 0.8393176192617255 0.8393176192617255 
22 68 1 0.8196625116208639 0.8393176192617255 0.8393176192617255 
23 23 1 0.8263324842852058 0.8393176192617255 0.8393176192617255 
24 33 1 0.8262013144019914 0.8393176192617255 0.8393176192617255 
25 21 1 0.8258637530889029 0.8393176192617255 0.8393176192617255 
26 31 1 0.8248530356414109 0.8393176192617255 0.8393176192617255 
27 19 1 0.8276322318011705 0.8393176192617255 0.8393176192617255 
28 51 1 0.8192439174182711 0.8393176192617255 0.8393176192617255 
29 46 1 0.8223162205841578 0.8393176192617255 0.8393176192617255 
0 1814 10 0.6033534824027535 0.7802671926685755 0.7802671926685755 
1 54 6 0.6326360429575388 0.7637195298139721 0.7802671926685755 
2 37 4 0.6709066900004825 0.7802671926685755 0.7802671926685755 
3 33 4 0.6928281286762242 0.7938027280091425 0.7938027280091425 
4 24 4 0.7147538161150302 0.7938027280091425 0.7938027280091425 
5 39 3 0.7317609470472063 0.7938027280091425 0.7938027280091425 
6 38 3 0.7459054646697826 0.7938027280091425 0.7938027280091425 
7 121 3 0.7533140710902139 0.7938027280091425 0.7938027280091425 
8 28 2 0.7604685027038817 0.7975301050721272 0.7975301050721272 
9 39 2 0.764718656519201 0.7975301050721272 0.7975301050721272 
10 56 3 0.7697152203339594 0.8135590535957795 0.8135590535957795 
11 67 2 0.7772385556883121 0.8135590535957795 0.8135590535957795 
12 24 2 0.7832784464147337 0.8135590535957795 0.8135590535957795 
13 12 3 0.791205504214751 0.8135590535957795 0.8135590535957795 
14 23 1 0.7913037086214284 0.8216670141179434 0.8216670141179434 
15 35 2 0.7905264358963429 0.829527436704861 0.829527436704861 
16 29 1 0.7917885614993753 0.829527436704861 0.829527436704861 
17 33 1 0.7968228220951736 0.829527436704861 0.829527436704861 
18 8 1 0.8047036984144514 0.829527436704861 0.829527436704861 
19 13 2 0.8095133788185574 0.8342562489503157 0.8342562489503157 
20 24 1 0.806499903633938 0.8342562489503157 0.8342562489503157 
21 41 2 0.8104222608738434 0.8342562489503157 0.8342562489503157 
22 41 1 0.812023712704748 0.8342562489503157 0.8342562489503157 
23 35 2 0.8171511574363517 0.8574399525009303 0.8574399525009303 
24 24 2 0.8176876368040231 0.8574399525009303 0.8574399525009303 
25 46 2 0.8192076340152723 0.9166664807955891 0.9166664807955891 
26 31 2 0.8229553921680898 0.9166664807955891 0.9166664807955891 
27 29 2 0.8265691820857044 0.9166664807955891 0.9166664807955891 
28 31 1 0.8262980394528466 0.9166664807955891 0.9166664807955891 
29 18 1 0.8338359335355063 0.9166664807955891 0.9166664807955891 
0 1286 9 0.600571740294072 0.754502283095021 0.754502283095021 
1 35 5 0.6366527260487823 0.754502283095021 0.754502283095021 
2 42 3 0.6737133591178524 0.7909681182056663 0.7909681182056663 
3 43 3 0.6997299921876257 0.7847479613003052 0.7909681182056663 
4 42 3 0.7242530315309041 0.8180381575871537 0.8180381575871537 
5 54 3 0.7429431830920261 0.8180381575871537 0.8180381575871537 
6 34 3 0.7557603547848997 0.8180381575871537 0.8180381575871537 
7 32 2 0.7646666783501136 0.8198722517272832 0.8198722517272832 
8 41 1 0.7757897875428903 0.8180381575871537 0.8198722517272832 
9 43 2 0.7844249773429816 0.8180381575871537 0.8198722517272832 
10 33 2 0.7915159527568713 0.8180381575871537 0.8198722517272832 
11 32 2 0.8020206420497675 0.8180381575871537 0.8198722517272832 
12 24 2 0.8070728367685984 0.8180381575871537 0.8198722517272832 
13 33 4 0.8040678301185465 0.8180381575871537 0.8198722517272832 
14 40 2 0.8053509073604803 0.8180381575871537 0.8198722517272832 
15 28 2 0.8087587906592186 0.8180381575871537 0.8198722517272832 
16 30 1 0.8015378301033018 0.8180381575871537 0.8198722517272832 
17 12 2 0.8068924488909647 0.8180381575871537 0.8198722517272832 
18 9 1 0.804730687281171 0.8180381575871537 0.8198722517272832 
19 43 2 0.8063744940226943 0.8180381575871537 0.8198722517272832 
20 18 4 0.8065202529627391 0.8180381575871537 0.8198722517272832 
21 50 1 0.8051396724055394 0.8180381575871537 0.8198722517272832 
22 25 1 0.8048567894563832 0.8277445220334831 0.8277445220334831 
23 41 2 0.8012040011880053 0.8277445220334831 0.8277445220334831 
24 22 1 0.8081418796233527 0.8277445220334831 0.8277445220334831 
25 30 2 0.807418690142103 0.8277445220334831 0.8277445220334831 
26 46 1 0.8026638603683444 0.8277445220334831 0.8277445220334831 
27 17 2 0.8073536479309185 0.8277445220334831 0.8277445220334831 
28 38 1 0.8039267039540238 0.8277445220334831 0.8277445220334831 
29 29 1 0.8069473847443001 0.8277445220334831 0.8277445220334831 
0 1538 10 0.6039906236123487 0.7604346408505094 0.7604346408505094 
1 99 5 0.6410841233421313 0.7604346408505094 0.7604346408505094 
2 55 5 0.6682924020675649 0.7594437024924414 0.7604346408505094 
3 59 4 0.6928613800009791 0.7643952234977192 0.7643952234977192 
4 92 4 0.7133268699644426 0.7851648281887311 0.7851648281887311 
5 19 4 0.7308698454768543 0.7824271560492988 0.7851648281887311 
6 60 3 0.7456730853619069 0.7997487373831267 0.7997487373831267 
7 65 3 0.7501206800879406 0.8206230875640184 0.8206230875640184 
8 83 3 0.7537322010451354 0.8231535569418491 0.8231535569418491 
9 36 2 0.7624964485876184 0.8231535569418491 0.8231535569418491 
10 45 2 0.7752971127394714 0.8231535569418491 0.8231535569418491 
11 45 2 0.7842933684599978 0.8316800686513746 0.8316800686513746 
12 43 1 0.7928971825911539 0.8316800686513746 0.8316800686513746 
13 40 3 0.8018861097835679 0.8316800686513746 0.8316800686513746 
14 64 2 0.8029129776873672 0.8316800686513746 0.8316800686513746 
15 42 1 0.8157642807403953 0.8316800686513746 0.8316800686513746 
16 51 1 0.8145205096888116 0.8316800686513746 0.8316800686513746 
17 61 1 0.8107443733574984 0.8316800686513746 0.8316800686513746 
18 45 1 0.8147241039879739 0.8316800686513746 0.8316800686513746 
19 17 1 0.8190368968776476 0.8316800686513746 0.8316800686513746 
20 39 2 0.8167493996092504 0.8316800686513746 0.8316800686513746 
21 28 1 0.8202354118176123 0.8316800686513746 0.8316800686513746 
22 66 1 0.8192699632282553 0.8316800686513746 0.8316800686513746 
23 53 1 0.8205996775424764 0.8316800686513746 0.8316800686513746 
24 68 1 0.809909606830864 0.8316800686513746 0.8316800686513746 
25 48 2 0.8126762722863085 0.8316800686513746 0.8316800686513746 
26 34 2 0.8189892531779854 0.8316800686513746 0.8316800686513746 
27 31 1 0.8213183485480384 0.8316800686513746 0.8316800686513746 
28 33 1 0.8168867715869093 0.8316800686513746 0.8316800686513746 
29 25 1 0.8214914021631288 0.8316800686513746 0.8316800686513746 
0 1427 9 0.6032471148312268 0.7708849011326978 0.7708849011326978 
1 77 4 0.63251929170888 0.7510902568042479 0.7708849011326978 
2 40 4 0.6556633468450599 0.7581493836765234 0.7708849011326978 
3 37 4 0.6777875856606986 0.7737352093055486 0.7737352093055486 
4 61 4 0.6995914159286898 0.7737352093055486 0.7737352093055486 
5 68 3 0.7123389003112612 0.7822819733683328 0.7822819733683328 
6 26 3 0.7297915774363704 0.7985715179392189 0.7985715179392189 
7 46 2 0.7431478644303097 0.81478362084325 0.81478362084325 
8 37 2 0.7538385678071716 0.81478362084325 0.81478362084325 
9 30 2 0.7544702660802359 0.81478362084325 0.81478362084325 
10 23 2 0.7619174899535527 0.829258497575879 0.829258497575879 
11 5 2 0.7729346310440829 0.8338300286831763 0.8338300286831763 
12 40 2 0.7762924316250853 0.8338300286831763 0.8338300286831763 
13 11 4 0.7817869953879101 0.8338300286831763 0.8338300286831763 
14 8 2 0.7892006952630911 0.8338300286831763 0.8338300286831763 
15 33 1 0.7934457880950689 0.8338300286831763 0.8338300286831763 
16 39 1 0.7989354232006903 0.8338300286831763 0.8338300286831763 
17 37 1 0.8024487567223241 0.8338300286831763 0.8338300286831763 
18 30 2 0.8029057466970982 0.8338300286831763 0.8338300286831763 
19 38 2 0.8071395045306453 0.8338300286831763 0.8338300286831763 
20 18 1 0.813897590988837 0.8338300286831763 0.8338300286831763 
21 46 1 0.8147152523192775 0.8338300286831763 0.8338300286831763 
22 46 1 0.8200378694606246 0.8338300286831763 0.8338300286831763 
23 44 2 0.8177693933863398 0.8338300286831763 0.8338300286831763 
24 30 1 0.8170620940166389 0.8338300286831763 0.8338300286831763 
25 50 1 0.8177569476715295 0.8338300286831763 0.8338300286831763 
26 33 1 0.8219375912407009 0.8338300286831763 0.8338300286831763 
27 28 1 0.8195619298258771 0.8338300286831763 0.8338300286831763 
28 35 1 0.8222499946276172 0.8338300286831763 0.8338300286831763 
29 25 1 0.8202478596708027 0.8338300286831763 0.8338300286831763 
0 1641 10 0.603560371898831 0.7778743144067092 0.7778743144067092 
1 65 5 0.6413764609676583 0.79019802588364 0.79019802588364 
2 37 4 0.6803356082960229 0.8005217448706878 0.8005217448706878 
3 98 3 0.7161059873090072 0.8212869567940038 0.8212869567940038 
4 95 3 0.7308814388368187 0.8316800686513746 0.8316800686513746 
5 56 2 0.753919952363885 0.8316800686513746 0.8316800686513746 
6 32 2 0.7680658008197718 0.8316800686513746 0.8316800686513746 
7 28 2 0.7799905211924637 0.8393176192617255 0.8393176192617255 
8 84 2 0.7884107493135523 0.8393176192617255 0.8393176192617255 
9 15 2 0.8033697290206853 0.8393176192617255 0.8393176192617255 
10 42 1 0.8095981775882336 0.8393176192617255 0.8393176192617255 
11 86 1 0.8111918538000609 0.8393176192617255 0.8393176192617255 
12 20 1 0.8254461572291446 0.8393176192617255 0.8393176192617255 
13 57 3 0.8254272926961219 0.8393176192617255 0.8393176192617255 
14 42 1 0.8244727366743887 0.8393176192617255 0.8393176192617255 
15 15 1 0.8288108790511944 0.8393176192617255 0.8393176192617255 
16 24 2 0.828223618122717 0.8393176192617255 0.8393176192617255 
17 30 1 0.827834005953064 0.8393176192617255 0.8393176192617255 
18 37 1 0.8265443794372425 0.8393176192617255 0.8393176192617255 
19 47 2 0.8235459189746476 0.8393176192617255 0.8393176192617255 
20 43 1 0.825702901844543 0.8393176192617255 0.8393176192617255 
21 10 1 0.8278324200340507 0.8393176192617255 0.8393176192617255 
22 51 1 0.8251695924935923 0.8393176192617255 0.8393176192617255 
23 98 1 0.8221942090411772 0.8393176192617255 0.8393176192617255 
24 44 1 0.8254936112684704 0.8393176192617255 0.8393176192617255 
25 56 1 0.8280597875188808 0.8393176192617255 0.8393176192617255 
26 58 1 0.8279406681177744 0.8393176192617255 0.8393176192617255 
27 31 1 0.8289948358593393 0.8393176192617255 0.8393176192617255 
28 65 2 0.827429023837889 0.8393176192617255 0.8393176192617255 
29 59 1 0.8228113218489282 0.8393176192617255 0.8393176192617255 
0 1265 8 0.6091323849720571 0.7515831804722477 0.7515831804722477 
1 70 4 0.6461873751775441 0.7589005500141913 0.7589005500141913 
2 31 4 0.6732657371620254 0.7851946194394923 0.7851946194394923 
3 155 5 0.7012003926643467 0.7851946194394923 0.7851946194394923 
4 31 3 0.7192486585211658 0.8393176192617255 0.8393176192617255 
5 55 2 0.7358358732367166 0.8393176192617255 0.8393176192617255 
6 45 3 0.7476750045727317 0.8393176192617255 0.8393176192617255 
7 31 3 0.7546431740880335 0.8393176192617255 0.8393176192617255 
8 35 2 0.7618122250642391 0.8393176192617255 0.8393176192617255 
9 21 1 0.7704318254424494 0.8393176192617255 0.8393176192617255 
10 29 1 0.7778371987179247 0.8393176192617255 0.8393176192617255 
11 29 1 0.7879962731725437 0.8528642108727196 0.8528642108727196 
12 40 2 0.7972972070085024 0.8528642108727196 0.8528642108727196 
13 38 3 0.8004949331837173 0.8528642108727196 0.8528642108727196 
14 40 1 0.8062393947255987 0.8528642108727196 0.8528642108727196 
15 61 1 0.8189812005056433 0.8528642108727196 0.8528642108727196 
16 29 1 0.826671822281376 0.8528642108727196 0.8528642108727196 
17 29 1 0.8323303529813398 0.8528642108727196 0.8528642108727196 
18 57 1 0.8326021218623015 0.8528642108727196 0.8528642108727196 
19 33 1 0.834017124450452 0.8528642108727196 0.8528642108727196 
20 40 1 0.8293762750333209 0.8528642108727196 0.8528642108727196 
21 24 1 0.8391004321155955 0.8528642108727196 0.8528642108727196 
22 38 1 0.8417825607363381 0.8528642108727196 0.8528642108727196 
23 23 1 0.8386503438145309 0.8528642108727196 0.8528642108727196 
24 36 1 0.8307946078071208 0.8528642108727196 0.8528642108727196 
25 34 1 0.8370988784433702 0.8528642108727196 0.8528642108727196 
26 44 1 0.8357971408074544 0.8528642108727196 0.8528642108727196 
27 28 1 0.8396025828277337 0.8528642108727196 0.8528642108727196 
28 21 0 0.845148075223968 0.8528642108727196 0.8528642108727196 
29 28 1 0.8393228466599568 0.8528642108727196 0.8528642108727196 
0 1648 10 0.6092921617615056 0.7592735947565317 0.7592735947565317 
1 150 6 0.6365048965584293 0.7657007591453351 0.7657007591453351 
2 82 5 0.6656167169522932 0.7737865360536798 0.7737865360536798 
3 68 5 0.6856061778025151 0.7737865360536798 0.7737865360536798 
4 40 4 0.710430216095006 0.7679345742391175 0.7737865360536798 
5 21 4 0.72745422852247 0.7679345742391175 0.7737865360536798 
6 33 4 0.7411306291947136 0.7802852853288643 0.7802852853288643 
7 38 3 0.7449246257673154 0.8066556048654027 0.8066556048654027 
8 69 3 0.7517207552712041 0.8095992163048688 0.8095992163048688 
9 26 3 0.755588518626288 0.8066556048654027 0.8095992163048688 
10 39 2 0.7587132669931945 0.8066556048654027 0.8095992163048688 
11 34 2 0.7677951586331614 0.8066556048654027 0.8095992163048688 
12 42 2 0.7694067313730824 0.8066556048654027 0.8095992163048688 
13 48 4 0.77770051869334 0.8066556048654027 0.8095992163048688 
14 22 2 0.7879216158031326 0.8066556048654027 0.8095992163048688 
15 53 2 0.7889527499364664 0.8066556048654027 0.8095992163048688 
16 22 1 0.7949165717373018 0.8066556048654027 0.8095992163048688 
17 73 1 0.7923302513618915 0.8066556048654027 0.8095992163048688 
18 57 2 0.7894984760855575 0.8066556048654027 0.8095992163048688 
19 21 1 0.7942667784592232 0.8081464343174769 0.8095992163048688 
20 38 1 0.79645593173988 0.810734571992534 0.810734571992534 
21 64 1 0.7925568560273127 0.8066556048654027 0.810734571992534 
22 34 2 0.7949572156977618 0.8194097502167589 0.8194097502167589 
23 49 2 0.7948636763389275 0.8150918044600777 0.8194097502167589 
24 48 1 0.7908326389169841 0.8150918044600777 0.8194097502167589 
25 43 1 0.7950927812755065 0.8150918044600777 0.8194097502167589 
26 28 1 0.8022471325160463 0.8150918044600777 0.8194097502167589 
27 22 1 0.7966315843153524 0.8150918044600777 0.8194097502167589 
28 20 2 0.7964332543530374 0.8150918044600777 0.8194097502167589 
29 28 2 0.7962999759648395 0.8150918044600777 0.8194097502167589 
0 1442 9 0.6040567201743149 0.7737352093055486 0.7737352093055486 
1 60 6 0.6358054799634584 0.843196083663123 0.843196083663123 
2 115 5 0.6630911360282726 0.8480063770926346 0.8480063770926346 
3 35 4 0.6840614553288685 0.843196083663123 0.8480063770926346 
4 80 4 0.7078089283461014 0.7803722792183225 0.8480063770926346 
5 80 4 0.7151679373456872 0.843196083663123 0.8480063770926346 
6 11 3 0.7345345375892613 0.8020633466817775 0.8480063770926346 
7 26 3 0.7468406132937625 0.8020633466817775 0.8480063770926346 
8 42 3 0.7502047262683585 0.8575178429473391 0.8575178429473391 
9 29 2 0.7577236478955827 0.8575178429473391 0.8575178429473391 
10 65 2 0.7609688089596603 0.8727145108587692 0.8727145108587692 
11 32 2 0.7657493219542012 0.8727145108587692 0.8727145108587692 
12 29 2 0.77077992406684 0.8727145108587692 0.8727145108587692 
13 18 3 0.7837858614880047 0.8727145108587692 0.8727145108587692 
14 23 2 0.8004529094252838 0.8727145108587692 0.8727145108587692 
15 19 2 0.8187757252181168 0.8778067893260506 0.8778067893260506 
16 18 1 0.8345331604785207 0.8778067893260506 0.8778067893260506 
17 9 1 0.8471074690861777 0.8778067893260506 0.8778067893260506 
18 18 0 0.8519605929542264 0.8778067893260506 0.8778067893260506 
19 44 1 0.8492218228767061 0.8778067893260506 0.8778067893260506 
20 21 1 0.8619827689025555 0.9056447450124185 0.9056447450124185 
21 4 1 0.8658074559074912 0.9056447450124185 0.9056447450124185 
22 22 1 0.8661698466715957 0.9056447450124185 0.9056447450124185 
23 16 1 0.860147301945682 0.9056447450124185 0.9056447450124185 
24 29 0 0.8641337896685382 0.9056447450124185 0.9056447450124185 
25 12 1 0.8669438432228398 0.9056447450124185 0.9056447450124185 
26 22 1 0.8667153457860308 0.9056447450124185 0.9056447450124185 
27 10 4 0.8713696700984034 0.9056447450124185 0.9056447450124185 
28 13 0 0.880354726975254 0.9056447450124185 0.9056447450124185 
29 17 0 0.8829903899306976 0.9056447450124185 0.9056447450124185 
0 1744 10 0.5999322995442612 0.7804030261673358 0.7804030261673358 
1 89 5 0.6342554327063545 0.7935631846142672 0.7935631846142672 
2 54 5 0.6675383491272902 0.7804030261673358 0.7935631846142672 
3 50 4 0.6995603176581633 0.8072157563492707 0.8072157563492707 
4 56 4 0.727709043830446 0.8072157563492707 0.8072157563492707 
5 66 2 0.7416118212433654 0.8072157563492707 0.8072157563492707 
6 55 2 0.7514197410863455 0.8316800686513746 0.8316800686513746 
7 64 2 0.7571029245431437 0.8316800686513746 0.8316800686513746 
8 60 2 0.7630622611284861 0.8316800686513746 0.8316800686513746 
9 41 2 0.7648942357751157 0.8316800686513746 0.8316800686513746 
10 19 1 0.7762529107005439 0.8316800686513746 0.8316800686513746 
11 51 1 0.7841177488051368 0.8316800686513746 0.8316800686513746 
12 47 1 0.7929665280537519 0.8316800686513746 0.8316800686513746 
13 27 3 0.8045496105477119 0.8316800686513746 0.8316800686513746 
14 30 1 0.8120491052009584 0.8316800686513746 0.8316800686513746 
15 15 1 0.8181626599107084 0.8316800686513746 0.8316800686513746 
16 56 1 0.8187287813776153 0.8316800686513746 0.8316800686513746 
17 22 1 0.8192605625036669 0.8316800686513746 0.8316800686513746 
18 41 1 0.8145475656411537 0.8316800686513746 0.8316800686513746 
19 33 1 0.822066607032185 0.8316800686513746 0.8316800686513746 
20 25 1 0.8251686990953386 0.8316800686513746 0.8316800686513746 
21 37 1 0.8149964540897995 0.8316800686513746 0.8316800686513746 
22 33 1 0.8156518022752435 0.8316800686513746 0.8316800686513746 
23 19 1 0.8222792566442592 0.8316800686513746 0.8316800686513746 
24 15 1 0.8220735114715693 0.8316800686513746 0.8316800686513746 
25 78 1 0.8100745258435207 0.8316800686513746 0.8316800686513746 
26 30 1 0.817140705274173 0.8316800686513746 0.8316800686513746 
27 28 1 0.8192191778110799 0.8316800686513746 0.8316800686513746 
28 62 2 0.8179096367817791 0.8316800686513746 0.8316800686513746 
29 18 1 0.8168136641847031 0.8316800686513746 0.8316800686513746 
0 1603 13 0.6065088320529277 0.7564800089181933 0.7564800089181933 
1 154 7 0.6408568591268572 0.7787321531129654 0.7787321531129654 
2 55 6 0.672936381822947 0.7787321531129654 0.7787321531129654 
3 83 5 0.70102979270142 0.8143604202068369 0.8143604202068369 
4 25 3 0.7248111199510996 0.8415681037210619 0.8415681037210619 
5 60 3 0.7399248556527175 0.8143604202068369 0.8415681037210619 
6 76 2 0.745566609034696 0.8143604202068369 0.8415681037210619 
7 42 2 0.749542930923335 0.8143604202068369 0.8415681037210619 
8 53 2 0.7541086623472252 0.8143604202068369 0.8415681037210619 
9 57 1 0.7588637100237158 0.8415681037210619 0.8415681037210619 
10 22 1 0.7672332792455098 0.8415681037210619 0.8415681037210619 
11 27 1 0.7711349200355145 0.8415681037210619 0.8415681037210619 
12 53 1 0.7794413490906632 0.8415681037210619 0.8415681037210619 
13 35 3 0.7861308484122403 0.8415681037210619 0.8415681037210619 
14 29 1 0.7966214164154072 0.8415681037210619 0.8415681037210619 
15 46 1 0.8054238603925913 0.8415681037210619 0.8415681037210619 
16 34 1 0.8113261226197375 0.8415681037210619 0.8415681037210619 
17 26 1 0.8161073884064082 0.8566748164756366 0.8566748164756366 
18 18 1 0.8241148639083038 0.8566748164756366 0.8566748164756366 
19 18 1 0.8253976480209337 0.8566748164756366 0.8566748164756366 
20 28 1 0.8264569672892459 0.8566748164756366 0.8566748164756366 
21 26 0 0.8320160630058134 0.8566748164756366 0.8566748164756366 
22 21 1 0.8315304049056167 0.8567224818852094 0.8567224818852094 
23 27 1 0.835998240848138 0.8567224818852094 0.8567224818852094 
24 28 1 0.8391811467650827 0.8567224818852094 0.8567224818852094 
25 33 1 0.8404195002096528 0.8567224818852094 0.8567224818852094 
26 21 1 0.8401048435503989 0.8567224818852094 0.8567224818852094 
27 20 1 0.844829272953655 0.8567224818852094 0.8567224818852094 
28 45 1 0.8453609325153266 0.8567224818852094 0.8567224818852094 
29 41 1 0.8433187350485053 0.8567224818852094 0.8567224818852094 
0 1369 10 0.6105705362883491 0.7500589987211885 0.7500589987211885 
1 61 5 0.6416383481350149 0.7547785800709884 0.7547785800709884 
2 99 4 0.6706642658752493 0.7787922015822737 0.7787922015822737 
3 39 4 0.6938656822133116 0.7822552290562349 0.7822552290562349 
4 78 3 0.7170901229176876 0.8017538090294807 0.8017538090294807 
5 50 4 0.7372827575596989 0.804925183513114 0.804925183513114 
6 80 2 0.7499622260628362 0.804925183513114 0.804925183513114 
7 70 2 0.7555620902103345 0.8217547167693663 0.8217547167693663 
8 74 2 0.7599331258415323 0.8217547167693663 0.8217547167693663 
9 47 1 0.7698311062898905 0.8217547167693663 0.8217547167693663 
10 35 2 0.7700311695776861 0.8393176192617255 0.8393176192617255 
11 44 2 0.7787512207895761 0.8393176192617255 0.8393176192617255 
12 36 2 0.7801670372116257 0.8527094806955056 0.8527094806955056 
13 36 3 0.7903421810215795 0.8527094806955056 0.8527094806955056 
14 22 2 0.7989842474563068 0.8527094806955056 0.8527094806955056 
15 22 2 0.806235689104793 0.8527094806955056 0.8527094806955056 
16 21 1 0.8131689765872682 0.8527094806955056 0.8527094806955056 
17 19 1 0.817387862369927 0.8527094806955056 0.8527094806955056 
18 49 1 0.8199991518069771 0.8527094806955056 0.8527094806955056 
19 28 1 0.8171761767265017 0.8527094806955056 0.8527094806955056 
20 22 1 0.8252480403939052 0.8527094806955056 0.8527094806955056 
21 21 1 0.8261670468278662 0.8527094806955056 0.8527094806955056 
22 21 1 0.829311882162605 0.8527094806955056 0.8527094806955056 
23 52 1 0.8268027027614275 0.8527094806955056 0.8527094806955056 
24 25 1 0.831411226938571 0.8527094806955056 0.8527094806955056 
25 24 1 0.8337912546785223 0.8527094806955056 0.8527094806955056 
26 20 1 0.8399401464697889 0.8527094806955056 0.8527094806955056 
27 14 1 0.8369894536050498 0.8528642108727196 0.8528642108727196 
28 31 1 0.8329174641013682 0.8528642108727196 0.8528642108727196 
29 33 1 0.8323038153084376 0.8528642108727196 0.8528642108727196 
0 1493 8 0.6067554172382273 0.7565554124185335 0.7565554124185335 
1 51 5 0.6388640583617754 0.7689150681961794 0.7689150681961794 
2 58 4 0.6726678468171461 0.8237171048201744 0.8237171048201744 
3 51 3 0.7012693292302329 0.8237171048201744 0.8237171048201744 
4 18 3 0.7209729509790286 0.8237171048201744 0.8237171048201744 
5 88 4 0.7366416501547773 0.8237171048201744 0.8237171048201744 
6 44 3 0.7466423016530002 0.8237171048201744 0.8237171048201744 
7 34 3 0.7549329200893011 0.8237171048201744 0.8237171048201744 
8 27 1 0.7644419686847707 0.8385706132788175 0.8385706132788175 
9 22 1 0.777342893107483 0.8385706132788175 0.8385706132788175 
10 32 1 0.7833288172969087 0.8385706132788175 0.8385706132788175 
11 16 1 0.7982296786912307 0.8390001732480326 0.8390001732480326 
12 8 1 0.8020274023813808 0.8390001732480326 0.8390001732480326 
13 24 3 0.8044612476846582 0.8390001732480326 0.8390001732480326 
14 15 1 0.8074882487898278 0.8727145108587692 0.8727145108587692 
15 7 1 0.809781837789144 0.8740467670989782 0.8740467670989782 
16 23 1 0.8125820144526219 0.8727145108587692 0.8740467670989782 
17 43 1 0.8173188854170924 0.8740467670989782 0.8740467670989782 
18 10 1 0.82125439229654 0.8740467670989782 0.8740467670989782 
19 9 1 0.8236027720215884 0.8740467670989782 0.8740467670989782 
20 31 1 0.8273305189585157 0.8740467670989782 0.8740467670989782 
21 17 1 0.8354829599024686 0.8740467670989782 0.8740467670989782 
22 7 1 0.846414879291585 0.8740467670989782 0.8740467670989782 
23 29 1 0.8515211666461984 0.8740467670989782 0.8740467670989782 
24 12 1 0.8597362757566845 0.8740467670989782 0.8740467670989782 
25 9 0 0.8633955674646091 0.8740467670989782 0.8740467670989782 
26 19 0 0.8609158538666312 0.8740467670989782 0.8740467670989782 
27 14 1 0.8645628561871942 0.8740467670989782 0.8740467670989782 
28 26 1 0.8601253544373456 0.8740467670989782 0.8740467670989782 
29 24 1 0.8587085017877345 0.8740467670989782 0.8740467670989782 
0 1594 14 0.6052658349388093 0.7688517473980078 0.7688517473980078 
1 59 6 0.6384077303286755 0.79019802588364 0.79019802588364 
2 43 4 0.6773971886685862 0.79019802588364 0.79019802588364 
3 78 4 0.7113607860790654 0.79019802588364 0.79019802588364 
4 73 3 0.7328930356252498 0.8077423687188743 0.8077423687188743 
5 60 3 0.7460052925699461 0.8077423687188743 0.8077423687188743 
6 38 3 0.7596206473187093 0.8212869567940038 0.8212869567940038 
7 27 2 0.7699572205878519 0.8212869567940038 0.8212869567940038 
8 82 2 0.7757837397080576 0.8212869567940038 0.8212869567940038 
9 27 1 0.7845958844937736 0.8393176192617255 0.8393176192617255 
10 34 2 0.7935203412083477 0.8393176192617255 0.8393176192617255 
11 31 1 0.8035060596579862 0.8393176192617255 0.8393176192617255 
12 48 1 0.8076802130499504 0.8393176192617255 0.8393176192617255 
13 35 3 0.8143929890040836 0.8393176192617255 0.8393176192617255 
14 77 1 0.8134072781976106 0.8393176192617255 0.8393176192617255 
15 41 1 0.8140586695294083 0.8393176192617255 0.8393176192617255 
16 28 1 0.8112769579954872 0.8393176192617255 0.8393176192617255 
17 36 1 0.8142468520848625 0.8393176192617255 0.8393176192617255 
18 32 1 0.8154477377033952 0.8393176192617255 0.8393176192617255 
19 29 1 0.8221488251345851 0.8393176192617255 0.8393176192617255 
20 22 1 0.8272991871324283 0.8393176192617255 0.8393176192617255 
21 25 1 0.8270513305651954 0.8393176192617255 0.8393176192617255 
22 27 1 0.8297683183384035 0.8393176192617255 0.8393176192617255 
23 33 1 0.8290512873126203 0.8393176192617255 0.8393176192617255 
24 20 1 0.8286579574778946 0.8393176192617255 0.8393176192617255 
25 36 1 0.8186511312429894 0.8393176192617255 0.8393176192617255 
26 23 1 0.8268590126148063 0.8393176192617255 0.8393176192617255 
27 25 1 0.8257520907212619 0.8393176192617255 0.8393176192617255 
28 21 1 0.829825781716099 0.8393176192617255 0.8393176192617255 
29 52 1 0.827363009922453 0.8393176192617255 0.8393176192617255 
0 1411 8 0.6087461627923503 0.8022784179264035 0.8022784179264035 
1 24 5 0.6432422553039027 0.7565401260709209 0.8022784179264035 
2 57 4 0.6779831070792532 0.8353496535685216 0.8353496535685216 
3 38 3 0.703738942647499 0.7745680972778739 0.8353496535685216 
4 68 3 0.7257215387328343 0.7850786008949561 0.8353496535685216 
5 26 3 0.7426386390836309 0.8166585496673483 0.8353496535685216 
6 48 2 0.7497289793734484 0.8192513476734237 0.8353496535685216 
7 22 2 0.7515432250911793 0.820827333644731 0.8353496535685216 
8 19 3 0.7614063009619556 0.8712788806433527 0.8712788806433527 
9 32 2 0.7679196980748246 0.8712788806433527 0.8712788806433527 
10 30 2 0.7746704316307037 0.8712788806433527 0.8712788806433527 
11 10 1 0.7884865270238086 0.8712788806433527 0.8712788806433527 
12 42 2 0.7998663524771511 0.8712788806433527 0.8712788806433527 
13 42 3 0.8109333588206001 0.8712788806433527 0.8712788806433527 
14 25 2 0.8294821874029324 0.8712788806433527 0.8712788806433527 
15 44 1 0.842332036557125 0.8712788806433527 0.8712788806433527 
16 43 1 0.846807790042644 0.8712788806433527 0.8712788806433527 
17 24 1 0.8528181031569005 0.8712788806433527 0.8712788806433527 
18 37 1 0.8534745155872995 0.8712788806433527 0.8712788806433527 
19 36 1 0.8490363215235875 0.8712788806433527 0.8712788806433527 
20 26 1 0.8554245388399307 0.8712788806433527 0.8712788806433527 
21 39 1 0.8547333429962829 0.8712788806433527 0.8712788806433527 
22 39 1 0.8480571146129527 0.8712788806433527 0.8712788806433527 
23 40 1 0.845837447449499 0.8712788806433527 0.8712788806433527 
24 21 1 0.855702617751584 0.8712788806433527 0.8712788806433527 
25 39 1 0.8480705983553208 0.8712788806433527 0.8712788806433527 
26 32 1 0.8581421525710461 0.8712788806433527 0.8712788806433527 
27 31 1 0.8507083747626871 0.8712788806433527 0.8712788806433527 
28 39 1 0.8543127735850463 0.8712788806433527 0.8712788806433527 
29 42 1 0.8542688106444749 0.8712788806433527 0.8712788806433527 
0 1636 9 0.6042068892503799 0.8008967917148759 0.8008967917148759 
1 65 6 0.6285072900179774 0.8008967917148759 0.8008967917148759 
2 99 6 0.6540065246880671 0.8008967917148759 0.8008967917148759 
3 91 5 0.6815343560747777 0.7870401679755579 0.8008967917148759 
4 107 5 0.7032803638513819 0.790421726533272 0.8008967917148759 
5 42 4 0.7252539020980515 0.7948603280570633 0.8008967917148759 
6 23 3 0.7414631083671486 0.7973750469604487 0.8008967917148759 
7 63 3 0.7503314191471717 0.7973750469604487 0.8008967917148759 
8 48 2 0.7613174396761552 0.8019146871319062 0.8019146871319062 
9 32 2 0.7638057881341203 0.8077423687188743 0.8077423687188743 
10 29 1 0.7714589949843627 0.8077423687188743 0.8077423687188743 
11 42 1 0.775022099855086 0.8077423687188743 0.8077423687188743 
12 92 1 0.7808208085540562 0.8077423687188743 0.8077423687188743 
13 41 4 0.7814512277577746 0.8142021716094107 0.8142021716094107 
14 29 2 0.7840217404112118 0.8142021716094107 0.8142021716094107 
15 26 2 0.7944278049828362 0.8142021716094107 0.8142021716094107 
16 36 1 0.7906504613461749 0.8142021716094107 0.8142021716094107 
17 17 2 0.796897431794822 0.8142021716094107 0.8142021716094107 
18 21 1 0.7963756359111883 0.8142021716094107 0.8142021716094107 
19 40 1 0.7934150484653121 0.8142021716094107 0.8142021716094107 
20 16 1 0.7953494098914657 0.8142021716094107 0.8142021716094107 
21 18 1 0.7985601457528614 0.8142021716094107 0.8142021716094107 
22 19 2 0.8006903759938155 0.8142021716094107 0.8142021716094107 
23 25 1 0.8034943456119851 0.8175856678315152 0.8175856678315152 
24 23 1 0.8051788209250645 0.8175856678315152 0.8175856678315152 
25 54 1 0.8028886968298832 0.8175856678315152 0.8175856678315152 
26 37 1 0.8017415594567886 0.8175856678315152 0.8175856678315152 
27 41 1 0.8022540905573922 0.8142021716094107 0.8175856678315152 
28 40 1 0.8030523389227521 0.8142021716094107 0.8175856678315152 
29 25 1 0.8032010840861424 0.8142021716094107 0.8175856678315152 
0 1577 9 0.6093145713008044 0.7730367480124836 0.7730367480124836 
1 41 5 0.639431685231209 0.7876686439024198 0.7876686439024198 
2 32 4 0.6726754422796078 0.80418609256816 0.80418609256816 
3 28 3 0.7084116472257501 0.7882632916215415 0.80418609256816 
4 56 3 0.730787020495739 0.7882632916215415 0.80418609256816 
5 39 2 0.7486940740491984 0.8020123737000515 0.80418609256816 
6 82 2 0.7518346709242242 0.8088525017989843 0.8088525017989843 
7 26 2 0.7616113014210179 0.8088525017989843 0.8088525017989843 
8 60 2 0.7669737243633209 0.8020123737000515 0.8088525017989843 
9 37 2 0.7684566505074335 0.8066867618048739 0.8088525017989843 
10 80 1 0.775057211907447 0.8061730714051101 0.8088525017989843 
11 16 2 0.7806373459848465 0.8061730714051101 0.8088525017989843 
12 40 1 0.7827292998129529 0.8061730714051101 0.8088525017989843 
13 40 4 0.7874429077351311 0.8063993682546284 0.8088525017989843 
14 83 1 0.7886253071285273 0.8122542327253177 0.8122542327253177 
15 50 1 0.7890550551235198 0.8063993682546284 0.8122542327253177 
16 51 2 0.7889107078918736 0.8063993682546284 0.8122542327253177 
17 32 1 0.792967302915155 0.8063993682546284 0.8122542327253177 
18 51 1 0.7924834891428332 0.8063993682546284 0.8122542327253177 
19 40 1 0.7924555880793074 0.8063993682546284 0.8122542327253177 
20 28 1 0.7962210117477199 0.8063993682546284 0.8122542327253177 
21 43 1 0.795341638867471 0.8063993682546284 0.8122542327253177 
22 50 1 0.7935973978310779 0.8063993682546284 0.8122542327253177 
23 32 1 0.7988112566211811 0.8063993682546284 0.8122542327253177 
24 38 1 0.7969292436104604 0.8063993682546284 0.8122542327253177 
25 50 1 0.7969366688514722 0.8063993682546284 0.8122542327253177 
26 17 1 0.7982139853275716 0.8063993682546284 0.8122542327253177 
27 28 1 0.797337872100157 0.8063993682546284 0.8122542327253177 
28 37 1 0.7956476837874602 0.8063993682546284 0.8122542327253177 
29 21 1 0.7993691818734723 0.8122542327253177 0.8122542327253177 
0 1482 10 0.6073171472286432 0.7607580421369974 0.7607580421369974 
1 86 5 0.6440012575800523 0.8167941065837725 0.8167941065837725 
2 39 4 0.6670128570456566 0.7813516630201163 0.8167941065837725 
3 59 4 0.6955594463880534 0.831480909525431 0.831480909525431 
4 45 4 0.7122622853609063 0.831480909525431 0.831480909525431 
5 40 3 0.7336262665550453 0.8528571745356858 0.8528571745356858 
6 44 3 0.7458559205677053 0.8528571745356858 0.8528571745356858 
7 40 2 0.7667285149287573 0.8662972082077005 0.8662972082077005 
8 60 2 0.7780882443386663 0.8586286645999731 0.8662972082077005 
9 18 1 0.8023716221115849 0.8662972082077005 0.8662972082077005 
10 36 1 0.8092978464477961 0.8662972082077005 0.8662972082077005 
11 17 1 0.8236968713411612 0.8662972082077005 0.8662972082077005 
12 41 1 0.8354771631845485 0.8662972082077005 0.8662972082077005 
13 30 3 0.8388908543713504 0.8662972082077005 0.8662972082077005 
14 10 1 0.8449683073851522 0.8662972082077005 0.8662972082077005 
15 29 1 0.8443556140945968 0.8662972082077005 0.8662972082077005 
16 16 1 0.85285372535553 0.8662972082077005 0.8662972082077005 
17 17 0 0.8547262920710951 0.8662972082077005 0.8662972082077005 
18 74 0 0.8460535514698371 0.8662972082077005 0.8662972082077005 
19 49 1 0.8523661018104548 0.8662972082077005 0.8662972082077005 
20 48 0 0.8513006142471703 0.8756061789238752 0.8756061789238752 
21 31 1 0.8538938823115229 0.8756061789238752 0.8756061789238752 
22 67 1 0.8502481232684387 0.8662972082077005 0.8756061789238752 
23 68 1 0.8503766383904677 0.8662972082077005 0.8756061789238752 
24 80 1 0.848529700814371 0.8662972082077005 0.8756061789238752 
25 23 0 0.8509716510148649 0.8662972082077005 0.8756061789238752 
26 43 0 0.854779719188478 0.8662972082077005 0.8756061789238752 
27 77 1 0.8403649446596986 0.8662972082077005 0.8756061789238752 
28 17 0 0.8519870338114948 0.8662972082077005 0.8756061789238752 
29 40 0 0.8476229871373908 0.8662972082077005 0.8756061789238752 
0 1263 9 0.6112033976508395 0.7811578247763798 0.7811578247763798 
1 65 5 0.647115173638185 0.8727145108587692 0.8727145108587692 
2 105 4 0.6775906068293532 0.8727145108587692 0.8727145108587692 
3 50 3 0.6997349370135417 0.8727145108587692 0.8727145108587692 
4 44 3 0.7181345303981206 0.8727145108587692 0.8727145108587692 
5 39 3 0.745031135488587 0.8727145108587692 0.8727145108587692 
6 23 2 0.770175077705767 0.8808094572074604 0.8808094572074604 
7 32 2 0.7914251084659059 0.8808094572074604 0.8808094572074604 
8 32 1 0.8070837626539867 0.8808094572074604 0.8808094572074604 
9 26 1 0.8278779032924533 0.8808094572074604 0.8808094572074604 
10 31 1 0.8374380368993076 0.8808094572074604 0.8808094572074604 
11 38 1 0.8485717320227328 0.8808094572074604 0.8808094572074604 
12 17 1 0.8658571936152916 0.8808094572074604 0.8808094572074604 
13 20 2 0.868914689319765 0.8808094572074604 0.8808094572074604 
14 12 1 0.8669222588414097 0.8808094572074604 0.8808094572074604 
15 17 0 0.869358818675169 0.8808094572074604 0.8808094572074604 
16 24 0 0.8591931166951831 0.8808094572074604 0.8808094572074604 
17 9 1 0.8702641376011431 0.8808094572074604 0.8808094572074604 
18 17 0 0.8710492513279968 0.8808094572074604 0.8808094572074604 
19 26 1 0.863642119219771 0.8808094572074604 0.8808094572074604 
20 16 0 0.8655092677685802 0.8808094572074604 0.8808094572074604 
21 26 0 0.8677002088106356 0.8808094572074604 0.8808094572074604 
22 18 1 0.8717641436358459 0.8808094572074604 0.8808094572074604 
23 16 1 0.8726883351273501 0.8808094572074604 0.8808094572074604 
24 44 0 0.8646555777486614 0.8808094572074604 0.8808094572074604 
25 18 1 0.8674325063016461 0.8808094572074604 0.8808094572074604 
26 18 0 0.8713085568685207 0.8808094572074604 0.8808094572074604 
27 22 1 0.8660645310254458 0.8808094572074604 0.8808094572074604 
28 10 1 0.8726417877730743 0.8808094572074604 0.8808094572074604 
29 29 0 0.8636742646488527 0.8808094572074604 0.8808094572074604 
0 1482 9 0.6020177439655253 0.7523267778650625 0.7523267778650625 
1 66 6 0.6296038926299489 0.8222994297570381 0.8222994297570381 
2 20 5 0.6579289096348967 0.7718444105044898 0.8222994297570381 
3 41 5 0.6852888875734761 0.8210464558719037 0.8222994297570381 
4 23 4 0.7090556645003225 0.7833568938792421 0.8222994297570381 
5 38 3 0.7293964229447245 0.7895801783729963 0.8222994297570381 
6 40 3 0.7435735003750297 0.793917295392166 0.8222994297570381 
7 59 3 0.7486278919904507 0.8222994297570381 0.8222994297570381 
8 69 3 0.7519837737625502 0.8222994297570381 0.8222994297570381 
9 44 2 0.7577563000641169 0.8222994297570381 0.8222994297570381 
10 75 3 0.7636834478905148 0.8222994297570381 0.8222994297570381 
11 67 2 0.7693372248228565 0.8527094806955056 0.8527094806955056 
12 55 2 0.7736659498843547 0.8527094806955056 0.8527094806955056 
13 41 3 0.7828408489908913 0.8527094806955056 0.8527094806955056 
14 59 2 0.7892758758049649 0.8527094806955056 0.8527094806955056 
15 30 1 0.8013941325595094 0.8527094806955056 0.8527094806955056 
16 38 2 0.8154646312252107 0.8527094806955056 0.8527094806955056 
17 44 2 0.822849124345092 0.8527094806955056 0.8527094806955056 
18 38 1 0.8333536908773107 0.8527094806955056 0.8527094806955056 
19 27 1 0.8297965771381746 0.8527094806955056 0.8527094806955056 
20 21 1 0.8391551883497561 0.8527094806955056 0.8527094806955056 
21 32 1 0.8378073890655733 0.8527094806955056 0.8527094806955056 
22 37 1 0.8373640440138146 0.8527094806955056 0.8527094806955056 
23 43 2 0.8361054583985933 0.8527094806955056 0.8527094806955056 
24 57 1 0.8361355845400571 0.8527094806955056 0.8527094806955056 
25 113 1 0.8357062020988744 0.8527094806955056 0.8527094806955056 
26 100 2 0.832698845156464 0.8527094806955056 0.8527094806955056 
27 72 1 0.8321112886635027 0.8527094806955056 0.8527094806955056 
28 32 1 0.8370700331915372 0.8527094806955056 0.8527094806955056 
29 41 1 0.8396818721612753 0.8527094806955056 0.8527094806955056 
0 1527 9 0.6124316345518008 0.7638790895864491 0.7638790895864491 
1 140 6 0.6477202515175347 0.769980687237926 0.769980687237926 
2 35 6 0.6775318178887987 0.7950682073441924 0.7950682073441924 
3 37 5 0.6994628895473509 0.7738679113463071 0.7950682073441924 
4 95 5 0.7232330562769708 0.8077261021189375 0.8077261021189375 
5 68 4 0.7387921754993524 0.8077261021189375 0.8077261021189375 
6 45 3 0.754144010894635 0.8528642108727196 0.8528642108727196 
7 60 3 0.761435287194065 0.8528642108727196 0.8528642108727196 
8 66 3 0.7728720007060822 0.8528642108727196 0.8528642108727196 
9 43 3 0.7790027000708583 0.8528642108727196 0.8528642108727196 
10 87 2 0.7956784092921105 0.8528642108727196 0.8528642108727196 
11 76 2 0.8034594458570429 0.8528642108727196 0.8528642108727196 
12 40 2 0.8127961177864413 0.8528642108727196 0.8528642108727196 
13 60 4 0.8228845200523596 0.8528642108727196 0.8528642108727196 
14 43 2 0.8342769701531317 0.8528642108727196 0.8528642108727196 
15 64 2 0.8373064541328659 0.8528642108727196 0.8528642108727196 
16 27 1 0.8420259009083398 0.8528642108727196 0.8528642108727196 
17 51 1 0.8359563175641216 0.8545017169424297 0.8545017169424297 
18 29 1 0.8401823103415967 0.8545017169424297 0.8545017169424297 
19 35 1 0.8372154350533559 0.8545017169424297 0.8545017169424297 
20 38 1 0.8370132791092131 0.8545017169424297 0.8545017169424297 
21 24 1 0.8417799058163459 0.8545017169424297 0.8545017169424297 
22 43 1 0.8383196698659867 0.8545017169424297 0.8545017169424297 
23 41 1 0.8344206894155782 0.8545017169424297 0.8545017169424297 
24 43 1 0.8336505967809141 0.8545017169424297 0.8545017169424297 
25 30 1 0.8351250313560371 0.8545017169424297 0.8545017169424297 
26 22 1 0.835466790449479 0.8545017169424297 0.8545017169424297 
27 41 1 0.8355712118601514 0.8545017169424297 0.8545017169424297 
28 26 1 0.8406859563192846 0.8545017169424297 0.8545017169424297 
29 31 1 0.8381846384793299 0.8545017169424297 0.8545017169424297 
0 1704 10 0.6053310890969642 0.7480022076738388 0.7480022076738388 
1 54 6 0.6410350142465019 0.7668352510990536 0.7668352510990536 
2 68 5 0.6680718543666418 0.7668352510990536 0.7668352510990536 
3 28 4 0.6960368189256139 0.7703311531747248 0.7703311531747248 
4 52 4 0.7184409076122642 0.7802022349624033 0.7802022349624033 
5 46 4 0.734244674261133 0.7888109488896542 0.7888109488896542 
6 40 3 0.7417946551856516 0.7888109488896542 0.7888109488896542 
7 88 3 0.7426385972058854 0.7888109488896542 0.7888109488896542 
8 72 3 0.7480860529685711 0.8316800686513746 0.8316800686513746 
9 22 3 0.7600270533232645 0.8316800686513746 0.8316800686513746 
10 40 2 0.7635607101643208 0.8316800686513746 0.8316800686513746 
11 38 2 0.7741171929866413 0.8567224818852094 0.8567224818852094 
12 43 2 0.7800440642713059 0.8567224818852094 0.8567224818852094 
13 57 3 0.7987073742268967 0.8567224818852094 0.8567224818852094 
14 60 1 0.8126157438515093 0.8567224818852094 0.8567224818852094 
15 59 1 0.8193255195350799 0.8567224818852094 0.8567224818852094 
16 38 2 0.8230577033572417 0.8567224818852094 0.8567224818852094 
17 63 1 0.8324482050389693 0.8567224818852094 0.8567224818852094 
18 30 1 0.8412505511061462 0.8567224818852094 0.8567224818852094 
19 30 1 0.8394503819990505 0.8567224818852094 0.8567224818852094 
20 42 1 0.8447570076702208 0.8567224818852094 0.8567224818852094 
21 79 1 0.8397119875649374 0.8567224818852094 0.8567224818852094 
22 67 1 0.8352985077814599 0.8567224818852094 0.8567224818852094 
23 66 2 0.8387005328893509 0.8567224818852094 0.8567224818852094 
24 46 1 0.8399544668711146 0.8567224818852094 0.8567224818852094 
25 45 1 0.8438961352510178 0.8567224818852094 0.8567224818852094 
26 45 1 0.8493101997621403 0.8567224818852094 0.8567224818852094 
27 31 1 0.8473570964243247 0.8567224818852094 0.8567224818852094 
28 45 1 0.8440730233615349 0.8567224818852094 0.8567224818852094 
29 54 1 0.8466353892026937 0.8567224818852094 0.8567224818852094 
0 1888 13 0.5985606208240245 0.7626414755830182 0.7626414755830182 
1 87 6 0.6229969411309914 0.7683753695417606 0.7683753695417606 
2 42 5 0.6555948921170285 0.7683753695417606 0.7683753695417606 
3 41 5 0.6771668979644949 0.8009918985204519 0.8009918985204519 
4 78 4 0.7008934069275328 0.8028211673043611 0.8028211673043611 
5 54 4 0.725061159133643 0.8101228983689773 0.8101228983689773 
6 43 4 0.7392769074226095 0.8078101580589214 0.8101228983689773 
7 71 3 0.7499702136193614 0.8205932020841173 0.8205932020841173 
8 46 3 0.7578222471505408 0.8205932020841173 0.8205932020841173 
9 45 3 0.765171472741428 0.8205932020841173 0.8205932020841173 
10 92 3 0.7737260044247722 0.843196083663123 0.843196083663123 
11 10 1 0.790835692171272 0.843196083663123 0.843196083663123 
12 26 6 0.7970762201012588 0.843196083663123 0.843196083663123 
13 50 4 0.8013285107131448 0.8726854521467402 0.8726854521467402 
14 34 1 0.8095962726094631 0.8726854521467402 0.8726854521467402 
15 75 1 0.8134157395705321 0.8726854521467402 0.8726854521467402 
16 36 1 0.8186661552658666 0.8726854521467402 0.8726854521467402 
17 17 1 0.8326826214944814 0.8726854521467402 0.8726854521467402 
18 8 1 0.8429155287173506 0.8726854521467402 0.8726854521467402 
19 38 1 0.8478137963176835 0.8726854521467402 0.8726854521467402 
20 45 1 0.8565598337082583 0.8726854521467402 0.8726854521467402 
21 29 1 0.8488298130694193 0.8726854521467402 0.8726854521467402 
22 16 0 0.8533587570765809 0.8726854521467402 0.8726854521467402 
23 36 0 0.8517633304546041 0.8726854521467402 0.8726854521467402 
24 29 0 0.8552048733622709 0.8726854521467402 0.8726854521467402 
25 51 1 0.8539235035784211 0.8726854521467402 0.8726854521467402 
26 19 0 0.8588301068584869 0.8726854521467402 0.8726854521467402 
27 31 0 0.8568646413943408 0.8726854521467402 0.8726854521467402 
28 9 1 0.8647964727387774 0.8726854521467402 0.8726854521467402 
29 30 1 0.8570855913484391 0.8726854521467402 0.8726854521467402 
0 1419 9 0.6049983304858562 0.7949838831162594 0.7949838831162594 
1 34 5 0.6426605135246022 0.8035464374626688 0.8035464374626688 
2 78 6 0.6734845927361692 0.8056219843038154 0.8056219843038154 
3 38 5 0.7020848538973007 0.872288650970482 0.872288650970482 
4 60 4 0.7326400775507145 0.872288650970482 0.872288650970482 
5 41 4 0.7462367393806669 0.872288650970482 0.872288650970482 
6 67 3 0.7605091093192508 0.872288650970482 0.872288650970482 
7 60 3 0.7637483228544204 0.872288650970482 0.872288650970482 
8 12 2 0.7809434941068442 0.872288650970482 0.872288650970482 
9 43 2 0.7986492227677933 0.921654609083572 0.921654609083572 
10 15 1 0.8084832303412729 0.872288650970482 0.921654609083572 
11 24 1 0.8141247647907242 0.872288650970482 0.921654609083572 
12 8 0 0.8382643314186322 0.921654609083572 0.921654609083572 
13 33 3 0.8301133167973427 0.921654609083572 0.921654609083572 
14 22 1 0.8413188814962728 0.921654609083572 0.921654609083572 
15 20 1 0.852350722935317 0.921654609083572 0.921654609083572 
16 22 1 0.8545780562766193 0.921654609083572 0.921654609083572 
17 14 1 0.8633442235812274 0.921654609083572 0.921654609083572 
18 31 1 0.8793257694931456 0.921654609083572 0.921654609083572 
19 26 0 0.8906578203103038 0.921654609083572 0.921654609083572 
20 27 1 0.9039077082151197 0.921654609083572 0.921654609083572 
21 55 0 0.8994175564832412 0.921654609083572 0.921654609083572 
22 31 0 0.9153960435149954 0.921654609083572 0.921654609083572 
23 19 0 0.9029765438248996 0.921654609083572 0.921654609083572 
24 27 0 0.905519011122005 0.921654609083572 0.921654609083572 
25 33 0 0.9030428565432578 0.921654609083572 0.921654609083572 
26 38 1 0.9074966101701787 0.921654609083572 0.921654609083572 
27 25 0 0.907685795760664 0.921654609083572 0.921654609083572 
28 16 0 0.9099877914188338 0.921654609083572 0.921654609083572 
29 29 0 0.903890304731394 0.921654609083572 0.921654609083572 
0 1607 9 0.6071129891586851 0.7814255763772904 0.7814255763772904 
1 46 5 0.6418602327479076 0.7901046307259245 0.7901046307259245 
2 31 4 0.6760533771083631 0.8020633466817775 0.8020633466817775 
3 24 3 0.7038272090121624 0.8421450268044028 0.8421450268044028 
4 56 3 0.7283204007141886 0.8131267072080133 0.8421450268044028 
5 27 3 0.7473812221879927 0.8131267072080133 0.8421450268044028 
6 46 2 0.758950441012966 0.8131267072080133 0.8421450268044028 
7 50 2 0.7708976286309611 0.8131267072080133 0.8421450268044028 
8 47 3 0.7795800198296133 0.8131267072080133 0.8421450268044028 
9 29 2 0.7849479718452923 0.8131267072080133 0.8421450268044028 
10 48 2 0.7932152818441682 0.8200326847766194 0.8421450268044028 
11 38 2 0.7981122332271071 0.8200326847766194 0.8421450268044028 
12 22 2 0.80101824731267 0.8200326847766194 0.8421450268044028 
13 30 4 0.8016293412395251 0.8200326847766194 0.8421450268044028 
14 73 1 0.7943650767170274 0.8200326847766194 0.8421450268044028 
15 36 2 0.8047931442827496 0.8241997982714512 0.8421450268044028 
16 28 1 0.8038887598510308 0.8200326847766194 0.8421450268044028 
17 38 2 0.8026445670540129 0.8200326847766194 0.8421450268044028 
18 44 1 0.8075452920357502 0.8200326847766194 0.8421450268044028 
19 14 2 0.8107871114911067 0.8200326847766194 0.8421450268044028 
20 38 2 0.8019176707890395 0.8200326847766194 0.8421450268044028 
21 22 2 0.8073791092398866 0.8527579633711821 0.8527579633711821 
22 52 2 0.8066382784580383 0.8526032331939681 0.8527579633711821 
23 51 1 0.8057342000236336 0.8526032331939681 0.8527579633711821 
24 33 1 0.81050017817498 0.8526032331939681 0.8527579633711821 
25 41 2 0.8034087409519285 0.8526032331939681 0.8527579633711821 
26 40 2 0.8079747549421127 0.8526032331939681 0.8527579633711821 
27 44 1 0.8143034954669917 0.8526032331939681 0.8527579633711821 
28 22 2 0.8179323064522864 0.921654609083572 0.921654609083572 
29 10 1 0.8211723950576122 0.921654609083572 0.921654609083572 
0 1974 13 0.6017573516069172 0.755184554029185 0.755184554029185 
1 49 6 0.6380823686038128 0.851846513061353 0.851846513061353 
2 41 5 0.6633874396095181 0.7616080579156302 0.851846513061353 
3 18 4 0.6892209464332427 0.777918215054854 0.851846513061353 
4 108 4 0.7055625061190702 0.7734685257461856 0.851846513061353 
5 102 3 0.7220340440780959 0.8025091979503263 0.851846513061353 
6 79 3 0.7342484031709948 0.8025091979503263 0.851846513061353 
7 14 4 0.7508436735688584 0.8025091979503263 0.851846513061353 
8 137 4 0.7507388598949939 0.8025091979503263 0.851846513061353 
9 37 3 0.7572981839433066 0.8025091979503263 0.851846513061353 
10 52 2 0.7575365792375998 0.820344416185861 0.851846513061353 
11 33 2 0.7576447891016475 0.804925183513114 0.851846513061353 
12 25 2 0.7645629330743832 0.820344416185861 0.851846513061353 
13 31 4 0.7709990393668914 0.8221814224980797 0.851846513061353 
14 25 2 0.7747720192457247 0.8271017226037424 0.851846513061353 
15 58 2 0.7824509581594252 0.8271017226037424 0.851846513061353 
16 20 2 0.7938773870773943 0.8271017226037424 0.851846513061353 
17 21 1 0.7968865275242899 0.8271017226037424 0.851846513061353 
18 38 1 0.8025252615748762 0.8271017226037424 0.851846513061353 
19 38 1 0.8078769033250004 0.8271017226037424 0.851846513061353 
20 57 1 0.809211120766845 0.8271017226037424 0.851846513061353 
21 35 1 0.8102181782791359 0.8271017226037424 0.851846513061353 
22 25 2 0.8094405909083426 0.8271017226037424 0.851846513061353 
23 39 1 0.8147731109418244 0.8271017226037424 0.851846513061353 
24 46 1 0.8149945165736603 0.8271017226037424 0.851846513061353 
25 36 1 0.8148589254404413 0.8271017226037424 0.851846513061353 
26 21 2 0.8138680825976636 0.8271017226037424 0.851846513061353 
27 49 1 0.8137017582686431 0.8271017226037424 0.851846513061353 
28 33 2 0.8161222242888162 0.8368690046731828 0.851846513061353 
29 35 1 0.815342449991226 0.8368690046731828 0.851846513061353 
0 1624 8 0.6049557737309205 0.75996236193661 0.75996236193661 
1 42 6 0.6339577780756591 0.7647599355113823 0.7647599355113823 
2 36 4 0.6616883406077142 0.8172870545800401 0.8172870545800401 
3 73 4 0.6896192219562729 0.8222994297570381 0.8222994297570381 
4 49 3 0.7195965982013984 0.8222994297570381 0.8222994297570381 
5 55 3 0.742845861208677 0.8393176192617255 0.8393176192617255 
6 33 2 0.7642914578619575 0.8527094806955056 0.8527094806955056 
7 45 2 0.7741478851066326 0.8527094806955056 0.8527094806955056 
8 39 2 0.7856395206749183 0.8527094806955056 0.8527094806955056 
9 58 2 0.7967442240969431 0.8527094806955056 0.8527094806955056 
10 58 1 0.812837792192721 0.8527094806955056 0.8527094806955056 
11 33 2 0.8295733181928991 0.8527094806955056 0.8527094806955056 
12 71 1 0.8284460044941011 0.8527094806955056 0.8527094806955056 
13 37 3 0.8319221172403963 0.8527094806955056 0.8527094806955056 
14 23 1 0.8351990009167335 0.8527094806955056 0.8527094806955056 
15 47 1 0.8341449151356276 0.8527094806955056 0.8527094806955056 
16 36 1 0.8363199357549709 0.8527094806955056 0.8527094806955056 
17 24 1 0.8346946900489527 0.8527094806955056 0.8527094806955056 
18 35 1 0.8393492686946358 0.8527094806955056 0.8527094806955056 
19 34 1 0.8400507292365826 0.8527094806955056 0.8527094806955056 
20 29 1 0.8373351336877576 0.8527094806955056 0.8527094806955056 
21 23 1 0.8388475103952316 0.8527094806955056 0.8527094806955056 
22 52 1 0.8373558804944475 0.8527094806955056 0.8527094806955056 
23 16 1 0.8436587021035337 0.8527094806955056 0.8527094806955056 
24 33 1 0.8372083705496416 0.8527094806955056 0.8527094806955056 
25 31 1 0.8301685576259277 0.8527094806955056 0.8527094806955056 
26 43 1 0.8330358951434262 0.8527094806955056 0.8527094806955056 
27 48 1 0.835167498134151 0.8527094806955056 0.8527094806955056 
28 19 1 0.8365014903960166 0.8527094806955056 0.8527094806955056 
29 38 1 0.8332594666829111 0.8527094806955056 0.8527094806955056 
0 1533 9 0.6122411944019193 0.7802040144891864 0.7802040144891864 
1 57 6 0.6477590930361985 0.8400101056441361 0.8400101056441361 
2 66 5 0.6796763228575589 0.851846513061353 0.851846513061353 
3 64 4 0.7044551708855612 0.851846513061353 0.851846513061353 
4 25 4 0.729059625884463 0.8421450268044028 0.851846513061353 
5 91 3 0.7514893890223608 0.8682843920934457 0.8682843920934457 
6 86 2 0.7619376351485669 0.8682843920934457 0.8682843920934457 
7 29 2 0.7858275822836189 0.8682843920934457 0.8682843920934457 
8 48 1 0.8004667786767514 0.8682843920934457 0.8682843920934457 
9 26 2 0.8130600949742347 0.8682843920934457 0.8682843920934457 
10 16 1 0.8256503973203021 0.8682843920934457 0.8682843920934457 
11 20 1 0.838243465180534 0.8682843920934457 0.8682843920934457 
12 24 1 0.8405086855433263 0.8778067893260506 0.8778067893260506 
13 29 3 0.8490802576723705 0.8778067893260506 0.8778067893260506 
14 29 1 0.8508703199254539 0.8682843920934457 0.8778067893260506 
15 13 1 0.854790198595459 0.8682843920934457 0.8778067893260506 
16 63 1 0.8545863093473501 0.8682843920934457 0.8778067893260506 
17 46 1 0.8589069885434119 0.8682843920934457 0.8778067893260506 
18 28 1 0.8560809335042967 0.8682843920934457 0.8778067893260506 
19 34 1 0.8556651675048355 0.8682843920934457 0.8778067893260506 
20 13 1 0.8576448107496529 0.8682843920934457 0.8778067893260506 
21 33 1 0.8572513387233378 0.8682843920934457 0.8778067893260506 
22 47 0 0.8564305191667401 0.8682843920934457 0.8778067893260506 
23 28 0 0.8560577812375813 0.8682843920934457 0.8778067893260506 
24 22 1 0.8567002340743218 0.8682843920934457 0.8778067893260506 
25 78 1 0.8500670394320415 0.8682843920934457 0.8778067893260506 
26 35 1 0.8508809446874291 0.8682843920934457 0.8778067893260506 
27 28 1 0.856190139438012 0.8682843920934457 0.8778067893260506 
28 19 1 0.8624587096417383 0.8682843920934457 0.8778067893260506 
29 24 0 0.8570187456036689 0.8682843920934457 0.8778067893260506 
