0 246 2 0.6680850768148945 0.8371390054256871 0.8371390054256871 
1 34 1 0.6848908799134851 0.8371390054256871 0.8371390054256871 
2 20 1 0.6919141830340411 0.8371390054256871 0.8371390054256871 
3 40 1 0.6818852103455949 0.8371390054256871 0.8371390054256871 
4 30 1 0.6873613143996542 0.8371390054256871 0.8371390054256871 
5 37 1 0.682558059077261 0.8371390054256871 0.8371390054256871 
6 8 1 0.6991376588542779 0.8371390054256871 0.8371390054256871 
7 12 1 0.7152979641399528 0.8407720512515939 0.8407720512515939 
8 23 1 0.6797169100787148 0.8407720512515939 0.8407720512515939 
9 28 1 0.6600064437597132 0.8407720512515939 0.8407720512515939 
10 22 1 0.6777602745312723 0.8407720512515939 0.8407720512515939 
11 27 1 0.6788261731616396 0.8407720512515939 0.8407720512515939 
12 44 2 0.710470031176511 0.8407720512515939 0.8407720512515939 
13 44 0 0.7078888458765742 0.8407720512515939 0.8407720512515939 
14 53 1 0.6908285549043383 0.8407720512515939 0.8407720512515939 
15 53 1 0.6815259360093237 0.8407720512515939 0.8407720512515939 
16 29 0 0.7106419963998453 0.8407720512515939 0.8407720512515939 
17 60 1 0.7294347345971579 0.8407720512515939 0.8407720512515939 
18 29 1 0.7523663986798672 0.8407720512515939 0.8407720512515939 
19 15 1 0.7162875609033768 0.8407720512515939 0.8407720512515939 
20 43 0 0.6976235446775116 0.8407720512515939 0.8407720512515939 
21 23 1 0.6904125036400218 0.8407720512515939 0.8407720512515939 
22 41 1 0.6909323187429541 0.8407720512515939 0.8407720512515939 
23 22 0 0.7061740542520363 0.8407720512515939 0.8407720512515939 
24 26 1 0.7091558533140331 0.8407720512515939 0.8407720512515939 
25 36 1 0.6961683824861497 0.8407720512515939 0.8407720512515939 
26 12 1 0.6981111986091009 0.8407720512515939 0.8407720512515939 
27 57 1 0.6887100071758505 0.8407720512515939 0.8407720512515939 
28 15 0 0.6950408243007451 0.8407720512515939 0.8407720512515939 
29 21 1 0.7140655826314416 0.8407720512515939 0.8407720512515939 
0 210 3 0.6693689227705414 0.8371390054256871 0.8371390054256871 
1 25 1 0.6840676308220296 0.8371390054256871 0.8371390054256871 
2 40 0 0.7086437262710842 0.8449871858868299 0.8449871858868299 
3 69 0 0.715149577212635 0.8371390054256871 0.8449871858868299 
4 19 0 0.7133875837489014 0.8371390054256871 0.8449871858868299 
5 15 1 0.7186707342442341 0.8407720512515939 0.8449871858868299 
6 11 2 0.723953948107028 0.8407720512515939 0.8449871858868299 
7 36 2 0.7209331710793027 0.8626989787490755 0.8626989787490755 
8 104 1 0.7276069661221696 0.8407720512515939 0.8626989787490755 
9 72 1 0.704339064623408 0.8407720512515939 0.8626989787490755 
10 81 1 0.6771883410905385 0.8407720512515939 0.8626989787490755 
11 28 1 0.6933031461943707 0.8407720512515939 0.8626989787490755 
12 58 2 0.7116069744217087 0.8407720512515939 0.8626989787490755 
13 24 1 0.710635569868592 0.8407720512515939 0.8626989787490755 
14 16 0 0.6905567109919033 0.8407720512515939 0.8626989787490755 
15 35 1 0.690867189422498 0.8407720512515939 0.8626989787490755 
16 38 1 0.651324716579216 0.8407720512515939 0.8626989787490755 
17 23 1 0.6619146927211329 0.8407720512515939 0.8626989787490755 
18 36 1 0.6664275748400605 0.8407720512515939 0.8626989787490755 
19 31 1 0.6495250777547902 0.8407720512515939 0.8626989787490755 
20 117 1 0.6566960145293429 0.8407720512515939 0.8626989787490755 
21 57 1 0.6715557594079015 0.8407720512515939 0.8626989787490755 
22 39 1 0.6892262547379745 0.8407720512515939 0.8626989787490755 
23 48 1 0.7032809102048244 0.8407720512515939 0.8626989787490755 
24 17 1 0.712305531155835 0.8407720512515939 0.8626989787490755 
25 34 0 0.7282460264904715 0.8407720512515939 0.8626989787490755 
26 45 1 0.7262509438481282 0.8407720512515939 0.8626989787490755 
27 32 1 0.7621952238204669 0.8407720512515939 0.8626989787490755 
28 21 1 0.7654007231005469 0.8407720512515939 0.8626989787490755 
29 13 1 0.7489078908830682 0.8407720512515939 0.8626989787490755 
0 193 3 0.6753364566284202 0.8371390054256871 0.8371390054256871 
1 55 1 0.682321178603922 0.8407720512515939 0.8407720512515939 
2 30 1 0.6947764127639537 0.8407720512515939 0.8407720512515939 
3 50 1 0.7041024644731416 0.8407720512515939 0.8407720512515939 
4 48 1 0.7134454800392389 0.8407720512515939 0.8407720512515939 
5 153 1 0.7401897605784444 0.8407720512515939 0.8407720512515939 
6 52 2 0.7180943483516511 0.8407720512515939 0.8407720512515939 
7 21 1 0.6811029624683917 0.8407720512515939 0.8407720512515939 
8 61 1 0.7167106345277127 0.8407720512515939 0.8407720512515939 
9 45 1 0.7323419904555777 0.8407720512515939 0.8407720512515939 
10 61 1 0.7250942319264544 0.8407720512515939 0.8407720512515939 
11 4 0 0.7269132785733153 0.8407720512515939 0.8407720512515939 
12 16 3 0.722974930029214 0.8407720512515939 0.8407720512515939 
13 19 0 0.7427047969753577 0.8407720512515939 0.8407720512515939 
14 20 0 0.7265886287964619 0.8407720512515939 0.8407720512515939 
15 33 0 0.732847210775659 0.8407720512515939 0.8407720512515939 
16 77 1 0.7425309904026223 0.8407720512515939 0.8407720512515939 
17 20 1 0.74499908885167 0.8407720512515939 0.8407720512515939 
18 32 1 0.7506069642644309 0.8407720512515939 0.8407720512515939 
19 38 1 0.7264340492260959 0.8407720512515939 0.8407720512515939 
20 15 1 0.7122370822029446 0.8407720512515939 0.8407720512515939 
21 47 1 0.7368679172256165 0.8407720512515939 0.8407720512515939 
22 12 1 0.7354060323303728 0.8407720512515939 0.8407720512515939 
23 69 1 0.7405899942843236 0.8407720512515939 0.8407720512515939 
24 14 1 0.7439854837887467 0.8407720512515939 0.8407720512515939 
25 24 0 0.7123808507918014 0.8407720512515939 0.8407720512515939 
26 32 1 0.7013942339383513 0.8407720512515939 0.8407720512515939 
27 30 0 0.7138270458034558 0.8407720512515939 0.8407720512515939 
28 75 1 0.7470383180644293 0.8407720512515939 0.8407720512515939 
29 57 1 0.7453130938600065 0.8407720512515939 0.8407720512515939 
0 208 3 0.6725324409418303 0.8067982459891067 0.8067982459891067 
1 49 1 0.6884067858300992 0.8371390054256871 0.8371390054256871 
2 23 1 0.6961641203973453 0.8407720512515939 0.8407720512515939 
3 17 1 0.7134523642469595 0.8371390054256871 0.8407720512515939 
4 34 1 0.7048073476983296 0.8407720512515939 0.8407720512515939 
5 67 1 0.693169342807888 0.8407720512515939 0.8407720512515939 
6 49 1 0.6905172210186125 0.8407720512515939 0.8407720512515939 
7 20 2 0.6985911855005404 0.8407720512515939 0.8407720512515939 
8 37 1 0.6941095961308109 0.8407720512515939 0.8407720512515939 
9 61 2 0.6875162431711166 0.8407720512515939 0.8407720512515939 
10 44 1 0.6704514960776905 0.8233617754187306 0.8407720512515939 
11 32 0 0.6852833680518476 0.8407720512515939 0.8407720512515939 
12 57 3 0.6885663889065674 0.8407720512515939 0.8407720512515939 
13 38 0 0.6850707772473881 0.8407720512515939 0.8407720512515939 
14 52 1 0.685025420324217 0.8407720512515939 0.8407720512515939 
15 50 0 0.6690459336824652 0.8407720512515939 0.8407720512515939 
16 31 1 0.6581940851594781 0.8407720512515939 0.8407720512515939 
17 27 1 0.6661334222971473 0.8407720512515939 0.8407720512515939 
18 25 1 0.6695696030401632 0.8407720512515939 0.8407720512515939 
19 18 1 0.6814111874895252 0.8407720512515939 0.8407720512515939 
20 32 1 0.6729471720175291 0.8407720512515939 0.8407720512515939 
21 43 0 0.6695144784648275 0.8407720512515939 0.8407720512515939 
22 32 1 0.6618284456135103 0.8197585564116324 0.8407720512515939 
23 38 0 0.681341736322096 0.8407720512515939 0.8407720512515939 
24 53 1 0.6947937979491983 0.8407720512515939 0.8407720512515939 
25 35 1 0.6912706958601214 0.8407720512515939 0.8407720512515939 
26 13 1 0.6831623559219926 0.8407720512515939 0.8407720512515939 
27 20 1 0.6723363054287657 0.8407720512515939 0.8407720512515939 
28 11 1 0.6841420351655308 0.8197585564116324 0.8407720512515939 
29 78 1 0.6872670223221058 0.8407720512515939 0.8407720512515939 
0 236 3 0.6703641629199102 0.8078406727748083 0.8078406727748083 
1 46 1 0.6876569472257847 0.8371390054256871 0.8371390054256871 
2 23 1 0.7065605244567681 0.8371390054256871 0.8371390054256871 
3 182 1 0.704590182171232 0.8407720512515939 0.8407720512515939 
4 25 1 0.7160304797381626 0.8407720512515939 0.8407720512515939 
5 30 2 0.7171695713745814 0.8407720512515939 0.8407720512515939 
6 138 1 0.7202937429154821 0.8407720512515939 0.8407720512515939 
7 16 2 0.6816986631659241 0.8407720512515939 0.8407720512515939 
8 53 2 0.6954601100823052 0.8407720512515939 0.8407720512515939 
9 19 2 0.7152661989428931 0.8407720512515939 0.8407720512515939 
10 44 1 0.6852797824208128 0.8407720512515939 0.8407720512515939 
11 4 1 0.6436638820229357 0.8407720512515939 0.8407720512515939 
12 40 4 0.6505065350154653 0.8407720512515939 0.8407720512515939 
13 46 1 0.6424314140408509 0.8407720512515939 0.8407720512515939 
14 97 2 0.63574191747884 0.8407720512515939 0.8407720512515939 
15 24 1 0.6460609871719165 0.8407720512515939 0.8407720512515939 
16 36 1 0.6688682709889194 0.8407720512515939 0.8407720512515939 
17 53 1 0.6831067924268173 0.8407720512515939 0.8407720512515939 
18 49 1 0.7035451526294367 0.8407720512515939 0.8407720512515939 
19 51 1 0.7433697658622731 0.8407720512515939 0.8407720512515939 
20 29 1 0.7442282946016351 0.8407720512515939 0.8407720512515939 
21 36 1 0.7762740617734367 0.8407720512515939 0.8407720512515939 
22 12 1 0.758516854209272 0.8407720512515939 0.8407720512515939 
23 36 1 0.7408687562485184 0.8407720512515939 0.8407720512515939 
24 25 1 0.7389103993609067 0.8407720512515939 0.8407720512515939 
25 79 0 0.7074221383307386 0.8407720512515939 0.8407720512515939 
26 119 1 0.6945824604713507 0.8407720512515939 0.8407720512515939 
27 44 0 0.7078574119869491 0.8407720512515939 0.8407720512515939 
28 35 1 0.7343438791119019 0.8407720512515939 0.8407720512515939 
29 36 1 0.7523218642411997 0.8407720512515939 0.8407720512515939 
0 234 3 0.6779579396176788 0.8371390054256871 0.8371390054256871 
1 93 2 0.6936304435486051 0.8407720512515939 0.8407720512515939 
2 77 1 0.6994280530637482 0.8371390054256871 0.8407720512515939 
3 67 1 0.714526756498236 0.8371390054256871 0.8407720512515939 
4 14 1 0.7221866511480832 0.8371390054256871 0.8407720512515939 
5 19 1 0.736099535631221 0.8371390054256871 0.8407720512515939 
6 127 1 0.7091712791456867 0.8407720512515939 0.8407720512515939 
7 53 1 0.7072180556551884 0.8407720512515939 0.8407720512515939 
8 35 1 0.6371775497203552 0.8197585564116324 0.8407720512515939 
9 37 1 0.6445411441737937 0.8197585564116324 0.8407720512515939 
10 65 1 0.6936584670020486 0.8407720512515939 0.8407720512515939 
11 17 1 0.7255985115838741 0.8407720512515939 0.8407720512515939 
12 96 4 0.7230942487586105 0.8407720512515939 0.8407720512515939 
13 26 1 0.7130807291069243 0.8407720512515939 0.8407720512515939 
14 21 1 0.7059601845006607 0.8407720512515939 0.8407720512515939 
15 46 2 0.7232493418885904 0.8407720512515939 0.8407720512515939 
16 33 1 0.7327355508777194 0.8407720512515939 0.8407720512515939 
17 11 1 0.7115761942025651 0.8407720512515939 0.8407720512515939 
18 32 1 0.7276979389448079 0.8407720512515939 0.8407720512515939 
19 31 1 0.7328541467028302 0.8407720512515939 0.8407720512515939 
20 42 1 0.7184807296188827 0.8407720512515939 0.8407720512515939 
21 11 1 0.7204553735557436 0.8407720512515939 0.8407720512515939 
22 29 1 0.7225724596519645 0.8407720512515939 0.8407720512515939 
23 93 2 0.6530039258022281 0.8407720512515939 0.8407720512515939 
24 32 1 0.6690243124317015 0.8407720512515939 0.8407720512515939 
25 52 1 0.7019240120556485 0.8407720512515939 0.8407720512515939 
26 83 1 0.7246569626970316 0.8407720512515939 0.8407720512515939 
27 54 0 0.7551532002809885 0.8407720512515939 0.8407720512515939 
28 54 0 0.7806252358072489 0.8407720512515939 0.8407720512515939 
29 115 0 0.7476725488668845 0.8407720512515939 0.8407720512515939 
0 204 3 0.6665639970498181 0.8371390054256871 0.8371390054256871 
1 14 1 0.682485936318535 0.8219630376694068 0.8371390054256871 
2 25 1 0.7018578773641557 0.8197585564116324 0.8371390054256871 
3 57 1 0.7004266035986351 0.8088723932177613 0.8371390054256871 
4 48 2 0.7233165784107181 0.8407720512515939 0.8407720512515939 
5 32 2 0.7191250334158933 0.8407720512515939 0.8407720512515939 
6 78 1 0.7115188680178502 0.8407720512515939 0.8407720512515939 
7 43 1 0.7039785849087232 0.8407720512515939 0.8407720512515939 
8 44 1 0.7011653327902349 0.8407720512515939 0.8407720512515939 
9 110 1 0.6907948910915925 0.8407720512515939 0.8407720512515939 
10 30 2 0.6991718378610082 0.8407720512515939 0.8407720512515939 
11 26 2 0.6957093671822407 0.8407720512515939 0.8407720512515939 
12 20 3 0.6987818233321947 0.8407720512515939 0.8407720512515939 
13 31 1 0.7361558870359781 0.8407720512515939 0.8407720512515939 
14 11 1 0.7144546805589271 0.8407720512515939 0.8407720512515939 
15 30 0 0.7082557638429303 0.8407720512515939 0.8407720512515939 
16 70 1 0.7041303523284536 0.8407720512515939 0.8407720512515939 
17 17 1 0.7206071351149376 0.8407720512515939 0.8407720512515939 
18 43 1 0.7180293769984649 0.8407720512515939 0.8407720512515939 
19 19 1 0.7212407931449989 0.8407720512515939 0.8407720512515939 
20 20 1 0.71803580085498 0.8407720512515939 0.8407720512515939 
21 49 0 0.7250510882136106 0.8407720512515939 0.8407720512515939 
22 14 1 0.7435007080561246 0.8407720512515939 0.8407720512515939 
23 31 0 0.7437738394585505 0.8407720512515939 0.8407720512515939 
24 29 1 0.7561401702832051 0.8407720512515939 0.8407720512515939 
25 57 1 0.7451958502347125 0.8407720512515939 0.8407720512515939 
26 17 0 0.733007094511966 0.8407720512515939 0.8407720512515939 
27 42 1 0.7139512063982079 0.8197585564116324 0.8407720512515939 
28 18 1 0.7043359016779349 0.8197585564116324 0.8407720512515939 
29 16 0 0.7059216371542005 0.8197585564116324 0.8407720512515939 
0 240 3 0.6707488866684013 0.8371390054256871 0.8371390054256871 
1 20 1 0.7024204214051657 0.8407720512515939 0.8407720512515939 
2 21 1 0.7278180652058253 0.8407720512515939 0.8407720512515939 
3 14 1 0.7560019820895834 0.8407720512515939 0.8407720512515939 
4 84 1 0.7773685386168497 0.8407720512515939 0.8407720512515939 
5 58 1 0.7595573571375814 0.8407720512515939 0.8407720512515939 
6 42 1 0.741265077053404 0.8407720512515939 0.8407720512515939 
7 48 1 0.7513663860152691 0.8407720512515939 0.8407720512515939 
8 9 2 0.7368201085525027 0.8407720512515939 0.8407720512515939 
9 76 1 0.7283474886092631 0.8407720512515939 0.8407720512515939 
10 47 2 0.7155565219616825 0.8407720512515939 0.8407720512515939 
11 14 2 0.7445298716485544 0.8407720512515939 0.8407720512515939 
12 37 3 0.7416336480760536 0.8407720512515939 0.8407720512515939 
13 100 1 0.7448626245167731 0.8407720512515939 0.8407720512515939 
14 10 1 0.7614805286457781 0.8407720512515939 0.8407720512515939 
15 55 1 0.7752222092472443 0.8407720512515939 0.8407720512515939 
16 36 1 0.7444955600076022 0.8407720512515939 0.8407720512515939 
17 55 1 0.7373408801974342 0.8407720512515939 0.8407720512515939 
18 18 1 0.72430362771355 0.8407720512515939 0.8407720512515939 
19 29 1 0.7319934149522915 0.8407720512515939 0.8407720512515939 
20 29 1 0.7345651073947035 0.8407720512515939 0.8407720512515939 
21 46 1 0.7315159810364529 0.8407720512515939 0.8407720512515939 
22 16 1 0.7136050675972955 0.8407720512515939 0.8407720512515939 
23 9 0 0.7367201339617395 0.8407720512515939 0.8407720512515939 
24 38 1 0.7491154856662837 0.8407720512515939 0.8407720512515939 
25 25 1 0.7174296532530242 0.8407720512515939 0.8407720512515939 
26 18 0 0.724692740943906 0.8407720512515939 0.8407720512515939 
27 56 1 0.7058515393551156 0.8407720512515939 0.8407720512515939 
28 31 1 0.7095540341588736 0.8407720512515939 0.8407720512515939 
29 12 0 0.7022702473510055 0.8407720512515939 0.8407720512515939 
0 246 3 0.6752423163778455 0.8371390054256871 0.8371390054256871 
1 52 2 0.6918304960638356 0.8371390054256871 0.8371390054256871 
2 53 1 0.7037584215374101 0.8407720512515939 0.8407720512515939 
3 14 1 0.716621103605532 0.8407720512515939 0.8407720512515939 
4 13 1 0.7331908666098009 0.8407720512515939 0.8407720512515939 
5 42 1 0.7121186013605615 0.8407720512515939 0.8407720512515939 
6 29 2 0.661169854963971 0.8095602018081818 0.8407720512515939 
7 42 2 0.6106869435266167 0.8371390054256871 0.8407720512515939 
8 16 2 0.6226581683301959 0.8034045081524313 0.8407720512515939 
9 46 2 0.6348870868865685 0.8407720512515939 0.8407720512515939 
10 40 2 0.655549634489576 0.8407720512515939 0.8407720512515939 
11 7 2 0.6784807922384755 0.8407720512515939 0.8407720512515939 
12 26 3 0.6779165122239837 0.8407720512515939 0.8407720512515939 
13 68 1 0.6913089948003893 0.8407720512515939 0.8407720512515939 
14 33 1 0.6883952923095683 0.8197585564116324 0.8407720512515939 
15 37 1 0.6867343555860596 0.8197585564116324 0.8407720512515939 
16 60 1 0.6796873532267602 0.8407720512515939 0.8407720512515939 
17 28 1 0.6664896825136626 0.8407720512515939 0.8407720512515939 
18 22 1 0.6522196664478228 0.8407720512515939 0.8407720512515939 
19 23 0 0.6651258645214458 0.8407720512515939 0.8407720512515939 
20 30 0 0.6914240044354736 0.8407720512515939 0.8407720512515939 
21 68 1 0.7076655695003686 0.8407720512515939 0.8407720512515939 
22 70 1 0.6914834477660006 0.8407720512515939 0.8407720512515939 
23 58 0 0.7228783737682981 0.8407720512515939 0.8407720512515939 
24 13 0 0.7398410777728094 0.8407720512515939 0.8407720512515939 
25 10 1 0.7167527531085739 0.8407720512515939 0.8407720512515939 
26 26 0 0.7148792110450466 0.8407720512515939 0.8407720512515939 
27 65 0 0.7303126989591264 0.8407720512515939 0.8407720512515939 
28 15 1 0.7109770145508029 0.8407720512515939 0.8407720512515939 
29 20 0 0.7098079419811077 0.8407720512515939 0.8407720512515939 
0 246 3 0.669370910374373 0.8371390054256871 0.8371390054256871 
1 50 1 0.6813714997193165 0.8371390054256871 0.8371390054256871 
2 14 1 0.6876262977771378 0.8197585564116324 0.8371390054256871 
3 71 1 0.7032070776518711 0.8407720512515939 0.8407720512515939 
4 28 1 0.7178193346086098 0.8407720512515939 0.8407720512515939 
5 79 1 0.7045457121061034 0.8407720512515939 0.8407720512515939 
6 43 1 0.7105792074269257 0.8197585564116324 0.8407720512515939 
7 23 1 0.7220718546889738 0.8407720512515939 0.8407720512515939 
8 62 2 0.699143386555408 0.8407720512515939 0.8407720512515939 
9 9 1 0.6788035781316314 0.8407720512515939 0.8407720512515939 
10 48 2 0.6718199984128713 0.8407720512515939 0.8407720512515939 
11 31 1 0.6903499396992612 0.8407720512515939 0.8407720512515939 
12 26 3 0.7128915480140995 0.8407720512515939 0.8407720512515939 
13 59 1 0.7081590143325738 0.8407720512515939 0.8407720512515939 
14 22 1 0.6918846816336233 0.8407720512515939 0.8407720512515939 
15 32 1 0.6996922095902203 0.8407720512515939 0.8407720512515939 
16 29 1 0.708196877990221 0.8407720512515939 0.8407720512515939 
17 32 1 0.7146762845023659 0.8407720512515939 0.8407720512515939 
18 31 1 0.7232933178999729 0.8407720512515939 0.8407720512515939 
19 81 1 0.7236433098392765 0.8233617754187306 0.8407720512515939 
20 23 1 0.7340612997648663 0.8407720512515939 0.8407720512515939 
21 32 1 0.7214172708261611 0.8407720512515939 0.8407720512515939 
22 24 1 0.6974891103745792 0.8407720512515939 0.8407720512515939 
23 20 1 0.6851394257577249 0.8407720512515939 0.8407720512515939 
24 20 1 0.6943018457393322 0.8407720512515939 0.8407720512515939 
25 19 1 0.6931259201581103 0.8407720512515939 0.8407720512515939 
26 42 1 0.6747009539562414 0.8407720512515939 0.8407720512515939 
27 46 1 0.681687192871849 0.8407720512515939 0.8407720512515939 
28 22 2 0.6783304451293125 0.8407720512515939 0.8407720512515939 
29 11 2 0.6578186314216998 0.8407720512515939 0.8407720512515939 
0 246 3 0.6690099436674845 0.8371390054256871 0.8371390054256871 
1 38 1 0.6832828080002513 0.8371390054256871 0.8371390054256871 
2 14 1 0.6818120155766497 0.8371390054256871 0.8371390054256871 
3 45 1 0.6872417218278899 0.8407720512515939 0.8407720512515939 
4 18 2 0.6960093170274816 0.8407720512515939 0.8407720512515939 
5 35 1 0.7189803476775224 0.8407720512515939 0.8407720512515939 
6 38 1 0.7251257796609292 0.8407720512515939 0.8407720512515939 
7 42 1 0.6926880722661547 0.8407720512515939 0.8407720512515939 
8 57 1 0.6929621340628068 0.8407720512515939 0.8407720512515939 
9 36 1 0.7222393347569901 0.8407720512515939 0.8407720512515939 
10 50 1 0.7367592123043251 0.8407720512515939 0.8407720512515939 
11 33 0 0.7402400748530069 0.8407720512515939 0.8407720512515939 
12 46 3 0.7519448412394126 0.8407720512515939 0.8407720512515939 
13 21 1 0.7208539895297049 0.8407720512515939 0.8407720512515939 
14 20 1 0.7207526382679963 0.8407720512515939 0.8407720512515939 
15 27 1 0.7319318433601562 0.8407720512515939 0.8407720512515939 
16 47 1 0.7405797602473401 0.8407720512515939 0.8407720512515939 
17 71 0 0.7291603369603749 0.8407720512515939 0.8407720512515939 
18 32 0 0.728575379830116 0.8407720512515939 0.8407720512515939 
19 32 1 0.7406361007795101 0.8407720512515939 0.8407720512515939 
20 59 1 0.7537118391516857 0.8407720512515939 0.8407720512515939 
21 25 1 0.7283532078597267 0.8407720512515939 0.8407720512515939 
22 7 1 0.7244232905220219 0.8407720512515939 0.8407720512515939 
23 29 1 0.7123123228098386 0.8407720512515939 0.8407720512515939 
24 29 0 0.6771608644148823 0.8407720512515939 0.8407720512515939 
25 15 0 0.6725026779419805 0.8407720512515939 0.8407720512515939 
26 14 0 0.6764773919907867 0.8407720512515939 0.8407720512515939 
27 11 1 0.6874369871662748 0.8407720512515939 0.8407720512515939 
28 31 1 0.6878253568718924 0.8407720512515939 0.8407720512515939 
29 40 0 0.6844606674143896 0.8407720512515939 0.8407720512515939 
0 210 2 0.6703301755158955 0.8371390054256871 0.8371390054256871 
1 45 2 0.6986993851386291 0.8371390054256871 0.8371390054256871 
2 29 1 0.7169832819114741 0.8407720512515939 0.8407720512515939 
3 7 1 0.7351018918221937 0.8407720512515939 0.8407720512515939 
4 8 1 0.7472823245682788 0.8407720512515939 0.8407720512515939 
5 28 1 0.7316964982305386 0.8371390054256871 0.8407720512515939 
6 21 2 0.7044884205499656 0.8371390054256871 0.8407720512515939 
7 7 2 0.6810817857420828 0.8465982729572128 0.8465982729572128 
8 14 1 0.666403782643732 0.8371390054256871 0.8465982729572128 
9 78 2 0.6310027018053129 0.8407720512515939 0.8465982729572128 
10 46 1 0.6227944940312573 0.8407720512515939 0.8465982729572128 
11 23 1 0.6237760518787148 0.8407720512515939 0.8465982729572128 
12 91 3 0.6615973725385732 0.8407720512515939 0.8465982729572128 
13 32 1 0.6677305040558429 0.8407720512515939 0.8465982729572128 
14 13 1 0.6844047955250855 0.8407720512515939 0.8465982729572128 
15 61 1 0.7087283186595187 0.8407720512515939 0.8465982729572128 
16 32 1 0.7139347039968611 0.8407720512515939 0.8465982729572128 
17 45 1 0.7150197504368927 0.8197585564116324 0.8465982729572128 
18 38 1 0.7253027411117887 0.8197585564116324 0.8465982729572128 
19 30 1 0.7400217598919884 0.8407720512515939 0.8465982729572128 
20 62 1 0.7355758767851137 0.8407720512515939 0.8465982729572128 
21 50 0 0.722991390101551 0.8407720512515939 0.8465982729572128 
22 64 1 0.7197968578431528 0.8407720512515939 0.8465982729572128 
23 21 1 0.7243690978759943 0.8407720512515939 0.8465982729572128 
24 31 1 0.7221537301365126 0.8407720512515939 0.8465982729572128 
25 23 1 0.7157121108284286 0.8407720512515939 0.8465982729572128 
26 28 1 0.6849638130662216 0.8407720512515939 0.8465982729572128 
27 73 1 0.6890949279809224 0.8407720512515939 0.8465982729572128 
28 59 1 0.720507427362949 0.8407720512515939 0.8465982729572128 
29 42 0 0.7418570494694863 0.8407720512515939 0.8465982729572128 
0 229 3 0.6710182063621698 0.8078406727748083 0.8078406727748083 
1 41 1 0.6866504378604859 0.8031235299101198 0.8078406727748083 
2 85 1 0.6962562092538361 0.8031235299101198 0.8078406727748083 
3 15 1 0.6954152140839339 0.8167819906727786 0.8167819906727786 
4 86 2 0.7030077700967007 0.8198091191356826 0.8198091191356826 
5 39 2 0.7240297506719154 0.8407720512515939 0.8407720512515939 
6 16 2 0.718731787111282 0.8407720512515939 0.8407720512515939 
7 31 2 0.7256070111186994 0.8407720512515939 0.8407720512515939 
8 52 1 0.7155503846212793 0.8407720512515939 0.8407720512515939 
9 21 1 0.7151781504567865 0.8407720512515939 0.8407720512515939 
10 16 1 0.7223869984943946 0.8407720512515939 0.8407720512515939 
11 27 1 0.699059164704479 0.8407720512515939 0.8407720512515939 
12 29 3 0.6929515724156309 0.8407720512515939 0.8407720512515939 
13 26 1 0.7127417635058024 0.8407720512515939 0.8407720512515939 
14 38 1 0.7451396390450564 0.8407720512515939 0.8407720512515939 
15 12 1 0.7560161402311758 0.8407720512515939 0.8407720512515939 
16 19 1 0.7196835979357366 0.8407720512515939 0.8407720512515939 
17 49 1 0.7285750893695281 0.8407720512515939 0.8407720512515939 
18 36 1 0.7354127294149062 0.8407720512515939 0.8407720512515939 
19 32 1 0.7427759027314679 0.8407720512515939 0.8407720512515939 
20 25 1 0.7200035925428981 0.8407720512515939 0.8407720512515939 
21 14 1 0.7263118301294594 0.8407720512515939 0.8407720512515939 
22 35 0 0.7310430956557583 0.8407720512515939 0.8407720512515939 
23 21 1 0.6739386950105505 0.8407720512515939 0.8407720512515939 
24 28 0 0.6827747884642076 0.8407720512515939 0.8407720512515939 
25 36 1 0.6805209847583478 0.8407720512515939 0.8407720512515939 
26 22 0 0.6895543889119027 0.8407720512515939 0.8407720512515939 
27 29 1 0.7096704426341838 0.8407720512515939 0.8407720512515939 
28 18 1 0.7166224245173499 0.8407720512515939 0.8407720512515939 
29 38 1 0.7301509561456971 0.8407720512515939 0.8407720512515939 
0 241 3 0.6709212804482229 0.8268357392765875 0.8268357392765875 
1 24 2 0.6937679680349369 0.8268357392765875 0.8268357392765875 
2 23 1 0.708200976637107 0.8197585564116324 0.8268357392765875 
3 34 1 0.7101705806140295 0.8197585564116324 0.8268357392765875 
4 23 1 0.7238208902304497 0.8197585564116324 0.8268357392765875 
5 25 1 0.7225595229631567 0.8407720512515939 0.8407720512515939 
6 56 1 0.7141924024302145 0.8407720512515939 0.8407720512515939 
7 62 2 0.6944159583280265 0.8407720512515939 0.8407720512515939 
8 29 2 0.6849572239145892 0.8407720512515939 0.8407720512515939 
9 23 1 0.6874441014364296 0.8407720512515939 0.8407720512515939 
10 86 2 0.7050168667930516 0.8407720512515939 0.8407720512515939 
11 77 1 0.6991174144777221 0.8407720512515939 0.8407720512515939 
12 104 3 0.7104838384278067 0.8407720512515939 0.8407720512515939 
13 39 1 0.7140910712418256 0.8407720512515939 0.8407720512515939 
14 53 1 0.6987195254116182 0.8407720512515939 0.8407720512515939 
15 12 1 0.7035158120478324 0.8407720512515939 0.8407720512515939 
16 32 1 0.7201016127618785 0.8407720512515939 0.8407720512515939 
17 71 0 0.7240261831322193 0.8407720512515939 0.8407720512515939 
18 27 1 0.6968479407156772 0.8407720512515939 0.8407720512515939 
19 21 0 0.6941406911087711 0.8407720512515939 0.8407720512515939 
20 15 1 0.7045623428263235 0.8407720512515939 0.8407720512515939 
21 30 0 0.7256752807701733 0.8407720512515939 0.8407720512515939 
22 21 1 0.7305596208206496 0.8407720512515939 0.8407720512515939 
23 15 1 0.7364138272461769 0.8407720512515939 0.8407720512515939 
24 38 1 0.7388506155074864 0.8407720512515939 0.8407720512515939 
25 8 0 0.7341933640083567 0.8407720512515939 0.8407720512515939 
26 36 1 0.7167049480780718 0.8407720512515939 0.8407720512515939 
27 46 1 0.7149987806038642 0.8407720512515939 0.8407720512515939 
28 44 0 0.7333481082350609 0.8407720512515939 0.8407720512515939 
29 25 1 0.6983031230742999 0.8407720512515939 0.8407720512515939 
0 192 3 0.676597566109928 0.8371390054256871 0.8371390054256871 
1 58 1 0.6998390683065817 0.8371390054256871 0.8371390054256871 
2 14 1 0.7183401538627049 0.8371390054256871 0.8371390054256871 
3 20 0 0.7244990128290002 0.8407720512515939 0.8407720512515939 
4 12 0 0.7333392051154631 0.8407720512515939 0.8407720512515939 
5 46 1 0.7427530401070475 0.8407720512515939 0.8407720512515939 
6 15 1 0.7526168855423773 0.8407720512515939 0.8407720512515939 
7 16 1 0.7521441230184083 0.8407720512515939 0.8407720512515939 
8 15 1 0.7641835446348787 0.8407720512515939 0.8407720512515939 
9 123 1 0.7384857417058638 0.8407720512515939 0.8407720512515939 
10 149 1 0.6786615140019436 0.8407720512515939 0.8407720512515939 
11 22 1 0.7004666818079894 0.8407720512515939 0.8407720512515939 
12 36 3 0.6812592930004366 0.8197585564116324 0.8407720512515939 
13 44 1 0.6547845464697865 0.8407720512515939 0.8407720512515939 
14 37 1 0.6742291432141948 0.8407720512515939 0.8407720512515939 
15 13 1 0.6944778942546992 0.8407720512515939 0.8407720512515939 
16 31 1 0.7167427443708817 0.8407720512515939 0.8407720512515939 
17 53 1 0.716118594263123 0.8407720512515939 0.8407720512515939 
18 46 1 0.7061741349875078 0.8407720512515939 0.8407720512515939 
19 28 1 0.7211436869890762 0.8407720512515939 0.8407720512515939 
20 16 1 0.6957242802542107 0.8407720512515939 0.8407720512515939 
21 40 1 0.6642348471464311 0.8407720512515939 0.8407720512515939 
22 19 0 0.6828150917240743 0.8407720512515939 0.8407720512515939 
23 40 1 0.708321191786168 0.8407720512515939 0.8407720512515939 
24 146 1 0.706748161164434 0.8407720512515939 0.8407720512515939 
25 10 1 0.6731206998182241 0.8407720512515939 0.8407720512515939 
26 48 1 0.6634200459770742 0.8407720512515939 0.8407720512515939 
27 66 2 0.6532342678785392 0.8407720512515939 0.8407720512515939 
28 9 2 0.6490462164233783 0.8407720512515939 0.8407720512515939 
29 28 1 0.6675765852860397 0.8407720512515939 0.8407720512515939 
0 221 2 0.6742453995747425 0.8268357392765875 0.8268357392765875 
1 77 1 0.6980134849668257 0.8268357392765875 0.8268357392765875 
2 64 1 0.7132693079391492 0.8371390054256871 0.8371390054256871 
3 79 0 0.711775446345183 0.8371390054256871 0.8371390054256871 
4 32 1 0.7157905441483041 0.8371390054256871 0.8371390054256871 
5 26 1 0.7141472520954736 0.8407720512515939 0.8407720512515939 
6 24 1 0.7258458887771873 0.8407720512515939 0.8407720512515939 
7 97 1 0.7193609463078272 0.8407720512515939 0.8407720512515939 
8 46 1 0.7199246331042193 0.8407720512515939 0.8407720512515939 
9 48 1 0.7217669713681789 0.8407720512515939 0.8407720512515939 
10 27 1 0.7343732369658429 0.8407720512515939 0.8407720512515939 
11 25 1 0.7238878911341371 0.8407720512515939 0.8407720512515939 
12 30 2 0.7325926832904256 0.8407720512515939 0.8407720512515939 
13 31 1 0.7343026887444478 0.8407720512515939 0.8407720512515939 
14 11 1 0.7117491973657484 0.8407720512515939 0.8407720512515939 
15 38 1 0.6886699767377823 0.8407720512515939 0.8407720512515939 
16 37 0 0.6956726964644564 0.8407720512515939 0.8407720512515939 
17 45 1 0.7007889540153842 0.8407720512515939 0.8407720512515939 
18 76 1 0.7134604159473596 0.8407720512515939 0.8407720512515939 
19 28 1 0.7025185732943826 0.8407720512515939 0.8407720512515939 
20 23 1 0.6974882141391155 0.8407720512515939 0.8407720512515939 
21 39 1 0.7062139058681685 0.8407720512515939 0.8407720512515939 
22 7 1 0.6799228428948161 0.8407720512515939 0.8407720512515939 
23 27 1 0.6802040994452679 0.8407720512515939 0.8407720512515939 
24 114 1 0.6686261763810429 0.8407720512515939 0.8407720512515939 
25 42 0 0.7066080627354965 0.8407720512515939 0.8407720512515939 
26 36 1 0.7286214942703032 0.8407720512515939 0.8407720512515939 
27 27 1 0.6819768804778035 0.8407720512515939 0.8407720512515939 
28 53 1 0.7056808021504365 0.8407720512515939 0.8407720512515939 
29 35 1 0.6701269498714387 0.8407720512515939 0.8407720512515939 
0 263 3 0.6746549692078694 0.8245154858027547 0.8245154858027547 
1 77 2 0.6973749502847336 0.8407720512515939 0.8407720512515939 
2 18 1 0.7203415917407535 0.8407720512515939 0.8407720512515939 
3 10 1 0.7347918607506759 0.8407720512515939 0.8407720512515939 
4 44 1 0.7581887552657407 0.8407720512515939 0.8407720512515939 
5 60 1 0.7650328600708879 0.8407720512515939 0.8407720512515939 
6 22 1 0.7542193264243534 0.8407720512515939 0.8407720512515939 
7 27 2 0.7356391322893217 0.8407720512515939 0.8407720512515939 
8 43 1 0.729186319231512 0.8407720512515939 0.8407720512515939 
9 30 1 0.7369620368394201 0.8407720512515939 0.8407720512515939 
10 24 1 0.7630555490723542 0.8407720512515939 0.8407720512515939 
11 47 1 0.7146538097913537 0.8407720512515939 0.8407720512515939 
12 55 3 0.7173602181317689 0.8407720512515939 0.8407720512515939 
13 93 1 0.7254949000133059 0.8407720512515939 0.8407720512515939 
14 40 1 0.7082191263922081 0.8407720512515939 0.8407720512515939 
15 75 0 0.6819293770778362 0.8407720512515939 0.8407720512515939 
16 39 1 0.7043076425312061 0.8407720512515939 0.8407720512515939 
17 27 0 0.7446077263870449 0.8407720512515939 0.8407720512515939 
18 36 1 0.7488834753650786 0.8407720512515939 0.8407720512515939 
19 57 1 0.7150978715887364 0.8407720512515939 0.8407720512515939 
20 22 0 0.7149663937439799 0.8407720512515939 0.8407720512515939 
21 9 1 0.7319884430089079 0.8407720512515939 0.8407720512515939 
22 11 1 0.774025787189422 0.8407720512515939 0.8407720512515939 
23 47 0 0.7562983584467289 0.8407720512515939 0.8407720512515939 
24 15 1 0.7466849223019034 0.8407720512515939 0.8407720512515939 
25 21 1 0.7583442533697657 0.8407720512515939 0.8407720512515939 
26 56 0 0.7589044388837348 0.8407720512515939 0.8407720512515939 
27 17 1 0.7560918922274686 0.8407720512515939 0.8407720512515939 
28 36 1 0.7429015203136795 0.8407720512515939 0.8407720512515939 
29 32 0 0.7283573518550647 0.8407720512515939 0.8407720512515939 
0 254 3 0.6730346516527752 0.8078406727748083 0.8078406727748083 
1 30 1 0.6901695048302723 0.8371390054256871 0.8371390054256871 
2 72 1 0.7073949907277672 0.8371390054256871 0.8371390054256871 
3 54 1 0.6860727554961443 0.8407720512515939 0.8407720512515939 
4 37 1 0.6986783571010897 0.8371390054256871 0.8407720512515939 
5 27 1 0.7056559065770851 0.8407720512515939 0.8407720512515939 
6 21 1 0.7278685987811238 0.8407720512515939 0.8407720512515939 
7 38 1 0.6986643553595218 0.8407720512515939 0.8407720512515939 
8 38 1 0.6923380037860696 0.8407720512515939 0.8407720512515939 
9 49 1 0.7067598041908164 0.8407720512515939 0.8407720512515939 
10 34 1 0.7299136487035845 0.8407720512515939 0.8407720512515939 
11 40 0 0.7205526750353651 0.8407720512515939 0.8407720512515939 
12 16 3 0.7046838324324655 0.8407720512515939 0.8407720512515939 
13 42 1 0.6901001963658284 0.8407720512515939 0.8407720512515939 
14 46 1 0.6812339902899879 0.8407720512515939 0.8407720512515939 
15 8 0 0.7050805348364306 0.8407720512515939 0.8407720512515939 
16 29 1 0.7147928624956619 0.8407720512515939 0.8407720512515939 
17 32 0 0.7075830221130605 0.8407720512515939 0.8407720512515939 
18 30 0 0.6858512722637577 0.8407720512515939 0.8407720512515939 
19 22 0 0.7028764231764467 0.8407720512515939 0.8407720512515939 
20 43 0 0.6938975555393979 0.8407720512515939 0.8407720512515939 
21 49 1 0.7032698763633192 0.8407720512515939 0.8407720512515939 
22 21 1 0.7231673992002494 0.8407720512515939 0.8407720512515939 
23 108 0 0.6870301915946806 0.8407720512515939 0.8407720512515939 
24 51 1 0.6920752414559809 0.8407720512515939 0.8407720512515939 
25 55 0 0.7220755594572192 0.8407720512515939 0.8407720512515939 
26 26 1 0.730233564523964 0.8407720512515939 0.8407720512515939 
27 36 0 0.691012368104322 0.8407720512515939 0.8407720512515939 
28 54 0 0.6978143876635677 0.8407720512515939 0.8407720512515939 
29 12 0 0.7314096823535605 0.8407720512515939 0.8407720512515939 
0 215 3 0.6710177463539085 0.8371390054256871 0.8371390054256871 
1 26 2 0.6903309650654205 0.8140150600515997 0.8371390054256871 
2 21 1 0.7003963781298915 0.8371390054256871 0.8371390054256871 
3 23 1 0.706691710728381 0.8140150600515997 0.8371390054256871 
4 17 2 0.7159405788504328 0.8407720512515939 0.8407720512515939 
5 12 1 0.7202236971277088 0.8407720512515939 0.8407720512515939 
6 60 1 0.6769843399581237 0.8407720512515939 0.8407720512515939 
7 43 1 0.6745114312979379 0.8407720512515939 0.8407720512515939 
8 22 1 0.6906956762050847 0.8407720512515939 0.8407720512515939 
9 20 1 0.6919513433166605 0.8407720512515939 0.8407720512515939 
10 7 1 0.6914723049881037 0.8407720512515939 0.8407720512515939 
11 14 2 0.6871547149120346 0.8407720512515939 0.8407720512515939 
12 23 3 0.6941907828991489 0.8407720512515939 0.8407720512515939 
13 27 1 0.7098203381564719 0.8407720512515939 0.8407720512515939 
14 16 1 0.7052979909523934 0.8197585564116324 0.8407720512515939 
15 64 2 0.6543996251635291 0.8407720512515939 0.8407720512515939 
16 44 2 0.6541444494025241 0.8407720512515939 0.8407720512515939 
17 18 1 0.682020735909305 0.8407720512515939 0.8407720512515939 
18 19 1 0.6756152955506208 0.8407720512515939 0.8407720512515939 
19 31 1 0.7000482685992444 0.8407720512515939 0.8407720512515939 
20 41 1 0.7179307447964718 0.8407720512515939 0.8407720512515939 
21 20 1 0.7287091382676075 0.8407720512515939 0.8407720512515939 
22 31 1 0.7348314372161953 0.8407720512515939 0.8407720512515939 
23 23 1 0.68550188429639 0.8407720512515939 0.8407720512515939 
24 35 1 0.6724537489806822 0.8407720512515939 0.8407720512515939 
25 13 1 0.688319981530207 0.8407720512515939 0.8407720512515939 
26 119 0 0.7097003275335997 0.8407720512515939 0.8407720512515939 
27 26 0 0.7225990204560878 0.8407720512515939 0.8407720512515939 
28 118 1 0.7114533847579938 0.8407720512515939 0.8407720512515939 
29 46 1 0.71355670719416 0.8407720512515939 0.8407720512515939 
0 216 2 0.6729869583996608 0.8371390054256871 0.8371390054256871 
1 104 1 0.6927598195095322 0.8371390054256871 0.8371390054256871 
2 12 1 0.707366147753661 0.8371390054256871 0.8371390054256871 
3 18 1 0.7267735578577255 0.8407720512515939 0.8407720512515939 
4 24 1 0.7320017694110382 0.8407720512515939 0.8407720512515939 
5 4 2 0.7291907830637565 0.8407720512515939 0.8407720512515939 
6 22 1 0.7023976166422388 0.8407720512515939 0.8407720512515939 
7 82 1 0.7226810004500863 0.8407720512515939 0.8407720512515939 
8 37 1 0.7409776409889739 0.8407720512515939 0.8407720512515939 
9 38 1 0.7493594598808069 0.8407720512515939 0.8407720512515939 
10 73 1 0.7427031489030184 0.8407720512515939 0.8407720512515939 
11 33 1 0.7318892457662696 0.8407720512515939 0.8407720512515939 
12 9 2 0.7441024832953567 0.8407720512515939 0.8407720512515939 
13 17 1 0.7464366649160697 0.8407720512515939 0.8407720512515939 
14 60 1 0.7308873098821909 0.8407720512515939 0.8407720512515939 
15 19 1 0.7170178386147178 0.8407720512515939 0.8407720512515939 
16 45 1 0.7201086610303823 0.8407720512515939 0.8407720512515939 
17 32 1 0.7096552717233267 0.8407720512515939 0.8407720512515939 
18 15 1 0.7119213829520588 0.8407720512515939 0.8407720512515939 
19 53 1 0.7221109774170502 0.8407720512515939 0.8407720512515939 
20 58 1 0.7232306281124279 0.8407720512515939 0.8407720512515939 
21 35 1 0.7225171084317022 0.8407720512515939 0.8407720512515939 
22 16 1 0.7154648171070819 0.8407720512515939 0.8407720512515939 
23 36 1 0.7067149482584678 0.8407720512515939 0.8407720512515939 
24 47 1 0.7049879878956472 0.8407720512515939 0.8407720512515939 
25 71 1 0.7330244231543034 0.8407720512515939 0.8407720512515939 
26 40 1 0.7158953383509286 0.8407720512515939 0.8407720512515939 
27 13 0 0.7385935692575538 0.8407720512515939 0.8407720512515939 
28 17 1 0.7243895159307582 0.8407720512515939 0.8407720512515939 
29 54 1 0.6977560060827025 0.8407720512515939 0.8407720512515939 
0 253 3 0.6703707528408406 0.8371390054256871 0.8371390054256871 
1 66 2 0.6831500308528885 0.8371390054256871 0.8371390054256871 
2 34 1 0.6858530362477238 0.8371390054256871 0.8371390054256871 
3 33 1 0.6815713829407515 0.8407720512515939 0.8407720512515939 
4 30 1 0.6806239735279425 0.8407720512515939 0.8407720512515939 
5 6 1 0.70334211794013 0.8407720512515939 0.8407720512515939 
6 27 1 0.7048008412120681 0.8407720512515939 0.8407720512515939 
7 28 2 0.7190602331527026 0.8407720512515939 0.8407720512515939 
8 30 2 0.6817963245309758 0.8407720512515939 0.8407720512515939 
9 103 1 0.6687400014054958 0.8407720512515939 0.8407720512515939 
10 15 2 0.675531737947893 0.8407720512515939 0.8407720512515939 
11 38 1 0.6902520434206234 0.8407720512515939 0.8407720512515939 
12 23 3 0.7080733005348775 0.8407720512515939 0.8407720512515939 
13 16 1 0.7280014810265711 0.8407720512515939 0.8407720512515939 
14 35 1 0.7330249331797699 0.8407720512515939 0.8407720512515939 
15 25 1 0.7076355938266701 0.8407720512515939 0.8407720512515939 
16 48 0 0.6997878439140863 0.8407720512515939 0.8407720512515939 
17 9 1 0.7077821050185075 0.8407720512515939 0.8407720512515939 
18 55 0 0.7223625445853559 0.8407720512515939 0.8407720512515939 
19 42 1 0.741556379241915 0.8407720512515939 0.8407720512515939 
20 52 0 0.7071562350918776 0.8407720512515939 0.8407720512515939 
21 71 1 0.7104454800405834 0.8407720512515939 0.8407720512515939 
22 31 1 0.7006862194117037 0.8407720512515939 0.8407720512515939 
23 23 0 0.7059231596000702 0.8407720512515939 0.8407720512515939 
24 44 1 0.6969008010355323 0.8407720512515939 0.8407720512515939 
25 21 1 0.706876072240238 0.8407720512515939 0.8407720512515939 
26 98 1 0.7086074986210426 0.8407720512515939 0.8407720512515939 
27 16 0 0.7297341936752716 0.8407720512515939 0.8407720512515939 
28 11 1 0.7346820801068327 0.8407720512515939 0.8407720512515939 
29 21 1 0.7130122596475462 0.8407720512515939 0.8407720512515939 
0 231 3 0.6667803601586618 0.8140150600515997 0.8140150600515997 
1 57 1 0.6868511331496968 0.8371390054256871 0.8371390054256871 
2 35 1 0.6940837679150756 0.8407720512515939 0.8407720512515939 
3 25 1 0.692613892688638 0.8407720512515939 0.8407720512515939 
4 53 2 0.72023227769752 0.8407720512515939 0.8407720512515939 
5 25 1 0.7517472069638282 0.8407720512515939 0.8407720512515939 
6 32 1 0.7182627353099207 0.8407720512515939 0.8407720512515939 
7 45 1 0.685831805095801 0.8407720512515939 0.8407720512515939 
8 57 1 0.6839179809809004 0.8407720512515939 0.8407720512515939 
9 16 1 0.7102472778828635 0.8407720512515939 0.8407720512515939 
10 36 1 0.7211864735936437 0.8407720512515939 0.8407720512515939 
11 28 2 0.7267225246087778 0.8407720512515939 0.8407720512515939 
12 39 3 0.7095088762619306 0.8407720512515939 0.8407720512515939 
13 30 1 0.7184984993228425 0.8407720512515939 0.8407720512515939 
14 36 1 0.7042711936737913 0.8407720512515939 0.8407720512515939 
15 28 1 0.7198301222302651 0.8407720512515939 0.8407720512515939 
16 42 1 0.7231121121621458 0.8407720512515939 0.8407720512515939 
17 55 2 0.6988252655402767 0.8407720512515939 0.8407720512515939 
18 39 1 0.6897466880523235 0.8407720512515939 0.8407720512515939 
19 10 1 0.7122460628378491 0.8407720512515939 0.8407720512515939 
20 32 1 0.7063997170469335 0.8407720512515939 0.8407720512515939 
21 40 1 0.7019240642365036 0.8407720512515939 0.8407720512515939 
22 41 1 0.7068763465998673 0.8407720512515939 0.8407720512515939 
23 38 1 0.7298134951579671 0.8407720512515939 0.8407720512515939 
24 32 1 0.7362819498850415 0.8407720512515939 0.8407720512515939 
25 34 1 0.7480742158890472 0.8407720512515939 0.8407720512515939 
26 10 1 0.7022055236724696 0.8407720512515939 0.8407720512515939 
27 10 1 0.68040000134965 0.8407720512515939 0.8407720512515939 
28 6 1 0.7025740043547324 0.8407720512515939 0.8407720512515939 
29 31 1 0.7223256775580247 0.8407720512515939 0.8407720512515939 
0 194 3 0.6717442979830693 0.8371390054256871 0.8371390054256871 
1 24 1 0.690452946042864 0.8371390054256871 0.8371390054256871 
2 14 1 0.6979447153208501 0.8371390054256871 0.8371390054256871 
3 17 1 0.7053378906957137 0.8407720512515939 0.8407720512515939 
4 43 1 0.7223897588782264 0.8407720512515939 0.8407720512515939 
5 7 1 0.725882520454024 0.8407720512515939 0.8407720512515939 
6 20 1 0.7204898775733954 0.8407720512515939 0.8407720512515939 
7 33 1 0.7481094382744844 0.8407720512515939 0.8407720512515939 
8 23 1 0.752212003074582 0.8407720512515939 0.8407720512515939 
9 52 1 0.7140405942825315 0.8407720512515939 0.8407720512515939 
10 71 1 0.7175718308721845 0.8407720512515939 0.8407720512515939 
11 44 1 0.7202822258927253 0.8407720512515939 0.8407720512515939 
12 44 3 0.7113305023132976 0.8407720512515939 0.8407720512515939 
13 40 1 0.706885511932507 0.8407720512515939 0.8407720512515939 
14 39 1 0.7206651372914067 0.8407720512515939 0.8407720512515939 
15 59 1 0.7218905793752568 0.8407720512515939 0.8407720512515939 
16 32 1 0.726866264989445 0.8407720512515939 0.8407720512515939 
17 38 1 0.7227599827507185 0.8407720512515939 0.8407720512515939 
18 25 0 0.7218373464143754 0.8407720512515939 0.8407720512515939 
19 59 1 0.7306769316687383 0.8407720512515939 0.8407720512515939 
20 26 1 0.7166684153545063 0.8407720512515939 0.8407720512515939 
21 43 0 0.6988057412608224 0.8407720512515939 0.8407720512515939 
22 14 1 0.692090067769779 0.8407720512515939 0.8407720512515939 
23 33 1 0.6840248895136806 0.8407720512515939 0.8407720512515939 
24 21 1 0.6900822175644852 0.8407720512515939 0.8407720512515939 
25 30 0 0.724791710286666 0.8407720512515939 0.8407720512515939 
26 27 1 0.7306317342989544 0.8407720512515939 0.8407720512515939 
27 32 1 0.7202528742785573 0.8407720512515939 0.8407720512515939 
28 34 1 0.714249434258849 0.8407720512515939 0.8407720512515939 
29 32 1 0.6954266935335789 0.8407720512515939 0.8407720512515939 
0 225 3 0.6651891526466369 0.8078406727748083 0.8078406727748083 
1 21 1 0.6729939719150024 0.8160244925862228 0.8160244925862228 
2 92 1 0.6747778038587827 0.8407720512515939 0.8407720512515939 
3 11 2 0.6780665248408323 0.8407720512515939 0.8407720512515939 
4 39 1 0.6744785102569233 0.8407720512515939 0.8407720512515939 
5 66 2 0.6713124621751217 0.8407720512515939 0.8407720512515939 
6 18 1 0.6777027109377732 0.8407720512515939 0.8407720512515939 
7 68 2 0.6681868571983499 0.8407720512515939 0.8407720512515939 
8 19 2 0.6759026405514552 0.8407720512515939 0.8407720512515939 
9 35 1 0.6942917825957641 0.8407720512515939 0.8407720512515939 
10 20 1 0.6449219139497308 0.8407720512515939 0.8407720512515939 
11 73 2 0.6427844299978654 0.8407720512515939 0.8407720512515939 
12 19 3 0.6838421810276466 0.8407720512515939 0.8407720512515939 
13 21 1 0.7187862383710635 0.8407720512515939 0.8407720512515939 
14 28 1 0.7033698996162322 0.8407720512515939 0.8407720512515939 
15 24 1 0.7263616203228039 0.8407720512515939 0.8407720512515939 
16 24 1 0.7398920911971115 0.8407720512515939 0.8407720512515939 
17 72 1 0.6988507284998797 0.8407720512515939 0.8407720512515939 
18 36 1 0.735764523118094 0.8407720512515939 0.8407720512515939 
19 57 1 0.7316592620806783 0.8407720512515939 0.8407720512515939 
20 14 1 0.7465254462776387 0.8407720512515939 0.8407720512515939 
21 18 1 0.739041120127582 0.8407720512515939 0.8407720512515939 
22 83 2 0.6966715771936434 0.8407720512515939 0.8407720512515939 
23 54 1 0.7100550156893577 0.8407720512515939 0.8407720512515939 
24 79 1 0.7201792479047647 0.8407720512515939 0.8407720512515939 
25 90 1 0.6932924324508791 0.8407720512515939 0.8407720512515939 
26 37 1 0.7035379824599568 0.8407720512515939 0.8407720512515939 
27 81 1 0.7109208988125107 0.8407720512515939 0.8407720512515939 
28 47 1 0.7295308974760796 0.8407720512515939 0.8407720512515939 
29 87 1 0.7332077329809573 0.8407720512515939 0.8407720512515939 
0 238 2 0.6635985806532096 0.8078406727748083 0.8078406727748083 
1 31 1 0.6758586802740122 0.8078406727748083 0.8078406727748083 
2 33 1 0.6704066599389817 0.8371390054256871 0.8371390054256871 
3 32 1 0.6698118810039907 0.798753403542193 0.8371390054256871 
4 14 1 0.6760308060245783 0.8034045081524313 0.8371390054256871 
5 38 1 0.6743995690594609 0.8197585564116324 0.8371390054256871 
6 23 1 0.6734609447587248 0.8407720512515939 0.8407720512515939 
7 53 2 0.6860125827639 0.8407720512515939 0.8407720512515939 
8 67 1 0.6887800827465873 0.8197585564116324 0.8407720512515939 
9 16 2 0.6990193229666489 0.8407720512515939 0.8407720512515939 
10 17 2 0.6732506641159562 0.8197585564116324 0.8407720512515939 
11 28 1 0.6789315226242462 0.8407720512515939 0.8407720512515939 
12 32 3 0.6848873098005356 0.8407720512515939 0.8407720512515939 
13 25 1 0.6813896510833543 0.8407720512515939 0.8407720512515939 
14 13 2 0.6768307348297788 0.8407720512515939 0.8407720512515939 
15 26 2 0.6491974712698245 0.8407720512515939 0.8407720512515939 
16 23 2 0.6301830214942011 0.796515015468048 0.8407720512515939 
17 57 2 0.6440532941351839 0.8407720512515939 0.8407720512515939 
18 52 0 0.6720984176684065 0.8407720512515939 0.8407720512515939 
19 40 1 0.6773168753585711 0.8407720512515939 0.8407720512515939 
20 37 1 0.6951836381048256 0.8407720512515939 0.8407720512515939 
21 7 1 0.7014236964437078 0.8407720512515939 0.8407720512515939 
22 35 1 0.7058556673238858 0.8407720512515939 0.8407720512515939 
23 17 1 0.6725399098695378 0.8407720512515939 0.8407720512515939 
24 26 1 0.6364015170957437 0.8407720512515939 0.8407720512515939 
25 15 1 0.6501397290779287 0.8407720512515939 0.8407720512515939 
26 49 1 0.6712898053428435 0.8407720512515939 0.8407720512515939 
27 16 1 0.6775920331000698 0.8407720512515939 0.8407720512515939 
28 10 1 0.6767520783735748 0.8407720512515939 0.8407720512515939 
29 18 1 0.6832773660471484 0.8407720512515939 0.8407720512515939 
0 212 2 0.676587951779539 0.8140150600515997 0.8140150600515997 
1 21 1 0.6919708376428889 0.8371390054256871 0.8371390054256871 
2 47 1 0.7025998561280211 0.8407720512515939 0.8407720512515939 
3 17 1 0.7013039716279004 0.8407720512515939 0.8407720512515939 
4 18 1 0.7159284520002287 0.8407720512515939 0.8407720512515939 
5 15 1 0.7313638202636119 0.8407720512515939 0.8407720512515939 
6 37 1 0.719959174475001 0.8407720512515939 0.8407720512515939 
7 19 1 0.7506514939589738 0.8407720512515939 0.8407720512515939 
8 14 1 0.743648868054499 0.8407720512515939 0.8407720512515939 
9 24 1 0.7236374268480887 0.8407720512515939 0.8407720512515939 
10 29 1 0.6998279028387907 0.8407720512515939 0.8407720512515939 
11 60 1 0.6921557785721062 0.8407720512515939 0.8407720512515939 
12 48 3 0.7047301447116467 0.8407720512515939 0.8407720512515939 
13 32 1 0.7126879300178505 0.8407720512515939 0.8407720512515939 
14 36 2 0.7100563918882508 0.8407720512515939 0.8407720512515939 
15 38 1 0.7260813702304378 0.8407720512515939 0.8407720512515939 
16 45 1 0.7022577675602117 0.8407720512515939 0.8407720512515939 
17 58 1 0.6843820258339741 0.8407720512515939 0.8407720512515939 
18 25 2 0.6998651658136401 0.8407720512515939 0.8407720512515939 
19 33 1 0.7122462538758447 0.8407720512515939 0.8407720512515939 
20 26 2 0.6955061063864068 0.8407720512515939 0.8407720512515939 
21 29 2 0.6896018415655738 0.8197585564116324 0.8407720512515939 
22 16 1 0.6563928853510227 0.8197585564116324 0.8407720512515939 
23 53 1 0.6665275746708542 0.8407720512515939 0.8407720512515939 
24 40 2 0.6707780694685843 0.8407720512515939 0.8407720512515939 
25 24 1 0.672500512173437 0.8407720512515939 0.8407720512515939 
26 85 0 0.7013998991595228 0.8407720512515939 0.8407720512515939 
27 19 1 0.7167366560762616 0.8407720512515939 0.8407720512515939 
28 54 1 0.684157701409443 0.8407720512515939 0.8407720512515939 
29 22 1 0.6744428583281945 0.8407720512515939 0.8407720512515939 
0 211 3 0.6779390662466649 0.8371390054256871 0.8371390054256871 
1 50 2 0.6952634923524298 0.8371390054256871 0.8371390054256871 
2 72 1 0.7021423198773387 0.8371390054256871 0.8371390054256871 
3 16 1 0.7083780368351165 0.8371390054256871 0.8371390054256871 
4 21 2 0.7036234625031341 0.8371390054256871 0.8371390054256871 
5 9 2 0.7052817574117092 0.8371390054256871 0.8371390054256871 
6 9 1 0.7382126487196433 0.8407720512515939 0.8407720512515939 
7 68 1 0.7501733535605615 0.8407720512515939 0.8407720512515939 
8 22 2 0.6991833301830677 0.8407720512515939 0.8407720512515939 
9 17 2 0.7146891777882627 0.8407720512515939 0.8407720512515939 
10 25 1 0.720031976235158 0.8407720512515939 0.8407720512515939 
11 18 2 0.7114098809025883 0.8407720512515939 0.8407720512515939 
12 44 4 0.7011437426405284 0.8407720512515939 0.8407720512515939 
13 19 1 0.7108041031683753 0.8407720512515939 0.8407720512515939 
14 41 1 0.723237334626342 0.8407720512515939 0.8407720512515939 
15 36 1 0.7415125930574006 0.8407720512515939 0.8407720512515939 
16 47 0 0.7466954472781495 0.8407720512515939 0.8407720512515939 
17 21 1 0.7281708979810052 0.8407720512515939 0.8407720512515939 
18 61 1 0.6979697960080188 0.8407720512515939 0.8407720512515939 
19 20 1 0.7178060883152078 0.8407720512515939 0.8407720512515939 
20 47 1 0.7398897564360603 0.8407720512515939 0.8407720512515939 
21 21 1 0.7504935522308575 0.8407720512515939 0.8407720512515939 
22 38 0 0.7497355522130609 0.8407720512515939 0.8407720512515939 
23 26 0 0.7214867432994144 0.8407720512515939 0.8407720512515939 
24 50 1 0.7005630633111402 0.8407720512515939 0.8407720512515939 
25 47 1 0.7261622793424859 0.8407720512515939 0.8407720512515939 
26 70 0 0.7382489481454493 0.8407720512515939 0.8407720512515939 
27 16 1 0.7543142126155645 0.8407720512515939 0.8407720512515939 
28 157 1 0.7181131003441947 0.8407720512515939 0.8407720512515939 
29 21 1 0.7063792698485984 0.8407720512515939 0.8407720512515939 
0 281 2 0.6593477957039359 0.8371390054256871 0.8371390054256871 
1 16 1 0.6697549497965295 0.8407720512515939 0.8407720512515939 
2 37 1 0.6884349447657183 0.8407720512515939 0.8407720512515939 
3 45 1 0.697869415894117 0.8407720512515939 0.8407720512515939 
4 32 0 0.6679742888333228 0.8371390054256871 0.8407720512515939 
5 70 1 0.6802447829811668 0.8407720512515939 0.8407720512515939 
6 32 1 0.7034647580955147 0.8407720512515939 0.8407720512515939 
7 27 1 0.7127301148638763 0.8407720512515939 0.8407720512515939 
8 56 1 0.6916320981656914 0.8407720512515939 0.8407720512515939 
9 76 1 0.7036839002638224 0.8407720512515939 0.8407720512515939 
10 11 1 0.6914714076340361 0.8407720512515939 0.8407720512515939 
11 22 1 0.7140819993461912 0.8407720512515939 0.8407720512515939 
12 62 3 0.7373929679851092 0.8407720512515939 0.8407720512515939 
13 32 0 0.7384912963613901 0.8407720512515939 0.8407720512515939 
14 49 0 0.7252617380819715 0.8407720512515939 0.8407720512515939 
15 51 1 0.7081253341263708 0.8407720512515939 0.8407720512515939 
16 24 2 0.6999945431073256 0.8407720512515939 0.8407720512515939 
17 56 1 0.7047898407714663 0.8407720512515939 0.8407720512515939 
18 28 1 0.7334578749692193 0.8407720512515939 0.8407720512515939 
19 26 1 0.7502577314949164 0.8407720512515939 0.8407720512515939 
20 54 1 0.7832483579295946 0.8407720512515939 0.8407720512515939 
21 79 1 0.7552619370054338 0.8407720512515939 0.8407720512515939 
22 15 1 0.7099059327759427 0.8407720512515939 0.8407720512515939 
23 16 1 0.6974008972832832 0.8407720512515939 0.8407720512515939 
24 27 1 0.6872336510895899 0.8407720512515939 0.8407720512515939 
25 61 1 0.6850395730584957 0.8407720512515939 0.8407720512515939 
26 11 1 0.6996111457411786 0.8407720512515939 0.8407720512515939 
27 43 1 0.7230608591387238 0.8407720512515939 0.8407720512515939 
28 10 1 0.7528977530223915 0.8407720512515939 0.8407720512515939 
29 51 0 0.7637908598873255 0.8407720512515939 0.8407720512515939 
0 251 2 0.6692035134811786 0.8245154858027547 0.8245154858027547 
1 73 1 0.6838879781667897 0.8140150600515997 0.8245154858027547 
2 76 1 0.7001991758653768 0.8407720512515939 0.8407720512515939 
3 8 1 0.7103075437779434 0.8407720512515939 0.8407720512515939 
4 31 1 0.7086323848286744 0.8407720512515939 0.8407720512515939 
5 46 1 0.6923754959513587 0.8407720512515939 0.8407720512515939 
6 54 2 0.6845046295450777 0.8197829136922539 0.8407720512515939 
7 56 1 0.6886303329048951 0.8407720512515939 0.8407720512515939 
8 12 2 0.7000769772517416 0.8407720512515939 0.8407720512515939 
9 32 1 0.7197320732032665 0.8407720512515939 0.8407720512515939 
10 22 1 0.7060817524067944 0.8407720512515939 0.8407720512515939 
11 60 1 0.7005105174474022 0.8407720512515939 0.8407720512515939 
12 31 3 0.7325911922821908 0.8407720512515939 0.8407720512515939 
13 7 1 0.6986047889768797 0.8407720512515939 0.8407720512515939 
14 58 1 0.6208953435909057 0.798836132548 0.8407720512515939 
15 18 2 0.6340027041321222 0.8407720512515939 0.8407720512515939 
16 23 2 0.6665524251632584 0.8407720512515939 0.8407720512515939 
17 23 2 0.7036250056123775 0.8407720512515939 0.8407720512515939 
18 39 1 0.7059643054627532 0.8407720512515939 0.8407720512515939 
19 59 1 0.6849457162852183 0.8407720512515939 0.8407720512515939 
20 47 1 0.6820436841544225 0.8407720512515939 0.8407720512515939 
21 25 1 0.6995573434727406 0.8407720512515939 0.8407720512515939 
22 16 1 0.6837306813071167 0.8407720512515939 0.8407720512515939 
23 32 1 0.6892530328391053 0.8407720512515939 0.8407720512515939 
24 116 2 0.6931366722405663 0.8407720512515939 0.8407720512515939 
25 35 1 0.7016862630775351 0.8407720512515939 0.8407720512515939 
26 15 1 0.688188757162606 0.8407720512515939 0.8407720512515939 
27 13 1 0.6811117912704929 0.8407720512515939 0.8407720512515939 
28 19 1 0.6439360607564811 0.8407720512515939 0.8407720512515939 
29 9 2 0.6604216908732177 0.8407720512515939 0.8407720512515939 
0 254 3 0.6677348317615156 0.8140150600515997 0.8140150600515997 
1 29 2 0.6824611481731501 0.8140150600515997 0.8140150600515997 
2 14 1 0.6986055126315064 0.8197829136922539 0.8197829136922539 
3 75 1 0.7063088625026249 0.8197829136922539 0.8197829136922539 
4 36 1 0.708033585891899 0.8407720512515939 0.8407720512515939 
5 33 1 0.7330683454063031 0.8407720512515939 0.8407720512515939 
6 39 2 0.7354931482853169 0.8407720512515939 0.8407720512515939 
7 31 1 0.6765470021190484 0.8407720512515939 0.8407720512515939 
8 27 2 0.6827556008783968 0.8407720512515939 0.8407720512515939 
9 14 1 0.6889978801013943 0.8407720512515939 0.8407720512515939 
10 35 2 0.695045579832587 0.8407720512515939 0.8407720512515939 
11 40 1 0.7002224338670012 0.8407720512515939 0.8407720512515939 
12 94 4 0.703400619258439 0.8407720512515939 0.8407720512515939 
13 26 1 0.7135713883359771 0.8407720512515939 0.8407720512515939 
14 45 0 0.7326448147003171 0.8407720512515939 0.8407720512515939 
15 21 1 0.7118421114464057 0.8407720512515939 0.8407720512515939 
16 11 1 0.6616885997706454 0.8407720512515939 0.8407720512515939 
17 34 1 0.6697305011894841 0.8407720512515939 0.8407720512515939 
18 17 1 0.6811155311383039 0.8407720512515939 0.8407720512515939 
19 62 1 0.709022522128691 0.8407720512515939 0.8407720512515939 
20 31 1 0.687003570480819 0.8407720512515939 0.8407720512515939 
21 31 1 0.7007052013773984 0.8407720512515939 0.8407720512515939 
22 34 0 0.7295967758196702 0.8407720512515939 0.8407720512515939 
23 61 1 0.7452067110603218 0.8407720512515939 0.8407720512515939 
24 29 1 0.7403450017048107 0.8407720512515939 0.8407720512515939 
25 10 0 0.7508773384490932 0.8407720512515939 0.8407720512515939 
26 51 1 0.7477541916367362 0.8407720512515939 0.8407720512515939 
27 21 1 0.7622257687666886 0.8407720512515939 0.8407720512515939 
28 25 1 0.7345052751012776 0.8407720512515939 0.8407720512515939 
29 39 1 0.7185927672852046 0.8407720512515939 0.8407720512515939 
