0 2747 2 0.6644683944984024 0.8172312869666767 0.8172312869666767 
1 374 1 0.7014782227131411 0.8236375487321994 0.8236375487321994 
2 166 1 0.7340556530347544 0.823715899854366 0.823715899854366 
3 175 0 0.7653086574595092 0.823715899854366 0.823715899854366 
4 67 1 0.7896045558884335 0.823715899854366 0.823715899854366 
5 22 1 0.8039057994253195 0.8236375487321994 0.823715899854366 
6 124 0 0.8071802085243597 0.8236375487321994 0.823715899854366 
7 44 0 0.8111034809421802 0.823715899854366 0.823715899854366 
8 55 0 0.8162259403086174 0.823715899854366 0.823715899854366 
9 25 0 0.816669116377311 0.8330913086886971 0.8330913086886971 
10 91 0 0.8183895093420779 0.8330913086886971 0.8330913086886971 
11 27 0 0.8180220983834406 0.8331172922854431 0.8331172922854431 
12 33 2 0.8156557425778699 0.8331172922854431 0.8331172922854431 
13 62 1 0.8184691791049832 0.8331172922854431 0.8331172922854431 
14 94 0 0.8180569223236343 0.8331172922854431 0.8331172922854431 
15 79 0 0.8183480685567365 0.8331172922854431 0.8331172922854431 
16 31 0 0.8200221268396207 0.8331172922854431 0.8331172922854431 
17 225 0 0.8236124616909136 0.8331172922854431 0.8331172922854431 
18 48 1 0.8240399777618765 0.8331172922854431 0.8331172922854431 
19 53 0 0.8253001716760305 0.8331172922854431 0.8331172922854431 
20 53 0 0.8218700345104635 0.8331172922854431 0.8331172922854431 
21 37 1 0.825776884182405 0.8331172922854431 0.8331172922854431 
22 90 0 0.8258222811766182 0.8331172922854431 0.8331172922854431 
23 12 0 0.8283310625982626 0.8331172922854431 0.8331172922854431 
24 26 0 0.8269618113620251 0.8331172922854431 0.8331172922854431 
25 19 0 0.8266564272911024 0.8331172922854431 0.8331172922854431 
26 87 0 0.8258487708328172 0.8331172922854431 0.8331172922854431 
27 33 0 0.8271833065181414 0.8331172922854431 0.8331172922854431 
28 67 1 0.827693637799819 0.8331172922854431 0.8331172922854431 
29 43 0 0.8259363090410087 0.8331172922854431 0.8331172922854431 
0 2456 2 0.6619362341314096 0.823470538197262 0.823470538197262 
1 383 1 0.6960725325823688 0.823470538197262 0.823470538197262 
2 626 1 0.7306835931025908 0.823470538197262 0.823470538197262 
3 287 0 0.7653469632866536 0.823589618579311 0.823589618579311 
4 314 0 0.784340619849946 0.823589618579311 0.823589618579311 
5 540 0 0.8005666545832097 0.823589618579311 0.823589618579311 
6 210 1 0.8051362247007909 0.823470538197262 0.823589618579311 
7 40 0 0.8106541262310804 0.823470538197262 0.823589618579311 
8 96 0 0.815034305994602 0.826797786781108 0.826797786781108 
9 6 1 0.8160396868578575 0.826797786781108 0.826797786781108 
10 13 0 0.816346799607237 0.823589618579311 0.826797786781108 
11 75 1 0.8131796215372786 0.823589618579311 0.826797786781108 
12 103 2 0.8165840413083905 0.823589618579311 0.826797786781108 
13 139 1 0.8181580959292161 0.823589618579311 0.826797786781108 
14 152 1 0.8171015300169927 0.8330913086886971 0.8330913086886971 
15 181 0 0.8173897794128783 0.8330913086886971 0.8330913086886971 
16 65 1 0.817162523850127 0.8330913086886971 0.8330913086886971 
17 45 1 0.8157862882893704 0.8330913086886971 0.8330913086886971 
18 39 0 0.8164412216358873 0.8330913086886971 0.8330913086886971 
19 61 0 0.8181190634312127 0.8330913086886971 0.8330913086886971 
20 143 0 0.8149751889712935 0.8330913086886971 0.8330913086886971 
21 9 0 0.8181405370390884 0.8330913086886971 0.8330913086886971 
22 15 0 0.8195331918250359 0.8331172922854431 0.8331172922854431 
23 136 0 0.8205546307710897 0.8331172922854431 0.8331172922854431 
24 22 0 0.8230135375405285 0.8331172922854431 0.8331172922854431 
25 141 0 0.8223486003039284 0.8331172922854431 0.8331172922854431 
26 33 0 0.8225584864447919 0.8331172922854431 0.8331172922854431 
27 59 1 0.8240453267956386 0.8331172922854431 0.8331172922854431 
28 59 0 0.8281461550722824 0.8331172922854431 0.8331172922854431 
29 30 0 0.8283148981138683 0.8331172922854431 0.8331172922854431 
0 2637 2 0.670870247780331 0.8329982119033941 0.8329982119033941 
1 448 1 0.7025185316170695 0.8269112195567431 0.8329982119033941 
2 179 1 0.7400814435362725 0.8269112195567431 0.8329982119033941 
3 52 1 0.7746017739617003 0.8269112195567431 0.8329982119033941 
4 76 1 0.7960760001656433 0.8269112195567431 0.8329982119033941 
5 46 0 0.8119470375796745 0.8269112195567431 0.8329982119033941 
6 53 0 0.8136819298513953 0.8269112195567431 0.8329982119033941 
7 136 1 0.8187885993961413 0.8269112195567431 0.8329982119033941 
8 49 1 0.8139147723586521 0.8329982119033941 0.8329982119033941 
9 266 0 0.8204780158998787 0.8329982119033941 0.8329982119033941 
10 95 0 0.8197907944851158 0.8329982119033941 0.8329982119033941 
11 48 0 0.8218222506267309 0.8329982119033941 0.8329982119033941 
12 31 2 0.8210015642019967 0.8329982119033941 0.8329982119033941 
13 66 0 0.8210003170962463 0.8329982119033941 0.8329982119033941 
14 23 1 0.8237692475915371 0.8329982119033941 0.8329982119033941 
15 54 0 0.8249988586445143 0.8329982119033941 0.8329982119033941 
16 25 0 0.827341646782298 0.8330913086886971 0.8330913086886971 
17 359 0 0.8287986925144392 0.8330913086886971 0.8330913086886971 
18 12 0 0.8292347305137698 0.8330913086886971 0.8330913086886971 
19 51 1 0.8256874773205819 0.8331172922854431 0.8331172922854431 
20 27 0 0.8223336311520151 0.8331172922854431 0.8331172922854431 
21 34 1 0.8232450421442704 0.8331172922854431 0.8331172922854431 
22 48 1 0.8278947847434849 0.8331172922854431 0.8331172922854431 
23 118 1 0.8250222008715205 0.8331172922854431 0.8331172922854431 
24 158 0 0.8221303095618488 0.8331172922854431 0.8331172922854431 
25 38 0 0.8245145078456718 0.8331172922854431 0.8331172922854431 
26 113 0 0.8260514313571202 0.8331172922854431 0.8331172922854431 
27 9 0 0.8264239624921086 0.8331172922854431 0.8331172922854431 
28 7 0 0.8258610414743524 0.8331172922854431 0.8331172922854431 
29 27 0 0.8262627638467157 0.8331172922854431 0.8331172922854431 
0 2444 2 0.6711728568591885 0.823715899854366 0.823715899854366 
1 169 1 0.7133321026777253 0.823715899854366 0.823715899854366 
2 692 0 0.7473854746500712 0.823715899854366 0.823715899854366 
3 137 1 0.7743553350299007 0.8329982119033941 0.8329982119033941 
4 57 1 0.7947478977573595 0.8331172922854431 0.8331172922854431 
5 210 1 0.8037792025288241 0.8331172922854431 0.8331172922854431 
6 86 0 0.8129338222858852 0.8331172922854431 0.8331172922854431 
7 75 0 0.8124542723360446 0.8331172922854431 0.8331172922854431 
8 74 1 0.8179427299181053 0.8331172922854431 0.8331172922854431 
9 55 1 0.8241294974143715 0.8331172922854431 0.8331172922854431 
10 54 0 0.826377205705226 0.8331172922854431 0.8331172922854431 
11 190 1 0.825076991419976 0.8331172922854431 0.8331172922854431 
12 125 2 0.8268123162754817 0.8331172922854431 0.8331172922854431 
13 75 0 0.8230669737253489 0.8331172922854431 0.8331172922854431 
14 37 0 0.8285120819687952 0.8331172922854431 0.8331172922854431 
15 14 0 0.8298430391898012 0.8331172922854431 0.8331172922854431 
16 45 0 0.8277040564613994 0.8331172922854431 0.8331172922854431 
17 10 0 0.8264414481741631 0.8331172922854431 0.8331172922854431 
18 38 1 0.8243713901918827 0.8331172922854431 0.8331172922854431 
19 20 0 0.8251693385229245 0.8331172922854431 0.8331172922854431 
20 33 1 0.8247868491310605 0.8331172922854431 0.8331172922854431 
21 32 0 0.8286518960826325 0.8331172922854431 0.8331172922854431 
22 57 0 0.8262513099922849 0.8331172922854431 0.8331172922854431 
23 248 0 0.8254686292429126 0.8331172922854431 0.8331172922854431 
24 33 0 0.8278437763308075 0.8331172922854431 0.8331172922854431 
25 41 0 0.8267005394231977 0.8331172922854431 0.8331172922854431 
26 13 0 0.828067383743006 0.8331172922854431 0.8331172922854431 
27 76 0 0.8241744630941448 0.8331172922854431 0.8331172922854431 
28 41 0 0.8256193398232067 0.8331172922854431 0.8331172922854431 
29 60 0 0.8266040137900313 0.8331172922854431 0.8331172922854431 
0 2373 2 0.66898313153755 0.826797786781108 0.826797786781108 
1 400 1 0.7051223305616071 0.826797786781108 0.826797786781108 
2 304 1 0.7354604619619729 0.826797786781108 0.826797786781108 
3 164 1 0.7641689629814497 0.826797786781108 0.826797786781108 
4 118 0 0.7856835220115712 0.826797786781108 0.826797786781108 
5 85 0 0.7995110698063012 0.8269112195567431 0.8269112195567431 
6 68 0 0.8105601492614223 0.8330913086886971 0.8330913086886971 
7 8 1 0.8170458122369462 0.8330913086886971 0.8330913086886971 
8 94 1 0.816671096113235 0.8330913086886971 0.8330913086886971 
9 44 0 0.8199497280653338 0.8330913086886971 0.8330913086886971 
10 56 1 0.8207454906217305 0.8330913086886971 0.8330913086886971 
11 147 0 0.8174385539817948 0.8331172922854431 0.8331172922854431 
12 53 2 0.8203905461315546 0.8331172922854431 0.8331172922854431 
13 25 1 0.8191677629143035 0.8331172922854431 0.8331172922854431 
14 47 0 0.8241939082378839 0.8331172922854431 0.8331172922854431 
15 22 1 0.8238284122473002 0.8331172922854431 0.8331172922854431 
16 12 0 0.8228553969303276 0.8331172922854431 0.8331172922854431 
17 70 0 0.8235022831452676 0.8331172922854431 0.8331172922854431 
18 83 0 0.8291857890940655 0.8331172922854431 0.8331172922854431 
19 90 0 0.8253110182727811 0.8331172922854431 0.8331172922854431 
20 40 1 0.827050959590832 0.8331172922854431 0.8331172922854431 
21 111 0 0.8258463942192887 0.8331172922854431 0.8331172922854431 
22 31 0 0.829156570685008 0.8331172922854431 0.8331172922854431 
23 115 1 0.8249630146692248 0.8331172922854431 0.8331172922854431 
24 98 0 0.8254259763313487 0.8331172922854431 0.8331172922854431 
25 118 1 0.8257260212925464 0.8331172922854431 0.8331172922854431 
26 65 0 0.8287657584487659 0.8331172922854431 0.8331172922854431 
27 26 0 0.82667421497091 0.8331172922854431 0.8331172922854431 
28 131 0 0.8249188396488275 0.8331172922854431 0.8331172922854431 
29 23 0 0.8272676016513308 0.8331172922854431 0.8331172922854431 
0 2702 2 0.6682659189636886 0.8180480672286509 0.8180480672286509 
1 69 1 0.704706099006638 0.8202415822129082 0.8202415822129082 
2 253 1 0.7416348797400435 0.823470538197262 0.823470538197262 
3 148 0 0.7716116228244602 0.8268237703778542 0.8268237703778542 
4 134 1 0.7922666088270393 0.8268237703778542 0.8268237703778542 
5 31 0 0.8030722738799438 0.8268237703778542 0.8268237703778542 
6 43 0 0.810710013544097 0.8331172922854431 0.8331172922854431 
7 15 0 0.8114388033045011 0.8331172922854431 0.8331172922854431 
8 36 0 0.8167609351356964 0.8331172922854431 0.8331172922854431 
9 158 0 0.8162131314385467 0.8331172922854431 0.8331172922854431 
10 95 0 0.8176944566777707 0.8331172922854431 0.8331172922854431 
11 14 0 0.8213225140379551 0.8331172922854431 0.8331172922854431 
12 203 2 0.8191484804020529 0.8331172922854431 0.8331172922854431 
13 44 0 0.8194714482081491 0.8331172922854431 0.8331172922854431 
14 84 0 0.8214404498913765 0.8331172922854431 0.8331172922854431 
15 71 1 0.8232819529744977 0.8331172922854431 0.8331172922854431 
16 24 0 0.8241914801187421 0.8331172922854431 0.8331172922854431 
17 119 0 0.8246709765134166 0.8331172922854431 0.8331172922854431 
18 25 0 0.8246623340756999 0.8331172922854431 0.8331172922854431 
19 108 0 0.8246641821893256 0.8331172922854431 0.8331172922854431 
20 35 0 0.8253800792866667 0.8331172922854431 0.8331172922854431 
21 18 0 0.8265874396360757 0.8331172922854431 0.8331172922854431 
22 22 1 0.8231330852698868 0.8331172922854431 0.8331172922854431 
23 44 0 0.8284884079237497 0.8331172922854431 0.8331172922854431 
24 6 1 0.8243467569313643 0.8331172922854431 0.8331172922854431 
25 19 1 0.826620471693903 0.8331172922854431 0.8331172922854431 
26 60 0 0.8255268691843753 0.8331172922854431 0.8331172922854431 
27 69 1 0.8252586722086392 0.8331172922854431 0.8331172922854431 
28 62 0 0.8270465131480397 0.8331172922854431 0.8331172922854431 
29 130 0 0.8251701609769794 0.8331172922854431 0.8331172922854431 
0 2903 3 0.6633898413484487 0.8201478970704164 0.8201478970704164 
1 369 2 0.7019699299340586 0.823589618579311 0.823589618579311 
2 288 0 0.7311446210791217 0.823715899854366 0.823715899854366 
3 148 0 0.7611382807744209 0.823715899854366 0.823715899854366 
4 53 0 0.7839016181307835 0.8329982119033941 0.8329982119033941 
5 231 0 0.8016269864994731 0.8331172922854431 0.8331172922854431 
6 56 0 0.8102427207300551 0.8331172922854431 0.8331172922854431 
7 59 1 0.8127173449068087 0.8331172922854431 0.8331172922854431 
8 83 0 0.816250959881832 0.8331172922854431 0.8331172922854431 
9 72 0 0.8182356063961559 0.8331172922854431 0.8331172922854431 
10 153 1 0.8173269460051087 0.8331172922854431 0.8331172922854431 
11 115 0 0.8200424978217358 0.8331172922854431 0.8331172922854431 
12 101 2 0.821326404062913 0.8331172922854431 0.8331172922854431 
13 61 0 0.8202418392647182 0.8331172922854431 0.8331172922854431 
14 15 0 0.8283267369531786 0.8331172922854431 0.8331172922854431 
15 82 0 0.8243682797124707 0.8331172922854431 0.8331172922854431 
16 44 0 0.8258748763166112 0.8331172922854431 0.8331172922854431 
17 99 1 0.8256282422228584 0.8331172922854431 0.8331172922854431 
18 40 0 0.8265805999064756 0.8331172922854431 0.8331172922854431 
19 89 1 0.8262628860972822 0.8331172922854431 0.8331172922854431 
20 36 0 0.8258707729294795 0.8331172922854431 0.8331172922854431 
21 71 0 0.8274370237488208 0.8331172922854431 0.8331172922854431 
22 74 0 0.8253383954609735 0.8331172922854431 0.8331172922854431 
23 158 0 0.8273024610825772 0.8331172922854431 0.8331172922854431 
24 60 0 0.8243533501074453 0.8331172922854431 0.8331172922854431 
25 75 1 0.8265567546659018 0.8331172922854431 0.8331172922854431 
26 90 0 0.8250996493978308 0.8331172922854431 0.8331172922854431 
27 58 0 0.8269504173577886 0.8331172922854431 0.8331172922854431 
28 46 0 0.8257941184435357 0.8331172922854431 0.8331172922854431 
29 79 0 0.8255381408499554 0.8331172922854431 0.8331172922854431 
0 2503 2 0.6695000928317151 0.823470538197262 0.823470538197262 
1 144 1 0.7099304401637425 0.8330913086886971 0.8330913086886971 
2 762 1 0.7483385976322817 0.8330913086886971 0.8330913086886971 
3 1009 0 0.7787923701004015 0.823589618579311 0.8330913086886971 
4 119 1 0.7979419200124357 0.8330913086886971 0.8330913086886971 
5 188 0 0.8060010831828943 0.8330913086886971 0.8330913086886971 
6 202 0 0.8155315040260936 0.8330913086886971 0.8330913086886971 
7 114 1 0.8152576820458122 0.8330913086886971 0.8330913086886971 
8 135 1 0.8162812025680458 0.8330913086886971 0.8330913086886971 
9 171 1 0.81963292850843 0.8330913086886971 0.8330913086886971 
10 46 0 0.8179077723943273 0.8330913086886971 0.8330913086886971 
11 83 1 0.8169506093473595 0.8330913086886971 0.8330913086886971 
12 65 2 0.821087032762609 0.8330913086886971 0.8330913086886971 
13 56 1 0.8222234209146105 0.8330913086886971 0.8330913086886971 
14 19 1 0.823501756391743 0.8330913086886971 0.8330913086886971 
15 22 0 0.8256824586283116 0.8331172922854431 0.8331172922854431 
16 67 0 0.8248779199843306 0.8331172922854431 0.8331172922854431 
17 250 0 0.8244315595875069 0.8331172922854431 0.8331172922854431 
18 68 0 0.8255399216649988 0.8331172922854431 0.8331172922854431 
19 12 1 0.8265933314476054 0.8331172922854431 0.8331172922854431 
20 13 1 0.8235047468990081 0.8331172922854431 0.8331172922854431 
21 49 0 0.8251672542844422 0.8331172922854431 0.8331172922854431 
22 211 0 0.82315622265152 0.8331172922854431 0.8331172922854431 
23 14 0 0.8259910499876093 0.8331172922854431 0.8331172922854431 
24 11 1 0.8272431384104381 0.8331172922854431 0.8331172922854431 
25 71 0 0.827028413884215 0.8331172922854431 0.8331172922854431 
26 45 0 0.8247963343769252 0.8331172922854431 0.8331172922854431 
27 174 0 0.8234553734353911 0.8331172922854431 0.8331172922854431 
28 120 1 0.8236743146040912 0.8331172922854431 0.8331172922854431 
29 47 1 0.8267839851430392 0.8331172922854431 0.8331172922854431 
0 2323 2 0.6685893435747806 0.8236375487321994 0.8236375487321994 
1 424 1 0.7062733711627558 0.8236375487321994 0.8236375487321994 
2 64 1 0.74583410950396 0.8269112195567431 0.8269112195567431 
3 155 0 0.7745930578679883 0.8269112195567431 0.8269112195567431 
4 166 1 0.7922440215333652 0.8269112195567431 0.8269112195567431 
5 52 0 0.8062624493504525 0.8331172922854431 0.8331172922854431 
6 19 1 0.8085605891378386 0.8331172922854431 0.8331172922854431 
7 257 0 0.8161436578766558 0.8331172922854431 0.8331172922854431 
8 19 0 0.8183614202846526 0.8331172922854431 0.8331172922854431 
9 83 0 0.8168667338446939 0.8331172922854431 0.8331172922854431 
10 28 0 0.8228949737248614 0.8331172922854431 0.8331172922854431 
11 9 0 0.8241812265563147 0.8331172922854431 0.8331172922854431 
12 51 2 0.8223186862273714 0.8331172922854431 0.8331172922854431 
13 20 1 0.8226802059064088 0.8331172922854431 0.8331172922854431 
14 213 0 0.8279159121427843 0.8331172922854431 0.8331172922854431 
15 114 0 0.8240763881894522 0.8331172922854431 0.8331172922854431 
16 30 0 0.8230561311172785 0.8331172922854431 0.8331172922854431 
17 30 0 0.8268989191844853 0.8331172922854431 0.8331172922854431 
18 27 0 0.8252064480044836 0.8331172922854431 0.8331172922854431 
19 87 0 0.8270864384325252 0.8331172922854431 0.8331172922854431 
20 112 0 0.8260492555151098 0.8331172922854431 0.8331172922854431 
21 58 0 0.8225893244498624 0.8331172922854431 0.8331172922854431 
22 53 0 0.8273843109095932 0.8331172922854431 0.8331172922854431 
23 22 0 0.8262499542603271 0.8331172922854431 0.8331172922854431 
24 119 1 0.8250721572449197 0.8331172922854431 0.8331172922854431 
25 115 1 0.8243482234593473 0.8331172922854431 0.8331172922854431 
26 48 0 0.8260338126429919 0.8331172922854431 0.8331172922854431 
27 53 1 0.8240725046133821 0.8331172922854431 0.8331172922854431 
28 32 0 0.8266195311494076 0.8331172922854431 0.8331172922854431 
29 79 0 0.823554977233752 0.8331172922854431 0.8331172922854431 
0 2440 3 0.663385220531675 0.8084116329424371 0.8084116329424371 
1 298 1 0.7016832137420375 0.8173503673487257 0.8173503673487257 
2 485 1 0.7320260600863585 0.8179817027323282 0.8179817027323282 
3 450 1 0.754360938749664 0.8173503673487257 0.8179817027323282 
4 271 1 0.775605073452884 0.8330913086886971 0.8330913086886971 
5 85 0 0.793567257149719 0.8173503673487257 0.8330913086886971 
6 15 0 0.8054235137104259 0.8330913086886971 0.8330913086886971 
7 40 0 0.8097785050241015 0.823715899854366 0.8330913086886971 
8 25 0 0.8116129108001173 0.823715899854366 0.8330913086886971 
9 61 0 0.8140409830574012 0.823715899854366 0.8330913086886971 
10 45 0 0.8106926110995714 0.8330913086886971 0.8330913086886971 
11 65 0 0.8108814835623943 0.823715899854366 0.8330913086886971 
12 138 1 0.8109881764611154 0.8330913086886971 0.8330913086886971 
13 64 0 0.8159696506228993 0.8330913086886971 0.8330913086886971 
14 105 0 0.81562199078722 0.8330913086886971 0.8330913086886971 
15 37 0 0.8188708365498206 0.8330913086886971 0.8330913086886971 
16 23 1 0.819356240704204 0.8330913086886971 0.8330913086886971 
17 32 0 0.821121206385685 0.8330913086886971 0.8330913086886971 
18 62 1 0.8218010186153586 0.8330913086886971 0.8330913086886971 
19 34 0 0.8218824729909321 0.8330913086886971 0.8330913086886971 
20 51 1 0.8201821142075774 0.8330913086886971 0.8330913086886971 
21 29 0 0.8238896586581896 0.8331172922854431 0.8331172922854431 
22 27 0 0.8256995942900826 0.8331172922854431 0.8331172922854431 
23 65 1 0.8275329150446644 0.8331172922854431 0.8331172922854431 
24 72 0 0.8258182754302039 0.8331172922854431 0.8331172922854431 
25 35 0 0.8262706449253023 0.8331172922854431 0.8331172922854431 
26 120 0 0.82657293636831 0.8331172922854431 0.8331172922854431 
27 26 0 0.8254534005655717 0.8331172922854431 0.8331172922854431 
28 80 1 0.8215314127797205 0.8331172922854431 0.8331172922854431 
29 174 0 0.8267924301378875 0.8331172922854431 0.8331172922854431 
0 2843 2 0.6638362934445478 0.8331172922854431 0.8331172922854431 
1 106 1 0.7042227114937244 0.8331172922854431 0.8331172922854431 
2 98 1 0.7413524612635463 0.8331172922854431 0.8331172922854431 
3 60 1 0.7774837305658338 0.8331172922854431 0.8331172922854431 
4 88 1 0.7980264556698693 0.8331172922854431 0.8331172922854431 
5 46 1 0.8128213590999422 0.8331172922854431 0.8331172922854431 
6 44 1 0.8162978682971055 0.8331172922854431 0.8331172922854431 
7 116 1 0.819804172017198 0.8331172922854431 0.8331172922854431 
8 84 0 0.8201043152362628 0.8331172922854431 0.8331172922854431 
9 139 0 0.8233545915950363 0.8331172922854431 0.8331172922854431 
10 27 0 0.8244803226495757 0.8331172922854431 0.8331172922854431 
11 225 1 0.8278481830922607 0.8331172922854431 0.8331172922854431 
12 67 3 0.8291426907879399 0.8331172922854431 0.8331172922854431 
13 20 0 0.8273121433708205 0.8331172922854431 0.8331172922854431 
14 106 1 0.8252550905287963 0.8331172922854431 0.8331172922854431 
15 45 0 0.8266313689728766 0.8331172922854431 0.8331172922854431 
16 57 0 0.825412974365304 0.8331172922854431 0.8331172922854431 
17 47 0 0.828118883032826 0.8331172922854431 0.8331172922854431 
18 30 1 0.8254373418731962 0.8331172922854431 0.8331172922854431 
19 41 0 0.8215095402013765 0.8331172922854431 0.8331172922854431 
20 73 1 0.8246366787299125 0.8331172922854431 0.8331172922854431 
21 18 1 0.826128503784253 0.8331172922854431 0.8331172922854431 
22 62 1 0.8262895593281573 0.8331172922854431 0.8331172922854431 
23 38 1 0.8230546417269116 0.8331172922854431 0.8331172922854431 
24 16 0 0.8232673622756085 0.8331172922854431 0.8331172922854431 
25 187 1 0.8265045590598428 0.8331172922854431 0.8331172922854431 
26 19 0 0.8288474735966027 0.8331172922854431 0.8331172922854431 
27 186 1 0.8261810074096178 0.8331172922854431 0.8331172922854431 
28 88 0 0.8261007005866801 0.8331172922854431 0.8331172922854431 
29 44 0 0.8256437722532928 0.8331172922854431 0.8331172922854431 
0 2314 2 0.6685219797712937 0.8330913086886971 0.8330913086886971 
1 527 1 0.7034129859652738 0.8330913086886971 0.8330913086886971 
2 238 1 0.7331168398376527 0.8330913086886971 0.8330913086886971 
3 15 1 0.7630846071068721 0.8331172922854431 0.8331172922854431 
4 454 0 0.7778068015512332 0.8330913086886971 0.8331172922854431 
5 22 0 0.7934743425294327 0.8330913086886971 0.8331172922854431 
6 27 1 0.8070850125430467 0.8330913086886971 0.8331172922854431 
7 24 0 0.8136988767160607 0.8330913086886971 0.8331172922854431 
8 68 0 0.8131743910011323 0.8331172922854431 0.8331172922854431 
9 43 0 0.8230123157034135 0.8331172922854431 0.8331172922854431 
10 127 0 0.8241401451618259 0.8331172922854431 0.8331172922854431 
11 30 0 0.8219098995671701 0.8331172922854431 0.8331172922854431 
12 52 2 0.8256596830546367 0.8331172922854431 0.8331172922854431 
13 66 1 0.8268039817465099 0.8331172922854431 0.8331172922854431 
14 93 0 0.8260036481108535 0.8331172922854431 0.8331172922854431 
15 48 0 0.8262628884446173 0.8331172922854431 0.8331172922854431 
16 96 0 0.8250851046851266 0.8331172922854431 0.8331172922854431 
17 55 0 0.8254632095800535 0.8331172922854431 0.8331172922854431 
18 16 0 0.8260153612796118 0.8331172922854431 0.8331172922854431 
19 87 0 0.8270540433587688 0.8331172922854431 0.8331172922854431 
20 97 0 0.8275657797939879 0.8331172922854431 0.8331172922854431 
21 99 0 0.8283512201339274 0.8331172922854431 0.8331172922854431 
22 231 0 0.8271895918242542 0.8331172922854431 0.8331172922854431 
23 61 1 0.8273205345184674 0.8331172922854431 0.8331172922854431 
24 20 0 0.8283871451434254 0.8331172922854431 0.8331172922854431 
25 62 0 0.8278160345879655 0.8331172922854431 0.8331172922854431 
26 65 0 0.8233294201407805 0.8331172922854431 0.8331172922854431 
27 31 0 0.825438478826121 0.8331172922854431 0.8331172922854431 
28 125 0 0.8246902550618964 0.8331172922854431 0.8331172922854431 
29 6 0 0.8247122482216528 0.8331172922854431 0.8331172922854431 
0 2538 2 0.6718561026406156 0.826797786781108 0.826797786781108 
1 118 1 0.7082679265779891 0.826797786781108 0.826797786781108 
2 419 1 0.7398573695405061 0.8269112195567431 0.8269112195567431 
3 863 0 0.772303314718004 0.8269112195567431 0.8269112195567431 
4 609 1 0.7949471415151437 0.8269112195567431 0.8269112195567431 
5 37 0 0.8046829284217573 0.8269112195567431 0.8269112195567431 
6 25 1 0.8121060439424928 0.8269112195567431 0.8269112195567431 
7 43 0 0.8146549401986867 0.8269112195567431 0.8269112195567431 
8 22 1 0.8191260276693678 0.8329982119033941 0.8329982119033941 
9 39 0 0.820685866856898 0.8329982119033941 0.8329982119033941 
10 14 0 0.8232610291186478 0.8329982119033941 0.8329982119033941 
11 73 0 0.8159573432637987 0.8329982119033941 0.8329982119033941 
12 45 2 0.8210275360796375 0.8329982119033941 0.8329982119033941 
13 67 0 0.8239272040025156 0.8329982119033941 0.8329982119033941 
14 65 0 0.8211499183921757 0.8329982119033941 0.8329982119033941 
15 124 0 0.8217787726590265 0.8329982119033941 0.8329982119033941 
16 23 0 0.825612780149822 0.8331172922854431 0.8331172922854431 
17 33 0 0.8265164877281436 0.8331172922854431 0.8331172922854431 
18 77 0 0.8259614909120633 0.8331172922854431 0.8331172922854431 
19 75 0 0.8288904974249885 0.8331172922854431 0.8331172922854431 
20 30 0 0.8302734008425903 0.8331172922854431 0.8331172922854431 
21 8 0 0.8294522182118986 0.8331172922854431 0.8331172922854431 
22 32 0 0.8293011856551898 0.8331172922854431 0.8331172922854431 
23 17 0 0.8279662316193734 0.8331172922854431 0.8331172922854431 
24 116 0 0.826013057571896 0.8331172922854431 0.8331172922854431 
25 41 0 0.8253026266266202 0.8331172922854431 0.8331172922854431 
26 54 0 0.8267866540985124 0.8331172922854431 0.8331172922854431 
27 162 0 0.8284943358759006 0.8331172922854431 0.8331172922854431 
28 38 0 0.8249252705975912 0.8331172922854431 0.8331172922854431 
29 7 0 0.8277304068890544 0.8331172922854431 0.8331172922854431 
0 3454 2 0.6666950947137685 0.8200548002851134 0.8200548002851134 
1 202 1 0.709236892628305 0.8330913086886971 0.8330913086886971 
2 640 0 0.7397221667517254 0.8330913086886971 0.8330913086886971 
3 174 1 0.7721263340676672 0.8330913086886971 0.8330913086886971 
4 314 0 0.7949408952423276 0.8330913086886971 0.8330913086886971 
5 83 1 0.8038595834294568 0.8331172922854431 0.8331172922854431 
6 57 1 0.8120441197176365 0.8331172922854431 0.8331172922854431 
7 244 0 0.8158501563254648 0.8331172922854431 0.8331172922854431 
8 65 1 0.8218660402702812 0.8331172922854431 0.8331172922854431 
9 39 1 0.8249912024355299 0.8331172922854431 0.8331172922854431 
10 54 0 0.8241837407050463 0.8331172922854431 0.8331172922854431 
11 131 0 0.8272547082728259 0.8331172922854431 0.8331172922854431 
12 45 2 0.8243250011829375 0.8331172922854431 0.8331172922854431 
13 34 0 0.8226469743058195 0.8331172922854431 0.8331172922854431 
14 113 0 0.8209995024145138 0.8331172922854431 0.8331172922854431 
15 33 0 0.8246341392720133 0.8331172922854431 0.8331172922854431 
16 120 0 0.8269904937930294 0.8331172922854431 0.8331172922854431 
17 122 0 0.8258825655303492 0.8331172922854431 0.8331172922854431 
18 41 1 0.8281229527052945 0.8331172922854431 0.8331172922854431 
19 51 0 0.8264698513534067 0.8331172922854431 0.8331172922854431 
20 7 0 0.8277317989266997 0.8331172922854431 0.8331172922854431 
21 205 0 0.8235868249601651 0.8331172922854431 0.8331172922854431 
22 46 0 0.8239581312165221 0.8331172922854431 0.8331172922854431 
23 156 0 0.8233719924906826 0.8331172922854431 0.8331172922854431 
24 79 0 0.8199831622905731 0.8331172922854431 0.8331172922854431 
25 104 0 0.8261141666775147 0.8331172922854431 0.8331172922854431 
26 76 1 0.8273713959601616 0.8331172922854431 0.8331172922854431 
27 115 0 0.8272805096876853 0.8331172922854431 0.8331172922854431 
28 34 1 0.8252400965315596 0.8331172922854431 0.8331172922854431 
29 48 1 0.825119105991019 0.8331172922854431 0.8331172922854431 
0 3618 2 0.6650214986768348 0.810138442154743 0.810138442154743 
1 220 2 0.7040119987183842 0.8329982119033941 0.8329982119033941 
2 257 1 0.735116841225452 0.8329982119033941 0.8329982119033941 
3 121 1 0.7634774030440805 0.8329982119033941 0.8329982119033941 
4 71 0 0.7868624493820872 0.8329982119033941 0.8329982119033941 
5 65 0 0.8001950465717392 0.8329982119033941 0.8329982119033941 
6 79 1 0.8048356934760799 0.8329982119033941 0.8329982119033941 
7 103 1 0.8141993589955926 0.8330913086886971 0.8330913086886971 
8 44 0 0.8143292483750831 0.8331172922854431 0.8331172922854431 
9 151 0 0.8173675591633216 0.8331172922854431 0.8331172922854431 
10 43 0 0.8209952669205371 0.8331172922854431 0.8331172922854431 
11 145 0 0.8252447396153306 0.8331172922854431 0.8331172922854431 
12 47 2 0.8228824688079033 0.8331172922854431 0.8331172922854431 
13 48 0 0.8276827643167348 0.8331172922854431 0.8331172922854431 
14 200 0 0.8269959616633087 0.8331172922854431 0.8331172922854431 
15 141 0 0.8256083242708878 0.8331172922854431 0.8331172922854431 
16 356 0 0.8221540640284677 0.8331172922854431 0.8331172922854431 
17 251 0 0.8259807902271836 0.8331172922854431 0.8331172922854431 
18 263 0 0.8221284619872603 0.8331172922854431 0.8331172922854431 
19 85 1 0.8279394538813548 0.8331172922854431 0.8331172922854431 
20 114 1 0.8289397136850636 0.8331172922854431 0.8331172922854431 
21 149 0 0.8271774046542641 0.8331172922854431 0.8331172922854431 
22 25 0 0.8279064105859036 0.8331172922854431 0.8331172922854431 
23 50 1 0.8268184744515216 0.8331172922854431 0.8331172922854431 
24 197 0 0.8258061737602115 0.8331172922854431 0.8331172922854431 
25 78 0 0.8265572563535732 0.8331172922854431 0.8331172922854431 
26 108 0 0.8255268149826095 0.8331172922854431 0.8331172922854431 
27 29 0 0.8269629529365818 0.8331172922854431 0.8331172922854431 
28 116 0 0.8256341961771434 0.8331172922854431 0.8331172922854431 
29 56 1 0.8283325848277373 0.8331172922854431 0.8331172922854431 
0 2887 2 0.6674759967527738 0.8119916993109114 0.8119916993109114 
1 542 1 0.7045265537149311 0.8201478970704164 0.8201478970704164 
2 206 1 0.7355276348511012 0.8201478970704164 0.8201478970704164 
3 117 1 0.7607429729983006 0.8329982119033941 0.8329982119033941 
4 205 1 0.7798442521767099 0.8269112195567431 0.8329982119033941 
5 315 0 0.7938365564838813 0.8201478970704164 0.8329982119033941 
6 169 1 0.8025679674259838 0.8201478970704164 0.8329982119033941 
7 663 0 0.8067889247798393 0.8201478970704164 0.8329982119033941 
8 221 1 0.808140503032755 0.8331172922854431 0.8331172922854431 
9 72 1 0.812540872882926 0.8331172922854431 0.8331172922854431 
10 70 1 0.8153535487036632 0.8331172922854431 0.8331172922854431 
11 81 0 0.8158283964876738 0.8331172922854431 0.8331172922854431 
12 70 1 0.8174333963850638 0.8331172922854431 0.8331172922854431 
13 161 0 0.8162746286501925 0.8331172922854431 0.8331172922854431 
14 84 0 0.8187592345290531 0.8331172922854431 0.8331172922854431 
15 71 0 0.8243226207485573 0.8331172922854431 0.8331172922854431 
16 101 1 0.8245555730183457 0.8331172922854431 0.8331172922854431 
17 183 1 0.8230228706126403 0.8331172922854431 0.8331172922854431 
18 106 0 0.8230615213981352 0.8331172922854431 0.8331172922854431 
19 63 0 0.8247167904268358 0.8331172922854431 0.8331172922854431 
20 64 1 0.8245294429615582 0.8331172922854431 0.8331172922854431 
21 37 0 0.8234296588744167 0.8331172922854431 0.8331172922854431 
22 105 0 0.8239130362814567 0.8331172922854431 0.8331172922854431 
23 59 0 0.822762142894048 0.8331172922854431 0.8331172922854431 
24 98 1 0.8235464643798729 0.8331172922854431 0.8331172922854431 
25 68 0 0.8250832816087146 0.8331172922854431 0.8331172922854431 
26 9 0 0.8251640942470954 0.8331172922854431 0.8331172922854431 
27 36 0 0.8254904702354893 0.8331172922854431 0.8331172922854431 
28 29 0 0.8263338126333877 0.8331172922854431 0.8331172922854431 
29 69 0 0.8243888973599378 0.8331172922854431 0.8331172922854431 
0 2529 2 0.6577060819093209 0.8150813223405025 0.8150813223405025 
1 116 2 0.6945764478883127 0.8150813223405025 0.8150813223405025 
2 312 1 0.7315313504642811 0.8202415822129082 0.8202415822129082 
3 112 1 0.7582105063926495 0.8202415822129082 0.8202415822129082 
4 180 0 0.7836158479750978 0.8268237703778542 0.8268237703778542 
5 668 0 0.7948531628651202 0.8268237703778542 0.8268237703778542 
6 137 0 0.8045423018646987 0.8268237703778542 0.8268237703778542 
7 1225 0 0.8063095031062336 0.8268237703778542 0.8268237703778542 
8 39 0 0.8120117045359814 0.8329982119033941 0.8329982119033941 
9 27 0 0.8117855834738329 0.8329982119033941 0.8329982119033941 
10 53 0 0.81408066348906 0.8329982119033941 0.8329982119033941 
11 136 0 0.8154805828316786 0.8331172922854431 0.8331172922854431 
12 101 2 0.8177567586956498 0.8331172922854431 0.8331172922854431 
13 27 0 0.8186647065122505 0.8331172922854431 0.8331172922854431 
14 249 0 0.8173700776905021 0.8331172922854431 0.8331172922854431 
15 31 0 0.8206677684992614 0.8331172922854431 0.8331172922854431 
16 62 0 0.8238037939771553 0.8331172922854431 0.8331172922854431 
17 67 0 0.8244453447473831 0.8331172922854431 0.8331172922854431 
18 62 0 0.8278693339653869 0.8331172922854431 0.8331172922854431 
19 60 0 0.8275540339100904 0.8331172922854431 0.8331172922854431 
20 28 0 0.8244225009957522 0.8331172922854431 0.8331172922854431 
21 98 0 0.8264346641119552 0.8331172922854431 0.8331172922854431 
22 92 0 0.8281263982925725 0.8331172922854431 0.8331172922854431 
23 79 1 0.8268004998893191 0.8331172922854431 0.8331172922854431 
24 57 0 0.8260337379710121 0.8331172922854431 0.8331172922854431 
25 42 0 0.8233384201518555 0.8331172922854431 0.8331172922854431 
26 18 0 0.823963674114342 0.8331172922854431 0.8331172922854431 
27 55 2 0.8239055639019887 0.8331172922854431 0.8331172922854431 
28 76 0 0.8249460530134438 0.8331172922854431 0.8331172922854431 
29 19 0 0.8268426578889825 0.8331172922854431 0.8331172922854431 
0 2254 2 0.6712042383520054 0.8269112195567431 0.8269112195567431 
1 35 1 0.7117270703699233 0.8269112195567431 0.8269112195567431 
2 283 1 0.7444268138946012 0.8269112195567431 0.8269112195567431 
3 580 0 0.7789120263294947 0.8269112195567431 0.8269112195567431 
4 72 0 0.7974137383443738 0.8269112195567431 0.8269112195567431 
5 428 0 0.8041746639243981 0.8269112195567431 0.8269112195567431 
6 211 0 0.8149329072052938 0.8269112195567431 0.8269112195567431 
7 41 0 0.8189632132676314 0.8329982119033941 0.8329982119033941 
8 304 1 0.8206826302302808 0.8329982119033941 0.8329982119033941 
9 171 0 0.8160916918503048 0.8329982119033941 0.8329982119033941 
10 67 1 0.8217647325600974 0.8329982119033941 0.8329982119033941 
11 10 1 0.8204448058967857 0.8329982119033941 0.8329982119033941 
12 64 1 0.8202143377886599 0.8329982119033941 0.8329982119033941 
13 11 0 0.822909687631884 0.8331172922854431 0.8331172922854431 
14 43 0 0.8236636971021299 0.8331172922854431 0.8331172922854431 
15 50 1 0.8247356516018107 0.8331172922854431 0.8331172922854431 
16 44 0 0.8243100197393948 0.8331172922854431 0.8331172922854431 
17 67 1 0.8244614690487377 0.8331172922854431 0.8331172922854431 
18 6 0 0.8268190099033135 0.8331172922854431 0.8331172922854431 
19 49 1 0.8259680752600009 0.8331172922854431 0.8331172922854431 
20 136 1 0.827302523749206 0.8331172922854431 0.8331172922854431 
21 69 0 0.8257332351749976 0.8331172922854431 0.8331172922854431 
22 13 1 0.8247265659040185 0.8331172922854431 0.8331172922854431 
23 36 0 0.8269551492256474 0.8331172922854431 0.8331172922854431 
24 102 0 0.8235996119377907 0.8331172922854431 0.8331172922854431 
25 57 0 0.8242805084430453 0.8331172922854431 0.8331172922854431 
26 30 0 0.8265570996161619 0.8331172922854431 0.8331172922854431 
27 198 0 0.8260847220117795 0.8331172922854431 0.8331172922854431 
28 29 0 0.8260889940651481 0.8331172922854431 0.8331172922854431 
29 17 1 0.82297940377995 0.8331172922854431 0.8331172922854431 
0 2126 2 0.6731010315100145 0.8268237703778542 0.8268237703778542 
1 266 2 0.7128778956320584 0.8331172922854431 0.8331172922854431 
2 173 1 0.7424604217472702 0.8331172922854431 0.8331172922854431 
3 31 1 0.7711511310245405 0.8331172922854431 0.8331172922854431 
4 307 1 0.7939598551069339 0.8331172922854431 0.8331172922854431 
5 56 0 0.8057820189738387 0.8331172922854431 0.8331172922854431 
6 609 1 0.8110933517729343 0.8331172922854431 0.8331172922854431 
7 72 0 0.8197508824964185 0.8331172922854431 0.8331172922854431 
8 26 1 0.822555894286484 0.8331172922854431 0.8331172922854431 
9 33 0 0.8233362426574093 0.8331172922854431 0.8331172922854431 
10 61 1 0.8217745508338942 0.8331172922854431 0.8331172922854431 
11 17 1 0.8251274161867844 0.8331172922854431 0.8331172922854431 
12 5 2 0.825307794543464 0.8331172922854431 0.8331172922854431 
13 238 1 0.8254922929068478 0.8331172922854431 0.8331172922854431 
14 75 1 0.8231945248892185 0.8331172922854431 0.8331172922854431 
15 54 1 0.8254419109604888 0.8331172922854431 0.8331172922854431 
16 13 0 0.8280529284388176 0.8331172922854431 0.8331172922854431 
17 170 0 0.8231891865612242 0.8331172922854431 0.8331172922854431 
18 113 0 0.8269476808954876 0.8331172922854431 0.8331172922854431 
19 148 0 0.8271821589075721 0.8331172922854431 0.8331172922854431 
20 49 0 0.8288656015340808 0.8331172922854431 0.8331172922854431 
21 40 1 0.8260270942816728 0.8331172922854431 0.8331172922854431 
22 91 0 0.8285100920638588 0.8331172922854431 0.8331172922854431 
23 41 0 0.8258451222393154 0.8331172922854431 0.8331172922854431 
24 68 0 0.8244406277815175 0.8331172922854431 0.8331172922854431 
25 78 0 0.8253435577499179 0.8331172922854431 0.8331172922854431 
26 53 0 0.8258761175617287 0.8331172922854431 0.8331172922854431 
27 42 0 0.8248632159712821 0.8331172922854431 0.8331172922854431 
28 40 0 0.8260173907199624 0.8331172922854431 0.8331172922854431 
29 55 0 0.8266503151245367 0.8331172922854431 0.8331172922854431 
0 2554 2 0.6722280078475074 0.8235184683501504 0.8235184683501504 
1 87 1 0.7071466146262972 0.8201478970704164 0.8235184683501504 
2 142 1 0.7414764990135556 0.8329982119033941 0.8329982119033941 
3 404 1 0.772348478722138 0.8329982119033941 0.8329982119033941 
4 70 1 0.7936662441100902 0.8329982119033941 0.8329982119033941 
5 96 0 0.8064699743228144 0.8329982119033941 0.8329982119033941 
6 68 0 0.804481471337477 0.8329982119033941 0.8329982119033941 
7 20 0 0.8148377707484769 0.8329982119033941 0.8329982119033941 
8 68 0 0.8141102600527855 0.8331172922854431 0.8331172922854431 
9 146 1 0.8171826743638343 0.8329982119033941 0.8331172922854431 
10 98 0 0.8144778208343094 0.8329982119033941 0.8331172922854431 
11 21 0 0.8218568196210798 0.8329982119033941 0.8331172922854431 
12 270 2 0.8230980057255931 0.8331172922854431 0.8331172922854431 
13 39 1 0.8265433127595324 0.8331172922854431 0.8331172922854431 
14 34 0 0.8255973661504358 0.8331172922854431 0.8331172922854431 
15 183 0 0.8286396294579097 0.8331172922854431 0.8331172922854431 
16 10 1 0.8266018125641833 0.8331172922854431 0.8331172922854431 
17 73 1 0.8250355963614112 0.8331172922854431 0.8331172922854431 
18 76 0 0.8293975403482459 0.8331172922854431 0.8331172922854431 
19 36 0 0.8276622463518835 0.8331172922854431 0.8331172922854431 
20 19 1 0.8266456997171713 0.8331172922854431 0.8331172922854431 
21 122 1 0.8252307467785678 0.8331172922854431 0.8331172922854431 
22 79 0 0.8259548230107494 0.8331172922854431 0.8331172922854431 
23 24 0 0.827176803714175 0.8331172922854431 0.8331172922854431 
24 128 0 0.8273131646952642 0.8331172922854431 0.8331172922854431 
25 69 0 0.8259447400324329 0.8331172922854431 0.8331172922854431 
26 35 0 0.8296683627796736 0.8331172922854431 0.8331172922854431 
27 154 0 0.8273971480789938 0.8331172922854431 0.8331172922854431 
28 127 0 0.8270565918539182 0.8331172922854431 0.8331172922854431 
29 59 0 0.8283744888171717 0.8331172922854431 0.8331172922854431 
0 2315 2 0.664464449356234 0.8331172922854431 0.8331172922854431 
1 293 1 0.6992086852782972 0.8331172922854431 0.8331172922854431 
2 194 0 0.7310110210893866 0.8331172922854431 0.8331172922854431 
3 248 1 0.7614336199333236 0.8331172922854431 0.8331172922854431 
4 64 0 0.7857739945647143 0.8331172922854431 0.8331172922854431 
5 23 0 0.807117122970474 0.8331172922854431 0.8331172922854431 
6 54 0 0.8120266293096856 0.8331172922854431 0.8331172922854431 
7 204 0 0.8182266941512844 0.8331172922854431 0.8331172922854431 
8 21 0 0.8226902893755986 0.8331172922854431 0.8331172922854431 
9 75 0 0.8264710806745428 0.8331172922854431 0.8331172922854431 
10 47 0 0.8283428954074771 0.8331172922854431 0.8331172922854431 
11 85 0 0.8277326774748104 0.8331172922854431 0.8331172922854431 
12 131 1 0.82447615760785 0.8331172922854431 0.8331172922854431 
13 36 0 0.8258016473740235 0.8331172922854431 0.8331172922854431 
14 74 0 0.8254106895746461 0.8331172922854431 0.8331172922854431 
15 22 0 0.8248209883829263 0.8331172922854431 0.8331172922854431 
16 198 0 0.8259778755459242 0.8331172922854431 0.8331172922854431 
17 182 0 0.8249384179744876 0.8331172922854431 0.8331172922854431 
18 37 0 0.8245745992307917 0.8331172922854431 0.8331172922854431 
19 54 0 0.8272203777798647 0.8331172922854431 0.8331172922854431 
20 90 0 0.8269765243730679 0.8331172922854431 0.8331172922854431 
21 35 1 0.8257589624282398 0.8331172922854431 0.8331172922854431 
22 83 0 0.8270129871890167 0.8331172922854431 0.8331172922854431 
23 9 0 0.8269560562793182 0.8331172922854431 0.8331172922854431 
24 101 0 0.8231945437695977 0.8331172922854431 0.8331172922854431 
25 66 0 0.8276955408278224 0.8331172922854431 0.8331172922854431 
26 15 0 0.8277171096383555 0.8331172922854431 0.8331172922854431 
27 28 0 0.8238171605601612 0.8331172922854431 0.8331172922854431 
28 15 0 0.8268781784452045 0.8331172922854431 0.8331172922854431 
29 3 1 0.8288335448035434 0.8331172922854431 0.8331172922854431 
0 1794 3 0.6636336484962694 0.8330913086886971 0.8330913086886971 
1 958 1 0.6964693136483373 0.8331172922854431 0.8331172922854431 
2 67 1 0.728585040188657 0.8331172922854431 0.8331172922854431 
3 67 1 0.7582029817313692 0.8331172922854431 0.8331172922854431 
4 25 1 0.7742258196661909 0.8331172922854431 0.8331172922854431 
5 109 0 0.7888043155316841 0.8331172922854431 0.8331172922854431 
6 28 1 0.8026250221014014 0.8331172922854431 0.8331172922854431 
7 84 1 0.8148615696989933 0.8331172922854431 0.8331172922854431 
8 90 1 0.8165651544119145 0.8331172922854431 0.8331172922854431 
9 37 0 0.8217147296618184 0.8331172922854431 0.8331172922854431 
10 40 0 0.8234205080483059 0.8331172922854431 0.8331172922854431 
11 96 0 0.8261321228937557 0.8331172922854431 0.8331172922854431 
12 132 2 0.8266365496161623 0.8331172922854431 0.8331172922854431 
13 44 0 0.8294769301967692 0.8331172922854431 0.8331172922854431 
14 153 0 0.823241969613075 0.8331172922854431 0.8331172922854431 
15 19 0 0.8265765031308787 0.8331172922854431 0.8331172922854431 
16 82 0 0.8274933475125037 0.8331172922854431 0.8331172922854431 
17 73 1 0.8272634088723261 0.8331172922854431 0.8331172922854431 
18 77 0 0.8229531518892403 0.8331172922854431 0.8331172922854431 
19 15 0 0.8264895314452212 0.8331172922854431 0.8331172922854431 
20 73 0 0.8256453972701446 0.8331172922854431 0.8331172922854431 
21 117 0 0.8268408184566921 0.8331172922854431 0.8331172922854431 
22 50 0 0.8293428011378414 0.8331172922854431 0.8331172922854431 
23 25 0 0.8265145782423253 0.8331172922854431 0.8331172922854431 
24 133 0 0.8246659097216574 0.8331172922854431 0.8331172922854431 
25 9 0 0.8259949777745679 0.8331172922854431 0.8331172922854431 
26 108 0 0.8241332979204088 0.8331172922854431 0.8331172922854431 
27 232 1 0.8263677842349587 0.8331172922854431 0.8331172922854431 
28 51 0 0.82796507068429 0.8331172922854431 0.8331172922854431 
29 118 0 0.8236410503702263 0.8331172922854431 0.8331172922854431 
0 2425 2 0.6704885315242766 0.8073148440699892 0.8073148440699892 
1 625 1 0.7110548410910589 0.8200548002851134 0.8200548002851134 
2 150 1 0.7445925913697713 0.8235184683501504 0.8235184683501504 
3 122 1 0.7774456426563339 0.8235184683501504 0.8235184683501504 
4 38 1 0.7963568266694887 0.8331172922854431 0.8331172922854431 
5 103 1 0.8048292527480869 0.8331172922854431 0.8331172922854431 
6 20 0 0.8103390333554416 0.8331172922854431 0.8331172922854431 
7 51 1 0.8151785362154724 0.8331172922854431 0.8331172922854431 
8 51 0 0.8167083753502757 0.8331172922854431 0.8331172922854431 
9 67 0 0.8188749003968355 0.8331172922854431 0.8331172922854431 
10 172 0 0.8191228289961846 0.8331172922854431 0.8331172922854431 
11 58 0 0.8199467174441755 0.8331172922854431 0.8331172922854431 
12 106 2 0.8238258759501664 0.8331172922854431 0.8331172922854431 
13 28 0 0.8255323384432475 0.8331172922854431 0.8331172922854431 
14 27 0 0.8285354641587799 0.8331172922854431 0.8331172922854431 
15 112 0 0.8248252892229648 0.8331172922854431 0.8331172922854431 
16 130 0 0.8253229578044177 0.8331172922854431 0.8331172922854431 
17 68 0 0.824159501583557 0.8331172922854431 0.8331172922854431 
18 20 1 0.8238568622007599 0.8331172922854431 0.8331172922854431 
19 65 1 0.8269920436758256 0.8331172922854431 0.8331172922854431 
20 162 0 0.826733355893101 0.8331172922854431 0.8331172922854431 
21 52 1 0.8236134253884109 0.8331172922854431 0.8331172922854431 
22 87 0 0.8243960229412144 0.8331172922854431 0.8331172922854431 
23 37 0 0.8256272292005536 0.8331172922854431 0.8331172922854431 
24 24 0 0.8249537602702788 0.8331172922854431 0.8331172922854431 
25 75 1 0.8222752377385584 0.8331172922854431 0.8331172922854431 
26 328 0 0.8254828574658819 0.8331172922854431 0.8331172922854431 
27 23 1 0.8227755343676535 0.8331172922854431 0.8331172922854431 
28 17 1 0.8283131079322975 0.8331172922854431 0.8331172922854431 
29 124 0 0.8284852346951519 0.8331172922854431 0.8331172922854431 
0 2625 2 0.6706036906054158 0.8330913086886971 0.8330913086886971 
1 117 1 0.7047298389614599 0.8330913086886971 0.8330913086886971 
2 667 1 0.7450919755641786 0.826797786781108 0.8330913086886971 
3 68 1 0.7739471357347557 0.8331172922854431 0.8331172922854431 
4 84 1 0.7910471763309868 0.8331172922854431 0.8331172922854431 
5 71 1 0.802272405632131 0.8331172922854431 0.8331172922854431 
6 32 0 0.8098027876297629 0.8331172922854431 0.8331172922854431 
7 430 0 0.815506457291968 0.8331172922854431 0.8331172922854431 
8 11 1 0.8217681716654712 0.8331172922854431 0.8331172922854431 
9 81 1 0.8253974720069301 0.8331172922854431 0.8331172922854431 
10 134 0 0.8262589828567168 0.8331172922854431 0.8331172922854431 
11 76 0 0.8263276650186682 0.8331172922854431 0.8331172922854431 
12 68 2 0.8277261176369926 0.8331172922854431 0.8331172922854431 
13 51 1 0.8249950055172259 0.8331172922854431 0.8331172922854431 
14 203 0 0.8259787819624634 0.8331172922854431 0.8331172922854431 
15 46 0 0.8249082415143413 0.8331172922854431 0.8331172922854431 
16 47 1 0.8241801336630807 0.8331172922854431 0.8331172922854431 
17 36 0 0.8240414274548103 0.8331172922854431 0.8331172922854431 
18 23 1 0.8273209884793913 0.8331172922854431 0.8331172922854431 
19 46 1 0.8266569430868759 0.8331172922854431 0.8331172922854431 
20 76 0 0.8241862149983682 0.8331172922854431 0.8331172922854431 
21 27 0 0.8258141476895539 0.8331172922854431 0.8331172922854431 
22 50 0 0.8262932538009319 0.8331172922854431 0.8331172922854431 
23 8 1 0.8254412956467292 0.8331172922854431 0.8331172922854431 
24 101 1 0.8294634167601588 0.8331172922854431 0.8331172922854431 
25 92 1 0.8253403196843223 0.8331172922854431 0.8331172922854431 
26 33 0 0.8268468990056135 0.8331172922854431 0.8331172922854431 
27 40 0 0.8276657181165341 0.8331172922854431 0.8331172922854431 
28 69 0 0.8272311241982301 0.8331172922854431 0.8331172922854431 
29 50 0 0.8279745390232169 0.8331172922854431 0.8331172922854431 
0 2819 2 0.6675948952258273 0.8269112195567431 0.8269112195567431 
1 551 1 0.6984315410136698 0.8269112195567431 0.8269112195567431 
2 445 0 0.7344040990604259 0.8269112195567431 0.8269112195567431 
3 65 0 0.7619480876708604 0.8330913086886971 0.8330913086886971 
4 38 1 0.7902349206144897 0.8331172922854431 0.8331172922854431 
5 65 0 0.803265692099245 0.8331172922854431 0.8331172922854431 
6 28 0 0.8148355919504947 0.8331172922854431 0.8331172922854431 
7 248 0 0.8148047814748051 0.8331172922854431 0.8331172922854431 
8 121 0 0.8184325650057711 0.8331172922854431 0.8331172922854431 
9 77 1 0.8233230562272698 0.8331172922854431 0.8331172922854431 
10 76 1 0.8258366236148871 0.8331172922854431 0.8331172922854431 
11 89 1 0.8232048068509116 0.8331172922854431 0.8331172922854431 
12 74 1 0.8234507629014725 0.8331172922854431 0.8331172922854431 
13 12 0 0.8262129681871593 0.8331172922854431 0.8331172922854431 
14 36 0 0.8261241889154172 0.8331172922854431 0.8331172922854431 
15 78 1 0.827124853010244 0.8331172922854431 0.8331172922854431 
16 172 0 0.8248261128712179 0.8331172922854431 0.8331172922854431 
17 21 0 0.8262774518228588 0.8331172922854431 0.8331172922854431 
18 40 0 0.8272641188890311 0.8331172922854431 0.8331172922854431 
19 39 0 0.8273851253148198 0.8331172922854431 0.8331172922854431 
20 313 1 0.823160924386993 0.8331172922854431 0.8331172922854431 
21 16 0 0.8264694482676309 0.8331172922854431 0.8331172922854431 
22 87 0 0.823135326067231 0.8331172922854431 0.8331172922854431 
23 78 0 0.8279386806855388 0.8331172922854431 0.8331172922854431 
24 108 0 0.826759568775672 0.8331172922854431 0.8331172922854431 
25 153 0 0.8238721126207089 0.8331172922854431 0.8331172922854431 
26 23 0 0.8259903132797755 0.8331172922854431 0.8331172922854431 
27 99 0 0.8238937231239732 0.8331172922854431 0.8331172922854431 
28 114 0 0.8252365034409752 0.8331172922854431 0.8331172922854431 
29 93 1 0.8256043381428815 0.8331172922854431 0.8331172922854431 
0 2803 2 0.6654293621023782 0.8236375487321994 0.8236375487321994 
1 306 1 0.6995600745007242 0.8236375487321994 0.8236375487321994 
2 100 1 0.7370686970497387 0.8236375487321994 0.8236375487321994 
3 166 0 0.7710686741275089 0.8236375487321994 0.8236375487321994 
4 82 0 0.7956607174699044 0.8236375487321994 0.8236375487321994 
5 96 0 0.8045589117813292 0.8331172922854431 0.8331172922854431 
6 55 0 0.815203823368961 0.8331172922854431 0.8331172922854431 
7 62 0 0.8183610197623513 0.8331172922854431 0.8331172922854431 
8 39 1 0.8158308471687381 0.8331172922854431 0.8331172922854431 
9 74 1 0.8161432731147679 0.8331172922854431 0.8331172922854431 
10 160 0 0.8163987860491472 0.8331172922854431 0.8331172922854431 
11 51 0 0.8211767220681463 0.8331172922854431 0.8331172922854431 
12 26 1 0.8224745731287723 0.8331172922854431 0.8331172922854431 
13 162 0 0.8207960037005989 0.8331172922854431 0.8331172922854431 
14 99 0 0.8248935493020718 0.8331172922854431 0.8331172922854431 
15 15 0 0.8265619222714394 0.8331172922854431 0.8331172922854431 
16 99 1 0.8261475505198377 0.8331172922854431 0.8331172922854431 
17 74 0 0.8272896585823402 0.8331172922854431 0.8331172922854431 
18 167 0 0.825125717375007 0.8331172922854431 0.8331172922854431 
19 19 0 0.8271256943131319 0.8331172922854431 0.8331172922854431 
20 90 0 0.8272576758350312 0.8331172922854431 0.8331172922854431 
21 48 0 0.8263522995811079 0.8331172922854431 0.8331172922854431 
22 65 0 0.8259653251393825 0.8331172922854431 0.8331172922854431 
23 29 1 0.8246071558015341 0.8331172922854431 0.8331172922854431 
24 117 0 0.825036566034105 0.8331172922854431 0.8331172922854431 
25 94 1 0.8271274421221777 0.8331172922854431 0.8331172922854431 
26 51 0 0.8278371047315674 0.8331172922854431 0.8331172922854431 
27 62 0 0.8267341590776242 0.8331172922854431 0.8331172922854431 
28 57 0 0.8262259683561284 0.8331172922854431 0.8331172922854431 
29 77 0 0.8266477136522999 0.8331172922854431 0.8331172922854431 
0 2190 2 0.6654383134466886 0.8179001514451336 0.8179001514451336 
1 1222 1 0.6957567656347954 0.8179001514451336 0.8179001514451336 
2 51 1 0.7214442199326502 0.8179001514451336 0.8179001514451336 
3 151 1 0.7541824903382458 0.8201478970704164 0.8201478970704164 
4 190 0 0.7761795074391923 0.8329982119033941 0.8329982119033941 
5 148 0 0.7921200323565089 0.8329982119033941 0.8329982119033941 
6 85 0 0.8038160917121425 0.8329982119033941 0.8329982119033941 
7 34 0 0.8094504161766126 0.8329982119033941 0.8329982119033941 
8 124 0 0.8135021836524645 0.8329982119033941 0.8329982119033941 
9 30 0 0.8151877351161501 0.8329982119033941 0.8329982119033941 
10 125 1 0.8188561823786897 0.8329982119033941 0.8329982119033941 
11 135 0 0.8212249375451508 0.8331172922854431 0.8331172922854431 
12 85 1 0.8230876814476669 0.8331172922854431 0.8331172922854431 
13 137 1 0.8237251252186998 0.8331172922854431 0.8331172922854431 
14 54 0 0.8237015989434073 0.8331172922854431 0.8331172922854431 
15 56 0 0.8246246360325412 0.8331172922854431 0.8331172922854431 
16 324 1 0.8251839283703055 0.8331172922854431 0.8331172922854431 
17 101 0 0.8274021850462568 0.8331172922854431 0.8331172922854431 
18 28 0 0.8272196442016346 0.8331172922854431 0.8331172922854431 
19 73 0 0.8263091730506383 0.8331172922854431 0.8331172922854431 
20 83 0 0.8237206109913845 0.8331172922854431 0.8331172922854431 
21 136 0 0.8251734914710692 0.8331172922854431 0.8331172922854431 
22 62 1 0.829713020787763 0.8331172922854431 0.8331172922854431 
23 186 0 0.8279162356083806 0.8331172922854431 0.8331172922854431 
24 62 0 0.8246841564982423 0.8331172922854431 0.8331172922854431 
25 8 0 0.8275888455959229 0.8331172922854431 0.8331172922854431 
26 72 0 0.8274666731876386 0.8331172922854431 0.8331172922854431 
27 58 0 0.8247641519562737 0.8331172922854431 0.8331172922854431 
28 42 0 0.8286548203449026 0.8331172922854431 0.8331172922854431 
29 54 0 0.8274863991813516 0.8331172922854431 0.8331172922854431 
0 2672 3 0.6611074402217244 0.8235080672921165 0.8235080672921165 
1 288 1 0.6970625181378215 0.8329982119033941 0.8329982119033941 
2 52 0 0.7395739621911326 0.8329982119033941 0.8329982119033941 
3 15 1 0.7765364452488684 0.8330913086886971 0.8330913086886971 
4 253 0 0.7934448608106172 0.8330913086886971 0.8330913086886971 
5 240 0 0.8045358683980541 0.8330913086886971 0.8330913086886971 
6 39 0 0.8148142923302031 0.8330913086886971 0.8330913086886971 
7 279 0 0.8210583883667565 0.8331172922854431 0.8331172922854431 
8 52 1 0.8231705710229126 0.8331172922854431 0.8331172922854431 
9 143 0 0.8239600544533217 0.8331172922854431 0.8331172922854431 
10 92 0 0.8250142506359439 0.8331172922854431 0.8331172922854431 
11 52 0 0.8250331220764637 0.8331172922854431 0.8331172922854431 
12 17 2 0.8225314587582045 0.8331172922854431 0.8331172922854431 
13 250 0 0.8262501656629628 0.8331172922854431 0.8331172922854431 
14 182 0 0.8239617782999292 0.8331172922854431 0.8331172922854431 
15 36 1 0.8235105305219866 0.8331172922854431 0.8331172922854431 
16 89 0 0.8202878787049717 0.8331172922854431 0.8331172922854431 
17 17 0 0.8225408937687513 0.8331172922854431 0.8331172922854431 
18 37 1 0.8237390563492762 0.8331172922854431 0.8331172922854431 
19 82 0 0.8282600031502828 0.8331172922854431 0.8331172922854431 
20 60 1 0.8243614562336725 0.8331172922854431 0.8331172922854431 
21 35 0 0.8263752632654079 0.8331172922854431 0.8331172922854431 
22 114 0 0.8264858853921403 0.8331172922854431 0.8331172922854431 
23 84 0 0.8252431697478322 0.8331172922854431 0.8331172922854431 
24 80 0 0.8242703194875202 0.8331172922854431 0.8331172922854431 
25 70 0 0.8244191157366199 0.8331172922854431 0.8331172922854431 
26 26 0 0.8247963869394197 0.8331172922854431 0.8331172922854431 
27 249 1 0.8212927122621653 0.8331172922854431 0.8331172922854431 
28 191 0 0.8260936141950479 0.8331172922854431 0.8331172922854431 
29 38 0 0.827196844235412 0.8331172922854431 0.8331172922854431 
0 2580 2 0.6607026620240363 0.8180480672286509 0.8180480672286509 
1 95 1 0.6950572571619518 0.8180480672286509 0.8180480672286509 
2 288 1 0.732563145785026 0.8235080672921165 0.8235080672921165 
3 145 1 0.7635629032838264 0.823715899854366 0.823715899854366 
4 373 1 0.7842027411207134 0.8331172922854431 0.8331172922854431 
5 183 0 0.7984933306352702 0.8331172922854431 0.8331172922854431 
6 32 0 0.8113368287455553 0.8331172922854431 0.8331172922854431 
7 63 1 0.8141817351103222 0.8331172922854431 0.8331172922854431 
8 130 0 0.8118479559865797 0.8331172922854431 0.8331172922854431 
9 46 0 0.8165217602157291 0.8331172922854431 0.8331172922854431 
10 10 0 0.818929182852119 0.8331172922854431 0.8331172922854431 
11 109 0 0.8188057926471434 0.8331172922854431 0.8331172922854431 
12 197 2 0.8207322187198991 0.8331172922854431 0.8331172922854431 
13 25 0 0.8196569690494379 0.8331172922854431 0.8331172922854431 
14 25 0 0.826468264836326 0.8331172922854431 0.8331172922854431 
15 80 1 0.8256243537834262 0.8331172922854431 0.8331172922854431 
16 39 0 0.8264497516911932 0.8331172922854431 0.8331172922854431 
17 5 0 0.8297900541351482 0.8331172922854431 0.8331172922854431 
18 69 0 0.8234562211233575 0.8331172922854431 0.8331172922854431 
19 37 0 0.825410439944213 0.8331172922854431 0.8331172922854431 
20 84 0 0.8283908526625295 0.8331172922854431 0.8331172922854431 
21 25 0 0.8258766451781244 0.8331172922854431 0.8331172922854431 
22 125 1 0.8230770645758507 0.8331172922854431 0.8331172922854431 
23 13 0 0.8238916988027195 0.8331172922854431 0.8331172922854431 
24 70 0 0.8256998418113319 0.8331172922854431 0.8331172922854431 
25 36 0 0.8279545350621271 0.8331172922854431 0.8331172922854431 
26 55 0 0.8265406968786118 0.8331172922854431 0.8331172922854431 
27 81 0 0.8252512276793895 0.8331172922854431 0.8331172922854431 
28 53 1 0.8249998616803755 0.8331172922854431 0.8331172922854431 
29 30 1 0.8259206135700521 0.8331172922854431 0.8331172922854431 
0 2847 3 0.6688450887979543 0.8201478970704164 0.8201478970704164 
1 451 2 0.7054645953273985 0.8201478970704164 0.8201478970704164 
2 190 1 0.7469561815319362 0.8235080672921165 0.8235080672921165 
3 252 0 0.7738720155253196 0.8236375487321994 0.8236375487321994 
4 313 0 0.7912063498632982 0.8236375487321994 0.8236375487321994 
5 51 0 0.8043515397925133 0.8331172922854431 0.8331172922854431 
6 66 0 0.8072036374889694 0.8331172922854431 0.8331172922854431 
7 218 1 0.8105938360047592 0.8331172922854431 0.8331172922854431 
8 40 0 0.814293062356399 0.8331172922854431 0.8331172922854431 
9 176 0 0.8154944933455108 0.8331172922854431 0.8331172922854431 
10 116 0 0.8153680487484403 0.8331172922854431 0.8331172922854431 
11 91 0 0.8156015439965675 0.8331172922854431 0.8331172922854431 
12 37 2 0.8168350611754472 0.8331172922854431 0.8331172922854431 
13 31 1 0.8172917844626774 0.8331172922854431 0.8331172922854431 
14 27 0 0.8195466460973988 0.8331172922854431 0.8331172922854431 
15 188 0 0.8234122087757576 0.8331172922854431 0.8331172922854431 
16 35 1 0.8229270781983956 0.8331172922854431 0.8331172922854431 
17 68 0 0.8250710739363365 0.8331172922854431 0.8331172922854431 
18 193 1 0.826892366559618 0.8331172922854431 0.8331172922854431 
19 53 0 0.8263310537920704 0.8331172922854431 0.8331172922854431 
20 27 0 0.8251594540860109 0.8331172922854431 0.8331172922854431 
21 10 0 0.8239595053723143 0.8331172922854431 0.8331172922854431 
22 191 1 0.8247273319189306 0.8331172922854431 0.8331172922854431 
23 38 0 0.8253429121993541 0.8331172922854431 0.8331172922854431 
24 148 0 0.8262645523230252 0.8331172922854431 0.8331172922854431 
25 44 0 0.824838114719208 0.8331172922854431 0.8331172922854431 
26 12 1 0.8275052732611461 0.8331172922854431 0.8331172922854431 
27 20 1 0.8283102842933375 0.8331172922854431 0.8331172922854431 
28 60 1 0.8261098944736028 0.8331172922854431 0.8331172922854431 
29 61 0 0.8242947916751967 0.8331172922854431 0.8331172922854431 
