0 3499 8 0.46292078205332104 0.5416635973896021 0.5416635973896021 
1 523 1 0.46948481268065156 0.5416635973896021 0.5416635973896021 
2 282 1 0.4704485386997605 0.5284807825457147 0.5416635973896021 
3 301 1 0.4704669485319963 0.5036581558814794 0.5416635973896021 
4 349 1 0.4694975345831178 0.5004309345915816 0.5416635973896021 
5 252 1 0.4704591112022482 0.5010203798760579 0.5416635973896021 
6 367 1 0.47399744324647797 0.5007053613857111 0.5416635973896021 
7 357 3 0.4769492216894142 0.5017433854776381 0.5416635973896021 
8 310 3 0.48308649543680554 0.5031941624922185 0.5416635973896021 
9 422 4 0.48546009201584517 0.5041670779405086 0.5416635973896021 
10 301 5 0.4923808091940441 0.5047240956796613 0.5416635973896021 
11 191 6 0.4958469770394452 0.504664548624083 0.5416635973896021 
12 330 6 0.499021603114407 0.5051062164861496 0.5416635973896021 
13 405 7 0.5011391000138701 0.5055650170443713 0.5416635973896021 
14 550 8 0.5015336946583612 0.5057483044830405 0.5416635973896021 
15 203 12 0.5031265641495184 0.5054647481372327 0.5416635973896021 
16 215 12 0.5037291864143817 0.5049565301641614 0.5416635973896021 
17 349 13 0.5025073247677886 0.5049846878068356 0.5416635973896021 
18 388 14 0.5025077805815454 0.5045152783216615 0.5416635973896021 
19 218 15 0.5035682630488406 0.5044302956224561 0.5416635973896021 
20 211 16 0.5037614787548288 0.5045016999937051 0.5416635973896021 
21 374 17 0.5023268156863696 0.5048520069126393 0.5416635973896021 
22 107 17 0.5035300943377005 0.5047678291924236 0.5416635973896021 
23 135 18 0.5036847112300307 0.5048932436942902 0.5416635973896021 
24 383 17 0.5028300397330822 0.5049113281336266 0.5416635973896021 
25 268 18 0.5035768754348212 0.5048017375601177 0.5416635973896021 
26 298 19 0.5034038906837499 0.5048015581532136 0.5416635973896021 
27 211 19 0.503685473473345 0.5048149721707346 0.5416635973896021 
28 235 20 0.5039677102559115 0.504861007333222 0.5416635973896021 
29 554 30 0.5020097371773891 0.5051263008142663 0.5416635973896021 
0 2983 9 0.4620939265825409 0.5016413101301345 0.5016413101301345 
1 352 2 0.46874306687894873 0.49546611187119594 0.5016413101301345 
2 379 1 0.46884841325673576 0.49704128375405265 0.5016413101301345 
3 447 1 0.4682758592586481 0.4889193251947492 0.5016413101301345 
4 190 2 0.46808931733776404 0.4889193251947492 0.5016413101301345 
5 230 1 0.4676682635377031 0.4751162982058922 0.5016413101301345 
6 225 2 0.4693088298297483 0.4764701999436179 0.5016413101301345 
7 313 3 0.47187014800212757 0.47968991553919715 0.5016413101301345 
8 248 2 0.47629707602637816 0.4844262770927634 0.5016413101301345 
9 309 2 0.4786733818678735 0.48520166428198336 0.5016413101301345 
10 408 3 0.480882252494242 0.4864343014123094 0.5016413101301345 
11 317 2 0.482968848437707 0.48714576543356397 0.5016413101301345 
12 327 3 0.4843122480524684 0.4877512458874552 0.5016413101301345 
13 325 3 0.48549256663236534 0.48812821967579423 0.5016413101301345 
14 304 3 0.48627031369728146 0.4881546533095899 0.5016413101301345 
15 399 4 0.4863118651274747 0.48874873119819384 0.5016413101301345 
16 234 4 0.4871842817210602 0.4887436449547936 0.5016413101301345 
17 285 4 0.4874184219843572 0.4895607594172371 0.5016413101301345 
18 360 5 0.48775531773060893 0.48964590753222703 0.5016413101301345 
19 201 5 0.48732939039305967 0.490653294623543 0.5016413101301345 
20 203 6 0.48802973771114094 0.4896586724628188 0.5016413101301345 
21 319 5 0.488064096248163 0.490759502351378 0.5016413101301345 
22 216 6 0.4890306406467254 0.4908952546409152 0.5016413101301345 
23 153 5 0.489200394230303 0.49102225023269896 0.5016413101301345 
24 541 6 0.48914475434490734 0.4911985703042029 0.5016413101301345 
25 313 6 0.4891619997913801 0.4908710300837952 0.5016413101301345 
26 202 6 0.4891138076447746 0.49092757560253375 0.5016413101301345 
27 331 7 0.4887804192410885 0.4911877756190037 0.5016413101301345 
28 155 7 0.4893965553471397 0.4916333544355227 0.5016413101301345 
29 442 7 0.4892999305910862 0.49176804440525507 0.5016413101301345 
0 2701 6 0.4621044379619233 0.5192766694509783 0.5192766694509783 
1 355 1 0.4673798282214743 0.5192766694509783 0.5192766694509783 
2 365 1 0.4668155816626435 0.5008620220490246 0.5192766694509783 
3 239 2 0.46507351445870104 0.4909285731196333 0.5192766694509783 
4 443 1 0.4650884749192311 0.49534672826367965 0.5192766694509783 
5 289 2 0.4666668410562774 0.4918358620549333 0.5192766694509783 
6 557 1 0.4687779856591026 0.4928350704202854 0.5192766694509783 
7 157 2 0.4725913020323363 0.49466878096301165 0.5192766694509783 
8 185 2 0.4769564431455987 0.49549574535553 0.5192766694509783 
9 311 2 0.48133327720743935 0.4968266071375723 0.5192766694509783 
10 342 4 0.4851105258561344 0.499213885192059 0.5192766694509783 
11 383 5 0.49087841918296427 0.49966923417700304 0.5192766694509783 
12 165 6 0.4956865707519386 0.5002946815039461 0.5192766694509783 
13 391 7 0.49727686437362445 0.5003897706796393 0.5192766694509783 
14 345 9 0.49707013603554595 0.4995822407231373 0.5192766694509783 
15 357 11 0.4974250447914248 0.4996726992313586 0.5192766694509783 
16 154 11 0.4991956556105054 0.49985336909497247 0.5192766694509783 
17 128 10 0.49936133781565467 0.4999060910240558 0.5192766694509783 
18 248 13 0.49860450259784167 0.49993173986028794 0.5192766694509783 
19 266 16 0.4977529903417947 0.5002195371884812 0.5192766694509783 
20 214 17 0.49809160385153384 0.5002015347657999 0.5192766694509783 
21 360 19 0.498524588775994 0.5000992389649543 0.5192766694509783 
22 184 19 0.4991763188557957 0.501297948718139 0.5192766694509783 
23 200 20 0.49877071581325244 0.5013497601485615 0.5192766694509783 
24 327 21 0.49848757189549403 0.5013843599474515 0.5192766694509783 
25 259 21 0.4988148119441296 0.5012332209588656 0.5192766694509783 
26 179 23 0.49861271313761724 0.4998711153767684 0.5192766694509783 
27 443 26 0.49744568320224597 0.4998981625680048 0.5192766694509783 
28 243 23 0.49815085670519393 0.49992143382755405 0.5192766694509783 
29 274 30 0.498196955982932 0.49980075459590095 0.5192766694509783 
0 2976 6 0.4626021344351323 0.5602826748813762 0.5602826748813762 
1 566 2 0.4690558003791072 0.5602826748813762 0.5602826748813762 
2 254 3 0.47019819547848335 0.5602826748813762 0.5602826748813762 
3 290 2 0.4666233353686384 0.5051485450601336 0.5602826748813762 
4 277 2 0.46699795661788107 0.49929864339158264 0.5602826748813762 
5 189 2 0.4686164213476453 0.5102340495765103 0.5602826748813762 
6 500 3 0.4729820160676439 0.5008759174119604 0.5602826748813762 
7 357 2 0.47824157375603177 0.5001567133048995 0.5602826748813762 
8 349 3 0.48140949579606857 0.5014944364073548 0.5602826748813762 
9 467 3 0.48540647461454767 0.5027127240311995 0.5602826748813762 
10 319 5 0.48979800966144155 0.5021784718071365 0.5602826748813762 
11 151 7 0.49724238546048144 0.503642636427885 0.5602826748813762 
12 440 8 0.49828448109910517 0.5040094503826031 0.5602826748813762 
13 370 7 0.5001128267349989 0.5042224799260743 0.5602826748813762 
14 358 10 0.4992351548549885 0.5046285999402343 0.5602826748813762 
15 256 10 0.499911831625095 0.504474931736226 0.5602826748813762 
16 364 10 0.5012627310546879 0.5045282754113609 0.5602826748813762 
17 322 15 0.5008159020393255 0.5045479948610675 0.5602826748813762 
18 165 15 0.50240100415456 0.5048083068168423 0.5602826748813762 
19 228 16 0.5022362572556872 0.5048323528748657 0.5602826748813762 
20 392 17 0.5024773938107058 0.5050871805291204 0.5602826748813762 
21 348 21 0.5012420251395625 0.505522170661656 0.5602826748813762 
22 332 19 0.5028189631218078 0.5054514149374184 0.5602826748813762 
23 457 18 0.5025302281428154 0.5056158277265314 0.5602826748813762 
24 195 18 0.5039025670131952 0.5056217607576893 0.5602826748813762 
25 80 20 0.5044289839891292 0.5056444818258103 0.5602826748813762 
26 151 18 0.504312930138334 0.5055029333542638 0.5602826748813762 
27 303 21 0.502866817136972 0.5058259287024891 0.5602826748813762 
28 320 20 0.5039541535443542 0.5059024302456477 0.5602826748813762 
29 354 24 0.5029399954632234 0.5058695243218847 0.5602826748813762 
0 2660 7 0.4636402419227633 0.5241247831867972 0.5241247831867972 
1 512 2 0.4685451031854495 0.5323680012023482 0.5323680012023482 
2 302 1 0.4691953831470182 0.539137985300246 0.539137985300246 
3 410 1 0.4687893162341404 0.5098551954833842 0.539137985300246 
4 205 1 0.4703656044469563 0.49051916302233717 0.539137985300246 
5 143 1 0.47255068989666443 0.489018921752867 0.539137985300246 
6 272 1 0.4755488381893606 0.4911878718639168 0.539137985300246 
7 408 1 0.48024329029256774 0.4917392078405244 0.539137985300246 
8 333 2 0.4872261545069741 0.4941730633644821 0.539137985300246 
9 288 3 0.49059523109898495 0.49521519298156125 0.539137985300246 
10 311 4 0.49265711651582356 0.4955123046805153 0.539137985300246 
11 214 5 0.4933210946968012 0.49580794275247264 0.539137985300246 
12 285 7 0.4940581854597719 0.49649756754697094 0.539137985300246 
13 165 8 0.4946568952592104 0.4964748709734526 0.539137985300246 
14 134 8 0.49411300753947546 0.49689123524993206 0.539137985300246 
15 311 9 0.49435587959087074 0.496843338869312 0.539137985300246 
16 311 8 0.49544888244170515 0.4971607392159107 0.539137985300246 
17 244 9 0.49557398338993397 0.4971699061577832 0.539137985300246 
18 376 10 0.4949528974490831 0.4975665700321626 0.539137985300246 
19 259 12 0.49583360729609893 0.4975855611087936 0.539137985300246 
20 300 13 0.4961769647850432 0.49764474960844207 0.539137985300246 
21 419 15 0.49619064166807325 0.4988241311056063 0.539137985300246 
22 362 18 0.49531615692791514 0.4985387348495618 0.539137985300246 
23 188 18 0.4968219127727159 0.4993199532842504 0.539137985300246 
24 204 18 0.4972465526112662 0.49946732306409736 0.539137985300246 
25 296 19 0.49713726669823793 0.49979283450091583 0.539137985300246 
26 280 20 0.4975163342810023 0.498254827073514 0.539137985300246 
27 170 29 0.49767559249308513 0.4983506124651619 0.539137985300246 
28 178 20 0.4970083766111393 0.5000690400623548 0.539137985300246 
29 210 21 0.49702153547971833 0.5003096645310491 0.539137985300246 
0 2807 7 0.46469444694444684 0.5279053731915437 0.5279053731915437 
1 428 5 0.47110940681741714 0.5279053731915437 0.5279053731915437 
2 340 1 0.4701485790773461 0.5005082266689417 0.5279053731915437 
3 501 1 0.46907522429304266 0.49422740693284806 0.5279053731915437 
4 442 1 0.4695935176290835 0.4934014079164696 0.5279053731915437 
5 379 1 0.4731220354591813 0.4934014079164696 0.5279053731915437 
6 277 2 0.47727187271779364 0.49596268282996814 0.5279053731915437 
7 263 2 0.4829283375350928 0.49719664361533816 0.5279053731915437 
8 363 3 0.49013691076831906 0.4996413643862786 0.5279053731915437 
9 264 5 0.4942294688115544 0.500054478894755 0.5279053731915437 
10 224 6 0.4966329249978533 0.4996324884634036 0.5279053731915437 
11 222 7 0.4973479268178871 0.49973887551916085 0.5279053731915437 
12 382 8 0.4980214419261615 0.5002246111502407 0.5279053731915437 
13 251 8 0.49726282473773975 0.500298116601908 0.5279053731915437 
14 343 8 0.49933242984395465 0.5005073980619147 0.5279053731915437 
15 215 8 0.49959592928845153 0.5008116138689125 0.5279053731915437 
16 167 8 0.5001977650506134 0.5031512810123658 0.5279053731915437 
17 169 7 0.5008927420784225 0.5034903564878676 0.5279053731915437 
18 372 9 0.4993885197865484 0.5037257986474641 0.5279053731915437 
19 177 8 0.5009181546656446 0.5040109656012987 0.5279053731915437 
20 109 9 0.5014591092936744 0.5043065970189381 0.5279053731915437 
21 206 9 0.5015110746313592 0.5020315849832534 0.5279053731915437 
22 202 12 0.5016397863590275 0.5022007962068307 0.5279053731915437 
23 233 14 0.5014359911300247 0.5049691478238149 0.5279053731915437 
24 406 16 0.5003804831064219 0.5021056739854184 0.5279053731915437 
25 179 14 0.5016078450145167 0.5020513952328709 0.5279053731915437 
26 261 16 0.5012111250088274 0.5020843292277387 0.5279053731915437 
27 251 18 0.5009946452069547 0.5021443375173785 0.5279053731915437 
28 242 17 0.5006568960265844 0.5041117051616544 0.5279053731915437 
29 435 19 0.4996436109272323 0.5042519677084669 0.5279053731915437 
0 2581 5 0.4640443468323971 0.5058362195733994 0.5058362195733994 
1 345 1 0.46764481279279957 0.5072381759514204 0.5072381759514204 
2 311 1 0.46832214930769817 0.5030313034932372 0.5072381759514204 
3 306 1 0.46797269454003254 0.4954646455810432 0.5072381759514204 
4 353 2 0.46745923314335996 0.4939422999312327 0.5072381759514204 
5 284 1 0.4686929670184238 0.485530706817549 0.5072381759514204 
6 230 1 0.4733556671926012 0.48909886708835293 0.5072381759514204 
7 201 2 0.4780256825828988 0.48897357818388587 0.5072381759514204 
8 478 3 0.47806615879521275 0.4925770384583319 0.5072381759514204 
9 376 4 0.48844200898575435 0.4937793462699903 0.5072381759514204 
10 442 6 0.4907891980967991 0.49441481454712094 0.5072381759514204 
11 292 7 0.49218220364764015 0.4943615464558795 0.5072381759514204 
12 189 7 0.4926916937553647 0.4939725090640227 0.5072381759514204 
13 343 7 0.4925299822509117 0.4941470070714709 0.5072381759514204 
14 96 9 0.49308744792201525 0.49382745509239845 0.5072381759514204 
15 198 9 0.49302981406741986 0.49550662137799395 0.5072381759514204 
16 299 10 0.4916875651397908 0.49582689847279054 0.5072381759514204 
17 361 12 0.4921536712763605 0.49582689847279054 0.5072381759514204 
18 173 13 0.4925321500580751 0.4940986572297374 0.5072381759514204 
19 209 11 0.4939411057355123 0.4942054171576816 0.5072381759514204 
20 153 13 0.49381526443484164 0.494429721012763 0.5072381759514204 
21 374 14 0.49374861125284036 0.4945726771945814 0.5072381759514204 
22 319 15 0.49299485257100933 0.49677235284850385 0.5072381759514204 
23 224 15 0.49373262230547 0.4968557058872743 0.5072381759514204 
24 141 15 0.49391507136331997 0.49686722849984 0.5072381759514204 
25 287 17 0.49292741702411236 0.4969588561328212 0.5072381759514204 
26 355 19 0.4932018958408304 0.49673415503605856 0.5072381759514204 
27 181 18 0.4936284362608307 0.49664192890130343 0.5072381759514204 
28 287 18 0.49394128409574667 0.4965364271605897 0.5072381759514204 
29 203 19 0.4930201045267493 0.49658102695911194 0.5072381759514204 
0 3014 6 0.46231220763858516 0.5224114906969829 0.5224114906969829 
1 450 4 0.4688906864124631 0.5168301652818341 0.5224114906969829 
2 177 1 0.470434393889282 0.5328374300383358 0.5328374300383358 
3 390 2 0.46802638244853706 0.5168301652818341 0.5328374300383358 
4 181 1 0.4686626946543519 0.4938269612968819 0.5328374300383358 
5 331 2 0.47085897701217583 0.4885289579716494 0.5328374300383358 
6 373 2 0.4752581899829472 0.48950741624054306 0.5328374300383358 
7 228 2 0.4807666037325523 0.49252345743307474 0.5328374300383358 
8 368 3 0.4856101351442154 0.4941518682656255 0.5328374300383358 
9 170 3 0.49091564723981607 0.495782472744267 0.5328374300383358 
10 232 4 0.49419937879723236 0.49797777990371783 0.5328374300383358 
11 238 5 0.49454949528791864 0.49824140468402783 0.5328374300383358 
12 332 6 0.4958121258179527 0.49879844851532207 0.5328374300383358 
13 384 6 0.49701498664732163 0.49927087357641753 0.5328374300383358 
14 220 7 0.49764277377879274 0.4998568276448204 0.5328374300383358 
15 378 8 0.49810671149586716 0.5012611269711147 0.5328374300383358 
16 320 9 0.4992145707747602 0.5021309145700443 0.5328374300383358 
17 523 10 0.49888218890073316 0.5023641740992044 0.5328374300383358 
18 549 11 0.49992480516538307 0.5016557201495268 0.5328374300383358 
19 659 23 0.4971298821948916 0.5019300988015749 0.5328374300383358 
20 96 13 0.501134587637003 0.5019795206113965 0.5328374300383358 
21 267 16 0.5008146249531645 0.5020119238940608 0.5328374300383358 
22 277 26 0.49908834019961157 0.5019497732077556 0.5328374300383358 
23 139 19 0.5010445118873816 0.5019843674603118 0.5328374300383358 
24 270 20 0.5007604111629395 0.5020035524786705 0.5328374300383358 
25 224 23 0.5003642067862345 0.5020864618535298 0.5328374300383358 
26 241 20 0.5009066540985555 0.5021889990934368 0.5328374300383358 
27 289 21 0.500740702696301 0.502309651514171 0.5328374300383358 
28 298 21 0.5012267776066807 0.502371903087179 0.5328374300383358 
29 307 21 0.5014178460606797 0.5023527864710927 0.5328374300383358 
0 2707 6 0.4609042779698884 0.5403736173295128 0.5403736173295128 
1 567 1 0.4663975464792568 0.5174169321578803 0.5403736173295128 
2 164 1 0.4682239960313394 0.49519110054397963 0.5403736173295128 
3 597 1 0.46738911715210946 0.5092248942067488 0.5403736173295128 
4 440 1 0.4685390110111459 0.48703422410193875 0.5403736173295128 
5 236 2 0.470563800915485 0.4892440204831304 0.5403736173295128 
6 270 2 0.4718977745914342 0.4865023036745429 0.5403736173295128 
7 269 1 0.47604669482866335 0.497409369992454 0.5403736173295128 
8 302 2 0.4792065956901919 0.49876708050771235 0.5403736173295128 
9 274 2 0.4820988047236942 0.4995647424474471 0.5403736173295128 
10 207 3 0.4855999033937014 0.501847099732581 0.5403736173295128 
11 259 4 0.48850720911624534 0.5019531911394427 0.5403736173295128 
12 151 4 0.49170736512434277 0.5022232649282461 0.5403736173295128 
13 206 5 0.49404882637388214 0.5022228708063998 0.5403736173295128 
14 360 6 0.4959749453830839 0.502225223814883 0.5403736173295128 
15 125 6 0.49922644846377023 0.5026203966145327 0.5403736173295128 
16 254 7 0.5004890320676001 0.5030717036834833 0.5403736173295128 
17 338 8 0.5000730150420749 0.5032775729922956 0.5403736173295128 
18 246 8 0.5016215407857126 0.5038979752004045 0.5403736173295128 
19 147 8 0.5026912209285453 0.5042831736287539 0.5403736173295128 
20 284 7 0.5031433680384801 0.5046109096511007 0.5403736173295128 
21 355 11 0.5017491372295536 0.5054229643788708 0.5403736173295128 
22 206 12 0.503671664902711 0.5055649667978285 0.5403736173295128 
23 154 14 0.5048461191416713 0.5055771649495724 0.5403736173295128 
24 324 16 0.5028341794009588 0.5058330494482668 0.5403736173295128 
25 272 14 0.5038141104912088 0.5059393342679785 0.5403736173295128 
26 126 16 0.503991659072703 0.5058292399143738 0.5403736173295128 
27 283 16 0.5043404102395052 0.5057133581085004 0.5403736173295128 
28 345 17 0.5037966885645031 0.5058406771190436 0.5403736173295128 
29 410 18 0.5040297402721431 0.5061567359823183 0.5403736173295128 
0 2513 6 0.46320183648086966 0.5416635973896021 0.5416635973896021 
1 307 3 0.4706268402927582 0.5416635973896021 0.5416635973896021 
2 397 1 0.47168700757145726 0.5416635973896021 0.5416635973896021 
3 247 1 0.47158880981236334 0.5416635973896021 0.5416635973896021 
4 303 1 0.47457908044227964 0.5444561430640922 0.5444561430640922 
5 270 1 0.47265401396786877 0.4815016931249698 0.5444561430640922 
6 280 3 0.4755202479271143 0.4815016931249698 0.5444561430640922 
7 508 3 0.47683792677483716 0.4830831011604294 0.5444561430640922 
8 362 3 0.4789113663926987 0.48204243209383196 0.5444561430640922 
9 171 3 0.47970420929325835 0.48245145539740875 0.5444561430640922 
10 263 4 0.4798548380143032 0.48330326404471013 0.5444561430640922 
11 242 4 0.4813745455023789 0.4846715352798172 0.5444561430640922 
12 197 2 0.48259209062507114 0.4848464293955286 0.5444561430640922 
13 239 1 0.48402284664416806 0.48644952759940674 0.5444561430640922 
14 240 2 0.484778598286683 0.48653425580662324 0.5444561430640922 
15 443 2 0.48396198174372346 0.48720687410113095 0.5444561430640922 
16 270 2 0.4845118179511367 0.4872349239827469 0.5444561430640922 
17 292 2 0.4847411822808951 0.48734422876653105 0.5444561430640922 
18 197 2 0.4860683511056555 0.4880516096714564 0.5444561430640922 
19 372 2 0.4864677851343325 0.48825029458919744 0.5444561430640922 
20 140 2 0.48638520791092793 0.4879003177468786 0.5444561430640922 
21 228 2 0.4860556842636042 0.48734150182740205 0.5444561430640922 
22 300 3 0.4859546567576335 0.48747105888928194 0.5444561430640922 
23 255 4 0.4856028373486001 0.48719812921330896 0.5444561430640922 
24 173 4 0.4862571358555444 0.48739501474261754 0.5444561430640922 
25 197 5 0.4854042935510929 0.48759637840010067 0.5444561430640922 
26 313 5 0.4863488731367873 0.48754800585453484 0.5444561430640922 
27 207 8 0.48648314219011657 0.48764250219433547 0.5444561430640922 
28 240 5 0.4864621532837313 0.4876545786272809 0.5444561430640922 
29 275 6 0.48654508398922597 0.48763914891494986 0.5444561430640922 
0 2757 8 0.4638763017303216 0.5492781699878324 0.5492781699878324 
1 724 2 0.470500657028138 0.5492781699878324 0.5492781699878324 
2 270 1 0.4712489487352341 0.5508495335722767 0.5508495335722767 
3 428 1 0.4703847833928448 0.5496301480791381 0.5508495335722767 
4 417 1 0.47008043398349203 0.48594975592330386 0.5508495335722767 
5 263 2 0.4732962968867196 0.48642075480652075 0.5508495335722767 
6 206 2 0.4778794010460499 0.4883154852426658 0.5508495335722767 
7 368 3 0.482783897295894 0.48910207338987627 0.5508495335722767 
8 325 4 0.4861840768937044 0.4897516794569211 0.5508495335722767 
9 375 5 0.4885437217469791 0.49083557649661747 0.5508495335722767 
10 549 6 0.489759930809338 0.4910988877568903 0.5508495335722767 
11 258 6 0.49008936469959297 0.49155316568385926 0.5508495335722767 
12 266 7 0.49051219662485535 0.49194030899885466 0.5508495335722767 
13 187 8 0.4909460724901805 0.4921998057743914 0.5508495335722767 
14 456 9 0.49040420984180116 0.4925532086713834 0.5508495335722767 
15 249 9 0.491015927410816 0.49335696939087326 0.5508495335722767 
16 464 11 0.4907169339963597 0.4938397835361262 0.5508495335722767 
17 138 11 0.4920166496358814 0.4943507818625617 0.5508495335722767 
18 440 14 0.4910010426183043 0.49441021120396644 0.5508495335722767 
19 241 18 0.4923506021507298 0.49383016967011306 0.5508495335722767 
20 436 24 0.4891253668945006 0.4948638782075825 0.5508495335722767 
21 243 18 0.4925435814923132 0.49375897206454855 0.5508495335722767 
22 202 18 0.49292445409115493 0.49384850423902305 0.5508495335722767 
23 256 19 0.4931337792050248 0.49407522031247303 0.5508495335722767 
24 265 19 0.4935198961513927 0.49418702833978173 0.5508495335722767 
25 134 19 0.4934936480916571 0.4942713755572 0.5508495335722767 
26 311 20 0.49312395323119596 0.49508451239361234 0.5508495335722767 
27 395 19 0.4929981099305249 0.4952510252768421 0.5508495335722767 
28 244 20 0.4932255408285227 0.4950644926689204 0.5508495335722767 
29 235 20 0.49387676896680666 0.49494122421476067 0.5508495335722767 
0 2758 5 0.4643906908045892 0.5261454672283825 0.5261454672283825 
1 323 5 0.4702874414690706 0.5261454672283825 0.5261454672283825 
2 442 4 0.4693570319769264 0.5261454672283825 0.5261454672283825 
3 126 1 0.4698166863097969 0.5261454672283825 0.5261454672283825 
4 106 1 0.468360445838101 0.5045917024009972 0.5261454672283825 
5 254 1 0.4667817032782833 0.48577364436355597 0.5261454672283825 
6 265 1 0.4709407361214473 0.48902325206173813 0.5261454672283825 
7 304 1 0.4750170851249937 0.49288067815991066 0.5261454672283825 
8 232 2 0.48071791894059396 0.4954596356927351 0.5261454672283825 
9 147 3 0.48560805215679465 0.4961152015536445 0.5261454672283825 
10 334 3 0.48983723216667163 0.49783748494231417 0.5261454672283825 
11 323 5 0.4938645245115907 0.4981197356991509 0.5261454672283825 
12 225 6 0.4959692610027243 0.49791114079209453 0.5261454672283825 
13 321 13 0.4946116469183871 0.49822226181761065 0.5261454672283825 
14 334 8 0.496320624288126 0.4983729879213895 0.5261454672283825 
15 162 7 0.49792601047568724 0.4985303858610973 0.5261454672283825 
16 133 8 0.49787388472795685 0.4986160282275926 0.5261454672283825 
17 160 8 0.49772081650428956 0.4986045511107183 0.5261454672283825 
18 262 10 0.49704641136889643 0.4988204564243423 0.5261454672283825 
19 221 13 0.49744789909885756 0.49877946209915525 0.5261454672283825 
20 191 13 0.4972761387035885 0.4989106992998187 0.5261454672283825 
21 364 14 0.4977920566217587 0.49891639550890365 0.5261454672283825 
22 316 16 0.4960922535637712 0.49911247834162453 0.5261454672283825 
23 176 15 0.4973600341779692 0.4990033621850466 0.5261454672283825 
24 106 17 0.4975058562627144 0.49917073646400995 0.5261454672283825 
25 225 17 0.49802342179173725 0.49916434177944746 0.5261454672283825 
26 355 20 0.4960835609134358 0.4992401723791 0.5261454672283825 
27 283 18 0.49787938226533873 0.49923459907447093 0.5261454672283825 
28 315 20 0.49755554606026725 0.4992103312591737 0.5261454672283825 
29 252 22 0.4967325583310936 0.4993400159347383 0.5261454672283825 
0 2939 6 0.46297306777418323 0.5360998367164866 0.5360998367164866 
1 533 2 0.468468548728923 0.5360998367164866 0.5360998367164866 
2 342 1 0.4691486299654381 0.5029542455929998 0.5360998367164866 
3 264 1 0.4686497562207103 0.5001198455862214 0.5360998367164866 
4 387 1 0.4694617974696393 0.4876370027562865 0.5360998367164866 
5 322 1 0.46918322427931325 0.4812778507481712 0.5360998367164866 
6 241 1 0.47100997783806436 0.49121919036066886 0.5360998367164866 
7 302 2 0.47199282756644356 0.49064461159175043 0.5360998367164866 
8 197 1 0.4746265111045079 0.4926864060187448 0.5360998367164866 
9 414 1 0.4765550248239279 0.49335366375039813 0.5360998367164866 
10 426 3 0.47510244043541827 0.49460477739557585 0.5360998367164866 
11 351 3 0.4814007713235672 0.4947592967820743 0.5360998367164866 
12 244 3 0.48386043693682157 0.49471511580987204 0.5360998367164866 
13 188 3 0.4857552646478609 0.49479814212268947 0.5360998367164866 
14 215 2 0.48900657880783394 0.4950942405106526 0.5360998367164866 
15 470 3 0.49063999243542206 0.495162165059142 0.5360998367164866 
16 269 4 0.4926627007681902 0.4949551929367652 0.5360998367164866 
17 221 5 0.4932505394385958 0.4948932598772214 0.5360998367164866 
18 206 5 0.4935033886290025 0.49504178856827435 0.5360998367164866 
19 354 7 0.4928361134229538 0.4950199948964845 0.5360998367164866 
20 341 7 0.49317040587852345 0.49480722321447157 0.5360998367164866 
21 158 10 0.4935158749358369 0.49495688707513397 0.5360998367164866 
22 139 11 0.4940044526012257 0.49504500498063003 0.5360998367164866 
23 185 12 0.4943138511543589 0.4950985121100687 0.5360998367164866 
24 268 13 0.492749291127253 0.49492104220833694 0.5360998367164866 
25 223 15 0.4938497812100603 0.49490240782642436 0.5360998367164866 
26 318 16 0.49339051975058273 0.49485775179496355 0.5360998367164866 
27 208 16 0.4938814142771909 0.4950070047358015 0.5360998367164866 
28 375 18 0.49344231902713437 0.4950851075551178 0.5360998367164866 
29 186 17 0.4939468753397726 0.4950526904916901 0.5360998367164866 
0 2516 5 0.4631316218110171 0.5224114906969829 0.5224114906969829 
1 349 1 0.4695768632717492 0.5089160281395124 0.5224114906969829 
2 452 1 0.46970395184049 0.5024876595487513 0.5224114906969829 
3 305 1 0.46685492914097815 0.5019520562374078 0.5224114906969829 
4 309 1 0.46577222674442537 0.48849545877938305 0.5224114906969829 
5 362 1 0.4684920551966105 0.4802363848671619 0.5224114906969829 
6 289 2 0.4707351750989916 0.4796503860143103 0.5224114906969829 
7 458 1 0.47239443699775024 0.4816473291933668 0.5224114906969829 
8 271 2 0.47576231032723 0.48209745333420234 0.5224114906969829 
9 354 2 0.4779307952839996 0.4832096475882143 0.5224114906969829 
10 379 4 0.47872282104407604 0.4846367766920746 0.5224114906969829 
11 73 4 0.4841980100276938 0.4854590697127614 0.5224114906969829 
12 172 5 0.4851523665228823 0.48635137900903785 0.5224114906969829 
13 372 6 0.48521303812123795 0.48680810871432645 0.5224114906969829 
14 169 6 0.4862032416293331 0.4871903841255661 0.5224114906969829 
15 314 8 0.48594983862234964 0.4875934770772298 0.5224114906969829 
16 229 8 0.48635167933872325 0.4878088443013021 0.5224114906969829 
17 180 10 0.4868087358487043 0.4879264570706664 0.5224114906969829 
18 275 13 0.48653474829526755 0.4884534590674142 0.5224114906969829 
19 324 17 0.48631395343370587 0.4883834992439429 0.5224114906969829 
20 185 15 0.4868409811075613 0.4881787552287622 0.5224114906969829 
21 190 18 0.48651927936921036 0.48783198318222043 0.5224114906969829 
22 299 16 0.48739393152320937 0.4882535542877133 0.5224114906969829 
23 261 19 0.48621182915111477 0.48821399421695555 0.5224114906969829 
24 386 21 0.48593730601496793 0.4883567570564915 0.5224114906969829 
25 496 22 0.4846062992125574 0.48917505917500437 0.5224114906969829 
26 406 22 0.48762617383939316 0.4891472230571435 0.5224114906969829 
27 381 31 0.4872459076199403 0.4892247728680873 0.5224114906969829 
28 217 79 0.48720286683969816 0.48900674664540933 0.5224114906969829 
29 335 45 0.4845122369274694 0.48900674664540933 0.5224114906969829 
0 3133 8 0.46353931278230887 0.512277906663669 0.512277906663669 
1 350 2 0.46751879684931874 0.512277906663669 0.512277906663669 
2 288 1 0.4683157392843374 0.5000184036178154 0.512277906663669 
3 320 1 0.4677562838854925 0.5000184036178154 0.512277906663669 
4 459 1 0.4683502620094432 0.49027648033676663 0.512277906663669 
5 255 1 0.4695722030197912 0.48906984622539784 0.512277906663669 
6 356 3 0.4753687662284114 0.4947804954973424 0.512277906663669 
7 193 1 0.48141742123605985 0.504329227042825 0.512277906663669 
8 383 2 0.4883931531546674 0.5066778377750079 0.512277906663669 
9 270 3 0.4968436598743759 0.508705531016035 0.512277906663669 
10 108 3 0.5010460026788354 0.5099192535161714 0.512277906663669 
11 430 4 0.5023578327162946 0.5112776159840052 0.512277906663669 
12 244 4 0.5056598986680384 0.5118665114829494 0.512277906663669 
13 378 5 0.5080192637830117 0.5125930964345453 0.5125930964345453 
14 376 5 0.5097044905362698 0.5131730577148397 0.5131730577148397 
15 331 7 0.5114941405832183 0.5134943755154696 0.5134943755154696 
16 274 6 0.5120273152177274 0.5139362895351569 0.5139362895351569 
17 113 7 0.5124532124005523 0.514062684217815 0.514062684217815 
18 194 7 0.5133437963715248 0.514628194503129 0.514628194503129 
19 293 7 0.5132645977269966 0.5150030464278451 0.5150030464278451 
20 234 7 0.5131432778227982 0.514477483227667 0.5150030464278451 
21 284 7 0.512831603835201 0.5151492525219693 0.5151492525219693 
22 158 7 0.5141809030204767 0.5160502849800122 0.5160502849800122 
23 199 9 0.513049765218699 0.5153265158013344 0.5160502849800122 
24 172 11 0.5142957419623941 0.5150009906879559 0.5160502849800122 
25 310 12 0.5130682772309773 0.5149845509432149 0.5160502849800122 
26 172 13 0.5139045699204623 0.5147754801547315 0.5160502849800122 
27 110 13 0.5144987908634269 0.5148268705631911 0.5160502849800122 
28 151 13 0.5138762244779221 0.5151301189504617 0.5160502849800122 
29 272 15 0.5128977214885944 0.5157267120327076 0.5160502849800122 
0 2487 6 0.4629223954460064 0.5521438750475101 0.5521438750475101 
1 575 4 0.4686711146137013 0.5521438750475101 0.5521438750475101 
2 348 1 0.47059701875140036 0.552350252095187 0.552350252095187 
3 207 1 0.47104045580773907 0.552350252095187 0.552350252095187 
4 463 1 0.4710768245581559 0.552350252095187 0.552350252095187 
5 205 2 0.4731979425730943 0.5444307998342046 0.552350252095187 
6 144 1 0.47776167118712964 0.5084902329147148 0.552350252095187 
7 117 2 0.4833143429925405 0.5086397022948693 0.552350252095187 
8 214 2 0.4896432447955543 0.5089290297747895 0.552350252095187 
9 231 3 0.4986339535896304 0.5103392577825352 0.552350252095187 
10 129 2 0.505823810868982 0.511780014483873 0.552350252095187 
11 242 3 0.5092366539139528 0.5121823531736945 0.552350252095187 
12 154 3 0.5110494774133704 0.5130707241910869 0.552350252095187 
13 222 2 0.5109408716099323 0.513473389376835 0.552350252095187 
14 233 3 0.511451410473844 0.5138554824397911 0.552350252095187 
15 456 3 0.5118956245932486 0.51509754635624 0.552350252095187 
16 185 4 0.5140369253663725 0.5176873728735993 0.552350252095187 
17 173 4 0.514685750072017 0.5191322557006378 0.552350252095187 
18 328 5 0.5151714290025986 0.5195141038374811 0.552350252095187 
19 190 6 0.5150983371057266 0.5195141038374811 0.552350252095187 
20 168 7 0.5159410049515546 0.5197863981100783 0.552350252095187 
21 271 7 0.5157696970133507 0.5197863981100783 0.552350252095187 
22 264 7 0.5160180848958124 0.5169421703577715 0.552350252095187 
23 280 9 0.514953791385097 0.516918728530424 0.552350252095187 
24 177 9 0.5159823926300919 0.5198642805909631 0.552350252095187 
25 407 12 0.5137446864505205 0.5196350518776135 0.552350252095187 
26 349 15 0.5123751714518874 0.5189937845691546 0.552350252095187 
27 167 13 0.5150962841868539 0.5190524665809592 0.552350252095187 
28 463 14 0.51514827332112 0.5194475361216089 0.552350252095187 
29 196 13 0.5157167486672831 0.5195372468932093 0.552350252095187 
0 2601 7 0.46313958549150264 0.5492781699878324 0.5492781699878324 
1 552 1 0.46834698542778314 0.5492781699878324 0.5492781699878324 
2 421 1 0.4721115862176922 0.5753436801840381 0.5753436801840381 
3 467 1 0.46947409040565724 0.5090213761703521 0.5753436801840381 
4 217 1 0.46821640966259176 0.5060579935830591 0.5753436801840381 
5 481 1 0.46841930033424256 0.4897926589174157 0.5753436801840381 
6 304 1 0.47025242296300057 0.4904549218254615 0.5753436801840381 
7 305 2 0.4713737627668847 0.4894768548054911 0.5753436801840381 
8 339 2 0.4749635534809571 0.4893378105328376 0.5753436801840381 
9 279 1 0.478607589773666 0.49405970404192084 0.5753436801840381 
10 78 2 0.48284588470092016 0.4963256307853495 0.5753436801840381 
11 212 2 0.4851481740915128 0.49733952602362064 0.5753436801840381 
12 213 4 0.4874907085197016 0.49906645412874284 0.5753436801840381 
13 280 6 0.4907509787880969 0.5007453380057567 0.5753436801840381 
14 470 6 0.49273016548830684 0.5009220346726471 0.5753436801840381 
15 392 8 0.49447177606099446 0.5009102544280091 0.5753436801840381 
16 133 7 0.49720834643080103 0.5008782730901649 0.5753436801840381 
17 248 9 0.4975126050100338 0.5012143857517009 0.5753436801840381 
18 243 8 0.4992979506131676 0.5014702895282249 0.5753436801840381 
19 316 9 0.49994868749337706 0.5015590177984155 0.5753436801840381 
20 179 9 0.5007886625329252 0.5019588325273654 0.5753436801840381 
21 127 9 0.5010776099021539 0.5020070140814032 0.5753436801840381 
22 249 12 0.500364390562222 0.5020189727725235 0.5753436801840381 
23 168 13 0.5007833820403275 0.5020943179219384 0.5753436801840381 
24 206 14 0.5000376708179004 0.5020943179219384 0.5753436801840381 
25 233 14 0.5007170844563931 0.5020275821706939 0.5753436801840381 
26 290 15 0.49989876822575796 0.5020636577920158 0.5753436801840381 
27 269 18 0.49934084353383634 0.5019634162540012 0.5753436801840381 
28 294 18 0.5004526321697271 0.5020066516570126 0.5753436801840381 
29 237 17 0.5004702004524149 0.5020262324765324 0.5753436801840381 
0 2771 5 0.4643478739395859 0.5602826748813762 0.5602826748813762 
1 457 1 0.4669829362839119 0.5602826748813762 0.5602826748813762 
2 161 1 0.4708105331086041 0.5629612334627125 0.5629612334627125 
3 404 1 0.4710831623461904 0.5629612334627125 0.5629612334627125 
4 293 1 0.4719412550710485 0.5320985072511726 0.5629612334627125 
5 245 1 0.4744148448183033 0.4999425321006879 0.5629612334627125 
6 447 1 0.4786099878829974 0.5001242642119643 0.5629612334627125 
7 353 2 0.4838267013900307 0.5000416782707995 0.5629612334627125 
8 330 3 0.48880394809762834 0.5007510135940576 0.5629612334627125 
9 241 3 0.4935608793180056 0.5013074549130296 0.5629612334627125 
10 286 4 0.49713351780988424 0.5022705728377955 0.5629612334627125 
11 419 5 0.49896071913211637 0.5025905802136537 0.5629612334627125 
12 237 7 0.5005033866977832 0.5040783725295971 0.5629612334627125 
13 221 8 0.5012924787858161 0.5041650980201836 0.5629612334627125 
14 287 8 0.5008558470584102 0.5040164300321217 0.5629612334627125 
15 271 9 0.5011792173293373 0.5042188872272618 0.5629612334627125 
16 355 9 0.5012528558444194 0.5044363228576396 0.5629612334627125 
17 289 10 0.5008062651172325 0.5045474254267202 0.5629612334627125 
18 257 9 0.5023266576498979 0.5044161302430836 0.5629612334627125 
19 432 9 0.5024775939169092 0.5047755055005911 0.5629612334627125 
20 293 11 0.5026174761987102 0.5051036207506747 0.5629612334627125 
21 239 12 0.5041719994751125 0.5052334011434215 0.5629612334627125 
22 269 13 0.5042987967968058 0.5053729449477189 0.5629612334627125 
23 446 15 0.5028447599970981 0.5054716492567265 0.5629612334627125 
24 277 15 0.5043680353405878 0.5056210858204249 0.5629612334627125 
25 496 15 0.5039097068091818 0.5055423424996159 0.5629612334627125 
26 348 15 0.5037592364506855 0.506867289046965 0.5629612334627125 
27 160 17 0.5043100601976764 0.5071555754036223 0.5629612334627125 
28 278 18 0.5043494446208849 0.5084018634695628 0.5629612334627125 
29 437 19 0.503189357611721 0.5058333880690049 0.5629612334627125 
0 2862 9 0.4615265036720602 0.5322963999319795 0.5322963999319795 
1 333 3 0.4688444017759325 0.5322963999319795 0.5322963999319795 
2 288 1 0.47015113572264333 0.515484570582641 0.5322963999319795 
3 466 2 0.4698786169232138 0.5018389878021646 0.5322963999319795 
4 217 1 0.4697696554005888 0.5008194463929787 0.5322963999319795 
5 407 2 0.47418836068741455 0.499700848312167 0.5322963999319795 
6 294 2 0.477581430390582 0.49684191988253834 0.5322963999319795 
7 468 3 0.48212017276986857 0.501987645663816 0.5322963999319795 
8 323 2 0.48793633800325326 0.5057774654491872 0.5322963999319795 
9 446 3 0.49032335372354136 0.5014763670095764 0.5322963999319795 
10 129 4 0.4952671956824243 0.5020969417209655 0.5322963999319795 
11 284 4 0.4976035626082649 0.5064239824054061 0.5322963999319795 
12 250 8 0.4986395978036505 0.5064565358953445 0.5322963999319795 
13 467 5 0.5001096462509296 0.5065517680230365 0.5322963999319795 
14 379 7 0.500076719604958 0.5066791450013602 0.5322963999319795 
15 430 9 0.4998523882134451 0.5067996969574653 0.5322963999319795 
16 382 10 0.500533050461764 0.5062974753416871 0.5322963999319795 
17 302 10 0.5014537196771109 0.5061289294845814 0.5322963999319795 
18 121 10 0.5036214875458664 0.506216217441231 0.5322963999319795 
19 199 10 0.5041631856829532 0.5060683579926407 0.5322963999319795 
20 347 21 0.4947134035514606 0.5060836527284283 0.5322963999319795 
21 281 15 0.5031318141881036 0.5051515366005527 0.5322963999319795 
22 257 15 0.5022862457298529 0.5050203348776532 0.5322963999319795 
23 350 17 0.5024089611005185 0.5049851953638629 0.5322963999319795 
24 133 18 0.502472519372537 0.5046241572520591 0.5322963999319795 
25 235 19 0.5027009766061288 0.5046877063059299 0.5322963999319795 
26 679 20 0.5008799924671087 0.5045935287910546 0.5322963999319795 
27 208 19 0.5030657514180459 0.5045918023961681 0.5322963999319795 
28 379 22 0.5019371562762833 0.5045612770949277 0.5322963999319795 
29 412 20 0.5025606446227975 0.504444669396114 0.5322963999319795 
0 2529 5 0.46307720502838323 0.5360998367164866 0.5360998367164866 
1 286 2 0.467574060492535 0.5360998367164866 0.5360998367164866 
2 315 1 0.46795165410493944 0.4941412271854022 0.5360998367164866 
3 259 1 0.4681426048162896 0.48196710091159434 0.5360998367164866 
4 274 1 0.46842486420421975 0.4873405099561867 0.5360998367164866 
5 170 1 0.46799860879255917 0.47995523192434064 0.5360998367164866 
6 186 1 0.4697261213670931 0.48064165038609763 0.5360998367164866 
7 140 2 0.47164757023831355 0.48077454714925183 0.5360998367164866 
8 347 2 0.4735755365143127 0.4823583060351926 0.5360998367164866 
9 332 2 0.4763413743908972 0.4828627981649742 0.5360998367164866 
10 171 3 0.47846041520850086 0.48381031389099316 0.5360998367164866 
11 197 2 0.4826370006100924 0.48603464149180564 0.5360998367164866 
12 217 2 0.4855326527981537 0.48782749750996657 0.5360998367164866 
13 341 2 0.48646789925635125 0.4896151350075606 0.5360998367164866 
14 333 2 0.48763566036392 0.490019913950035 0.5360998367164866 
15 232 2 0.4880570967112787 0.4925277264151635 0.5360998367164866 
16 447 3 0.48813445698698765 0.49068379543149154 0.5360998367164866 
17 250 3 0.48855762875669845 0.49256712301600636 0.5360998367164866 
18 282 3 0.4882719103287224 0.49240713728402885 0.5360998367164866 
19 281 3 0.4891905595084341 0.49310896191712755 0.5360998367164866 
20 75 4 0.49011352755296383 0.4938283553461854 0.5360998367164866 
21 456 4 0.490136090677835 0.4944501344270757 0.5360998367164866 
22 199 4 0.4907014411551823 0.49474984640927666 0.5360998367164866 
23 266 4 0.49185150797060495 0.4947733868238065 0.5360998367164866 
24 369 4 0.4923668162966407 0.49477452249798104 0.5360998367164866 
25 198 3 0.4929769007073083 0.49461050211609314 0.5360998367164866 
26 338 3 0.4927514647872758 0.4948268022089459 0.5360998367164866 
27 212 5 0.4922375055691864 0.49493718126695996 0.5360998367164866 
28 178 5 0.49259603518424533 0.49517008900817594 0.5360998367164866 
29 234 4 0.49336374328180715 0.4951449680380747 0.5360998367164866 
0 2673 7 0.46322935237556856 0.5152628202148146 0.5152628202148146 
1 482 2 0.469388182756232 0.5249948327663159 0.5249948327663159 
2 234 1 0.4698329976900709 0.5249948327663159 0.5249948327663159 
3 333 2 0.46809441162779614 0.5249948327663159 0.5249948327663159 
4 196 1 0.4680882452756251 0.5135405640658879 0.5249948327663159 
5 276 1 0.4687918173504864 0.48919427767440915 0.5249948327663159 
6 532 2 0.4697061607557222 0.48911893306700394 0.5249948327663159 
7 366 2 0.47258481069516906 0.4900106045472876 0.5249948327663159 
8 370 3 0.47432062048228835 0.49167844622174506 0.5249948327663159 
9 155 3 0.4813540493898417 0.4918283052484129 0.5249948327663159 
10 283 4 0.4853627044357054 0.49237252262362263 0.5249948327663159 
11 314 5 0.48917462125213135 0.49306556215263253 0.5249948327663159 
12 357 8 0.4896373185471408 0.4935103000272189 0.5249948327663159 
13 157 7 0.49158530953219026 0.4930823682567068 0.5249948327663159 
14 194 8 0.4913956617819103 0.49323715263460616 0.5249948327663159 
15 273 9 0.49216934805864054 0.49335145893983134 0.5249948327663159 
16 166 10 0.49166568763854734 0.49345236334325626 0.5249948327663159 
17 290 12 0.49079790895867714 0.4935130119759362 0.5249948327663159 
18 173 12 0.49256050127743817 0.4938077322926194 0.5249948327663159 
19 259 12 0.49292522955407914 0.49384958068698315 0.5249948327663159 
20 300 14 0.49245933089346794 0.4934890935515832 0.5249948327663159 
21 238 16 0.49263793978324977 0.4936394841619688 0.5249948327663159 
22 340 17 0.49272788945638524 0.4936539271152646 0.5249948327663159 
23 417 25 0.49242510750531016 0.49387846457762896 0.5249948327663159 
24 261 17 0.49306243208798833 0.4938193766341439 0.5249948327663159 
25 323 19 0.49150545549924 0.49368168173048704 0.5249948327663159 
26 132 19 0.49302333641790186 0.4938720458341014 0.5249948327663159 
27 249 20 0.4927646306205641 0.49388695730966364 0.5249948327663159 
28 299 20 0.4928860382501041 0.49398135372360247 0.5249948327663159 
29 226 21 0.4923659128187219 0.4940104954543999 0.5249948327663159 
0 2712 6 0.463163661952382 0.5126404180703548 0.5126404180703548 
1 398 4 0.4682253937951142 0.5100345369886761 0.5126404180703548 
2 180 1 0.46962266060298513 0.5100345369886761 0.5126404180703548 
3 330 1 0.46984253215662847 0.5006113074616245 0.5126404180703548 
4 250 1 0.47105712777443565 0.49397461844223534 0.5126404180703548 
5 227 1 0.47362417048994565 0.49203756744061894 0.5126404180703548 
6 116 1 0.478905524186153 0.49982974700132154 0.5126404180703548 
7 100 2 0.4845158878902058 0.5016987652849303 0.5126404180703548 
8 331 5 0.48456237403530095 0.5032672551819886 0.5126404180703548 
9 188 4 0.49399418827679026 0.5121512127870667 0.5126404180703548 
10 198 5 0.495999216287935 0.5120225462468924 0.5126404180703548 
11 285 6 0.49857585036687824 0.5127551202293545 0.5127551202293545 
12 292 6 0.5008477624540488 0.5128551853804635 0.5128551853804635 
13 131 7 0.5028480576254913 0.5127263079380102 0.5128551853804635 
14 342 8 0.5034285029610814 0.5134128336365267 0.5134128336365267 
15 112 8 0.50698794359985 0.5135719549977632 0.5135719549977632 
16 485 9 0.5058334667142912 0.513688466495356 0.513688466495356 
17 332 13 0.5079832817122576 0.5135958738313149 0.513688466495356 
18 227 13 0.5102769455865116 0.5136814524210526 0.513688466495356 
19 135 14 0.5115419352404558 0.5136831096764721 0.513688466495356 
20 345 17 0.5100679628763592 0.5136757541936234 0.513688466495356 
21 227 17 0.5115701792474245 0.51312356787716 0.513688466495356 
22 294 17 0.510839317215373 0.5131439589768274 0.513688466495356 
23 323 17 0.5110352556340577 0.5131434957132203 0.513688466495356 
24 255 20 0.5107514379842867 0.5131125380947728 0.513688466495356 
25 220 18 0.5109897585974664 0.5130760453389609 0.513688466495356 
26 253 23 0.5105509866713792 0.5133506168086881 0.513688466495356 
27 334 21 0.5101771085722002 0.5129536706518716 0.513688466495356 
28 303 21 0.5100197032232363 0.5127884841032552 0.513688466495356 
29 300 21 0.509405189521073 0.512941150490764 0.513688466495356 
0 2881 5 0.4639227648709484 0.5416635973896021 0.5416635973896021 
1 479 1 0.46689324440574487 0.5416635973896021 0.5416635973896021 
2 315 1 0.4673469511664706 0.5214561298800536 0.5416635973896021 
3 208 2 0.46853817268278947 0.506574850959921 0.5416635973896021 
4 391 2 0.4689655820752948 0.506574850959921 0.5416635973896021 
5 327 1 0.4702045984963113 0.4933555739613027 0.5416635973896021 
6 400 2 0.4738547610375163 0.495443789125246 0.5416635973896021 
7 281 4 0.4778690854987012 0.4964295681293427 0.5416635973896021 
8 278 5 0.48422689753297243 0.49779414796263743 0.5416635973896021 
9 314 7 0.48669721806626925 0.4986847145829169 0.5416635973896021 
10 301 9 0.4894716524077213 0.49981257656585576 0.5416635973896021 
11 415 9 0.49377286167929957 0.50002319468079 0.5416635973896021 
12 238 9 0.49579155815509773 0.5006893292635708 0.5416635973896021 
13 219 10 0.4982452937136749 0.5008542178753048 0.5416635973896021 
14 178 10 0.4987132499108675 0.5011778343758413 0.5416635973896021 
15 294 11 0.49939583618204947 0.5017381776761647 0.5416635973896021 
16 305 12 0.49883323976324945 0.5020420747004276 0.5416635973896021 
17 247 12 0.49930048257673276 0.502171994167538 0.5416635973896021 
18 315 13 0.499323226631994 0.5013179133399149 0.5416635973896021 
19 163 14 0.49955161720077884 0.5018460186462711 0.5416635973896021 
20 210 14 0.500349314464981 0.5020335949809758 0.5416635973896021 
21 313 14 0.4994834461967206 0.5018251576058796 0.5416635973896021 
22 251 13 0.49950593376760966 0.5043636881125654 0.5416635973896021 
23 312 14 0.49936473217886956 0.5011989838275344 0.5416635973896021 
24 281 20 0.4983097177649443 0.5043409743707338 0.5416635973896021 
25 280 23 0.4972824574770243 0.5043231426201941 0.5416635973896021 
26 504 19 0.4999946564960009 0.5043465399682241 0.5416635973896021 
27 163 19 0.5006209036635773 0.5012966639970894 0.5416635973896021 
28 325 19 0.5004150640655647 0.5049745882140487 0.5416635973896021 
29 416 20 0.5000639119587857 0.5050683903307087 0.5416635973896021 
0 2661 5 0.4650756017689892 0.5289532435781892 0.5289532435781892 
1 495 2 0.4702527051678905 0.5278071820083038 0.5289532435781892 
2 477 1 0.46987123859225677 0.49718113189264335 0.5289532435781892 
3 379 1 0.4689051086414191 0.49368892413185905 0.5289532435781892 
4 136 1 0.4702501287167017 0.49485711770331 0.5289532435781892 
5 273 1 0.4729543659456797 0.49626509294650617 0.5289532435781892 
6 323 1 0.4776498233962442 0.4995697549209586 0.5289532435781892 
7 497 2 0.48739952880836346 0.501429597319077 0.5289532435781892 
8 239 2 0.49643152962333886 0.5027874987412307 0.5289532435781892 
9 243 3 0.5014243580233538 0.5043625535313548 0.5289532435781892 
10 201 3 0.5034055746627544 0.5051333715599421 0.5289532435781892 
11 283 4 0.5032296731308309 0.5062604106801123 0.5289532435781892 
12 220 6 0.5043655324379365 0.5071437265511965 0.5289532435781892 
13 265 8 0.5049764350665363 0.5081321367770858 0.5289532435781892 
14 331 8 0.5061172955038861 0.5084213290011517 0.5289532435781892 
15 223 9 0.5062315058282035 0.508394660815573 0.5289532435781892 
16 233 8 0.5067446223568032 0.5086785226094118 0.5289532435781892 
17 312 9 0.5073262368596168 0.509174521892898 0.5289532435781892 
18 218 10 0.5079703678292042 0.509240213653974 0.5289532435781892 
19 355 9 0.508324536603856 0.5094811643786423 0.5289532435781892 
20 396 11 0.5070791712472335 0.5095875955396983 0.5289532435781892 
21 454 11 0.5077068575157897 0.5096143320262481 0.5289532435781892 
22 278 15 0.508566957559088 0.509720729913678 0.5289532435781892 
23 249 15 0.5091179745816885 0.5099047845651801 0.5289532435781892 
24 132 16 0.509204704626299 0.5100243777451092 0.5289532435781892 
25 561 17 0.5083180872068396 0.5101415864192611 0.5289532435781892 
26 186 17 0.5094985126698118 0.5101975940305297 0.5289532435781892 
27 121 19 0.5093286338271684 0.5102078001367742 0.5289532435781892 
28 181 19 0.5087612548915477 0.5103826212944644 0.5289532435781892 
29 338 19 0.5085386342750648 0.5123956490735568 0.5289532435781892 
0 2819 6 0.46534983692631665 0.5602826748813762 0.5602826748813762 
1 386 2 0.4721361045252141 0.5602826748813762 0.5602826748813762 
2 372 1 0.4731065546537136 0.5602826748813762 0.5602826748813762 
3 259 2 0.474189139131294 0.5088233347751504 0.5602826748813762 
4 439 1 0.4767260286485151 0.5011086879361233 0.5602826748813762 
5 320 2 0.4816109278297769 0.4999473559146777 0.5602826748813762 
6 398 3 0.48662318579472713 0.4994583164550576 0.5602826748813762 
7 316 3 0.49254221426619893 0.5005365406830965 0.5602826748813762 
8 440 4 0.4968220048559669 0.5010750525577315 0.5602826748813762 
9 387 5 0.49914282447615044 0.5020194239047191 0.5602826748813762 
10 393 8 0.49893865030539686 0.5023491483552506 0.5602826748813762 
11 231 8 0.5009965408664182 0.5042620252862697 0.5602826748813762 
12 274 10 0.4995196124414477 0.5042168576992391 0.5602826748813762 
13 339 10 0.49796490490533507 0.5043978786002417 0.5602826748813762 
14 314 12 0.5008245157413975 0.5042833123737562 0.5602826748813762 
15 459 16 0.49950004163802086 0.5047919101941715 0.5602826748813762 
16 225 18 0.501182852748058 0.50485956539326 0.5602826748813762 
17 346 18 0.5012395169246955 0.5055643883548733 0.5602826748813762 
18 280 18 0.5013935613342942 0.5055560686407853 0.5602826748813762 
19 284 19 0.5017277165881522 0.5055302033796137 0.5602826748813762 
20 501 21 0.5009227667133971 0.5049038869462386 0.5602826748813762 
21 627 22 0.49999847096331934 0.5049431096246959 0.5602826748813762 
22 263 22 0.5007195547654864 0.5048513690891423 0.5602826748813762 
23 438 27 0.49966705820686763 0.504840143463162 0.5602826748813762 
24 344 23 0.5022507393526104 0.5051699326587376 0.5602826748813762 
25 541 26 0.5009470177263848 0.5051683997313051 0.5602826748813762 
26 190 28 0.5008820552639363 0.5054396933863903 0.5602826748813762 
27 174 33 0.5022304432053812 0.5055249029528465 0.5602826748813762 
28 470 36 0.5010327425290648 0.5055146239252577 0.5602826748813762 
29 310 37 0.5016013145032087 0.5054441290945326 0.5602826748813762 
0 2814 6 0.463794891319853 0.5203783782028025 0.5203783782028025 
1 503 1 0.4679745940430864 0.5070650361275864 0.5203783782028025 
2 334 2 0.46760509290751257 0.4924880916482367 0.5203783782028025 
3 261 2 0.467543576117242 0.4924880916482367 0.5203783782028025 
4 338 1 0.4675146473551672 0.4924880916482367 0.5203783782028025 
5 243 1 0.46794325552209337 0.47984141221638743 0.5203783782028025 
6 116 2 0.47101636196051083 0.4818869539444622 0.5203783782028025 
7 148 2 0.4737377997081502 0.4819261215695488 0.5203783782028025 
8 273 2 0.4764013320500569 0.4831892741898487 0.5203783782028025 
9 265 1 0.47925498500998487 0.4837053637853345 0.5203783782028025 
10 168 2 0.48200680314511696 0.48528887896211453 0.5203783782028025 
11 309 2 0.48381089356588425 0.48592304880160075 0.5203783782028025 
12 307 2 0.48472223324159003 0.4866461392393464 0.5203783782028025 
13 297 2 0.48567359718310127 0.48731626238415454 0.5203783782028025 
14 319 3 0.48612113522350514 0.48950137189352483 0.5203783782028025 
15 335 3 0.4860506249542179 0.48916823746039084 0.5203783782028025 
16 401 3 0.486110108670745 0.4888869078182789 0.5203783782028025 
17 352 3 0.487244301695014 0.4893105418653839 0.5203783782028025 
18 316 3 0.48713574761762646 0.48964962143417834 0.5203783782028025 
19 442 4 0.4874108427772946 0.4906600011886767 0.5203783782028025 
20 72 4 0.4882335812223753 0.49036323118995795 0.5203783782028025 
21 414 4 0.48777355614432155 0.4903136951404865 0.5203783782028025 
22 202 4 0.4884880490673126 0.49028349164833895 0.5203783782028025 
23 380 4 0.48838784607231345 0.49039726527467775 0.5203783782028025 
24 177 4 0.4891981392905681 0.4905960240363545 0.5203783782028025 
25 178 5 0.48862834016045353 0.490977014275571 0.5203783782028025 
26 359 4 0.4892149797254934 0.4909500364998979 0.5203783782028025 
27 451 4 0.4898911580606884 0.4910437567034939 0.5203783782028025 
28 361 4 0.4901093010570549 0.4912199294506794 0.5203783782028025 
29 278 4 0.49009499198371953 0.4912678101211073 0.5203783782028025 
0 2713 5 0.4632513331335729 0.522580965200591 0.522580965200591 
1 561 3 0.46672542072308976 0.5060881397070343 0.522580965200591 
2 238 1 0.46684968862782655 0.4994153535009421 0.522580965200591 
3 366 1 0.46532557325335816 0.4885582763342994 0.522580965200591 
4 424 1 0.4653335350906318 0.478316059658494 0.522580965200591 
5 389 1 0.4643749609124372 0.478316059658494 0.522580965200591 
6 320 1 0.4671468151024565 0.4752372308872481 0.522580965200591 
7 350 1 0.46795987437794373 0.4788184531516404 0.522580965200591 
8 253 1 0.4704957900484848 0.47814415904320984 0.522580965200591 
9 345 1 0.4738481015053402 0.47944674256471265 0.522580965200591 
10 300 1 0.47532841505273443 0.4803529283790814 0.522580965200591 
11 163 2 0.47724602352643436 0.4812113345936328 0.522580965200591 
12 225 2 0.47901271872084095 0.4822094745137342 0.522580965200591 
13 263 3 0.47955279736281237 0.48310633773870737 0.522580965200591 
14 215 3 0.4804426031424765 0.48313808526676194 0.522580965200591 
15 484 4 0.4815546769517052 0.4838008725998293 0.522580965200591 
16 135 4 0.4826091633639988 0.48462888799685944 0.522580965200591 
17 69 4 0.48376522776604586 0.4848177926087581 0.522580965200591 
18 344 3 0.4837399313675097 0.4849435738871509 0.522580965200591 
19 429 4 0.48414606054642023 0.48565934550546863 0.522580965200591 
20 156 5 0.48479330294371453 0.48570291361552476 0.522580965200591 
21 427 4 0.4848433673739539 0.4862634750140229 0.522580965200591 
22 155 4 0.4856766810309743 0.48680341779316155 0.522580965200591 
23 349 4 0.4856668404259249 0.4870241763723756 0.522580965200591 
24 358 4 0.4862336321845091 0.487555418258089 0.522580965200591 
25 186 5 0.48626789362074463 0.48750351163842176 0.522580965200591 
26 382 5 0.48678670152764986 0.48778326504051006 0.522580965200591 
27 151 5 0.4872279691370233 0.4880090711209169 0.522580965200591 
28 330 6 0.48676379276884985 0.48809978844311463 0.522580965200591 
29 232 6 0.48709172324258515 0.48792232351788056 0.522580965200591 
0 3080 6 0.46420383850651314 0.5304240938856482 0.5304240938856482 
1 368 2 0.4678846982005426 0.5304240938856482 0.5304240938856482 
2 397 2 0.4687657893502928 0.5050550201792913 0.5304240938856482 
3 299 2 0.46874437155419385 0.500402727638941 0.5304240938856482 
4 260 2 0.467525855172024 0.4939021051659681 0.5304240938856482 
5 174 1 0.4688024075351588 0.4939021051659681 0.5304240938856482 
6 249 2 0.47315042156939996 0.495053681026643 0.5304240938856482 
7 352 1 0.47860225588944183 0.49886466430102994 0.5304240938856482 
8 298 2 0.48845897300724084 0.5008901298908691 0.5304240938856482 
9 430 2 0.49325035363528646 0.5031271241107113 0.5304240938856482 
10 113 1 0.5005239880739171 0.5043951075403148 0.5304240938856482 
11 400 2 0.5037741815412855 0.5067601177784651 0.5304240938856482 
12 257 3 0.5057272177329263 0.5076634958489457 0.5304240938856482 
13 339 3 0.5064294756181228 0.5083529795568653 0.5304240938856482 
14 164 4 0.5075332895985878 0.5086931433808177 0.5304240938856482 
15 414 5 0.5076629288504911 0.5089865516350296 0.5304240938856482 
16 415 5 0.5074354049145078 0.5103786794628763 0.5304240938856482 
17 304 6 0.5079462819185108 0.5100092326340026 0.5304240938856482 
18 305 7 0.5081046883474334 0.5101332014422089 0.5304240938856482 
19 220 8 0.5085945936361697 0.5103366738226471 0.5304240938856482 
20 349 8 0.5096237666939185 0.5108026472182817 0.5304240938856482 
21 193 9 0.5095370529009212 0.5111070907066402 0.5304240938856482 
22 141 10 0.510150144921521 0.5113574358740732 0.5304240938856482 
23 242 11 0.5097491469231896 0.5114104865104415 0.5304240938856482 
24 70 10 0.5105346266642823 0.5115463119929173 0.5304240938856482 
25 509 12 0.5090202291045138 0.5115463119929173 0.5304240938856482 
26 317 14 0.5092614142219154 0.5112989228642306 0.5304240938856482 
27 400 16 0.5100942588907482 0.5129940556535145 0.5304240938856482 
28 111 17 0.5106849442097207 0.5130544237680028 0.5304240938856482 
29 405 18 0.5097976054407105 0.5113611009319929 0.5304240938856482 
0 3070 7 0.4632045334665783 0.531473409590645 0.531473409590645 
1 608 2 0.46733983205270246 0.5170103499946693 0.531473409590645 
2 292 2 0.4678679442639698 0.5031024928362916 0.531473409590645 
3 357 1 0.4673009717721029 0.5031024928362917 0.531473409590645 
4 209 1 0.4677088926905199 0.49662392012407636 0.531473409590645 
5 188 2 0.4686792221145356 0.4966239201240763 0.531473409590645 
6 229 3 0.4698258516139834 0.49176499058991485 0.531473409590645 
7 150 2 0.47419887210606965 0.4901641135277266 0.531473409590645 
8 381 2 0.4776574027846039 0.49359875703414047 0.531473409590645 
9 286 2 0.4779886116439996 0.4892590964287883 0.531473409590645 
10 261 3 0.4781377749302672 0.48447443589459965 0.531473409590645 
11 375 3 0.4788512456262924 0.48490729062248994 0.531473409590645 
12 207 3 0.4813852013302592 0.48710363344999824 0.531473409590645 
13 200 3 0.4820248225621217 0.4872622097388212 0.531473409590645 
14 210 3 0.4834702083911935 0.48754523252410353 0.531473409590645 
15 247 3 0.48493600992251557 0.48868855654802756 0.531473409590645 
16 231 2 0.48650307874684534 0.4897704089522046 0.531473409590645 
17 222 3 0.48774821882942787 0.49050966492959214 0.531473409590645 
18 231 2 0.4885194378235799 0.4905395004559937 0.531473409590645 
19 307 3 0.48919462213965564 0.49100230866632755 0.531473409590645 
20 328 4 0.4870994154593482 0.4913436075852419 0.531473409590645 
21 258 4 0.4902524670796185 0.49141019159453714 0.531473409590645 
22 264 3 0.4906801774741181 0.491897225279252 0.531473409590645 
23 278 4 0.4912740150839853 0.49246300588354563 0.531473409590645 
24 165 4 0.4915450225760067 0.49233332553836884 0.531473409590645 
25 111 5 0.4917690291948219 0.49257330139469596 0.531473409590645 
26 320 5 0.4909724557948184 0.49278777809376784 0.531473409590645 
27 245 5 0.49206507039617575 0.49324718062280337 0.531473409590645 
28 199 7 0.4913410800174672 0.49292805276744933 0.531473409590645 
29 388 6 0.4921488942614501 0.4930573863038936 0.531473409590645 
0 2613 5 0.4652457932466345 0.5492781699878324 0.5492781699878324 
1 486 4 0.47142197804277886 0.5731795248948828 0.5731795248948828 
2 440 1 0.4716674183872629 0.5753436801840381 0.5753436801840381 
3 364 2 0.4718426720314429 0.5407881339141756 0.5753436801840381 
4 199 1 0.4720603075215767 0.5043137291920007 0.5753436801840381 
5 292 2 0.47547282380533673 0.5044193477099057 0.5753436801840381 
6 267 2 0.481928052276089 0.5098522268010324 0.5753436801840381 
7 450 4 0.4875998497543082 0.5109086645238978 0.5753436801840381 
8 173 4 0.49460404636577543 0.5111124101267748 0.5753436801840381 
9 307 4 0.4999409942865205 0.5115931452883873 0.5753436801840381 
10 301 6 0.5043187087822961 0.5117989500787801 0.5753436801840381 
11 275 6 0.5064801234727111 0.5117860748587741 0.5753436801840381 
12 287 8 0.5079391046447177 0.511520631198353 0.5753436801840381 
13 138 8 0.5099274157832682 0.5113728291574688 0.5753436801840381 
14 303 9 0.5092199711077869 0.5117003702241198 0.5753436801840381 
15 483 11 0.5090195740047276 0.5119131094983796 0.5753436801840381 
16 210 11 0.5100837026202335 0.512096255582328 0.5753436801840381 
17 96 13 0.5104592324611905 0.5122546211334252 0.5753436801840381 
18 320 15 0.510017926843311 0.5120653908022634 0.5753436801840381 
19 380 20 0.5069974234324106 0.5119045044673545 0.5753436801840381 
20 260 18 0.5100059548341511 0.5116286104306336 0.5753436801840381 
21 286 18 0.5091977820194002 0.5116358291015295 0.5753436801840381 
22 85 19 0.5098704023305666 0.5117421497460568 0.5753436801840381 
23 288 20 0.5106250539923463 0.511721938685338 0.5753436801840381 
24 347 21 0.5094402182602269 0.5120015703380438 0.5753436801840381 
25 67 20 0.5109824111027499 0.5120015703380438 0.5753436801840381 
26 272 21 0.5103099232885909 0.5120142340699702 0.5753436801840381 
27 340 22 0.5100705295189933 0.5120995870034066 0.5753436801840381 
28 160 24 0.5105201469017733 0.5120280890006307 0.5753436801840381 
29 480 22 0.509525716286987 0.5120728558284052 0.5753436801840381 