0 2674 2 0.7789568860876501 0.923792757355321 0.923792757355321 
1 179 1 0.8575734558106001 0.923792757355321 0.923792757355321 
2 186 1 0.8994152548007497 0.923792757355321 0.923792757355321 
3 190 0 0.9126190601813816 0.923792757355321 0.923792757355321 
4 179 0 0.9037755047045084 0.923792757355321 0.923792757355321 
5 112 0 0.9130152380638629 0.923792757355321 0.923792757355321 
6 200 0 0.9064575373190954 0.923792757355321 0.923792757355321 
7 280 0 0.9090055408448364 0.923792757355321 0.923792757355321 
8 116 0 0.9121400720946251 0.923792757355321 0.923792757355321 
9 292 0 0.9104282617437928 0.923792757355321 0.923792757355321 
10 117 0 0.913089521298135 0.923792757355321 0.923792757355321 
11 370 0 0.8993300215866191 0.923792757355321 0.923792757355321 
12 159 2 0.9105717526593483 0.923792757355321 0.923792757355321 
13 297 0 0.9116382953404475 0.923792757355321 0.923792757355321 
14 118 0 0.9123301789854169 0.923792757355321 0.923792757355321 
15 277 0 0.9124604808673504 0.923792757355321 0.923792757355321 
16 289 0 0.9109321096301093 0.923792757355321 0.923792757355321 
17 194 0 0.9146026219160293 0.923792757355321 0.923792757355321 
18 62 0 0.9166107391041873 0.923792757355321 0.923792757355321 
19 90 0 0.9085845582930192 0.923792757355321 0.923792757355321 
20 425 0 0.9062756857690055 0.923792757355321 0.923792757355321 
21 281 1 0.9059179330365366 0.923792757355321 0.923792757355321 
22 124 0 0.908147844119525 0.923792757355321 0.923792757355321 
23 116 0 0.9031222369263012 0.923792757355321 0.923792757355321 
24 64 1 0.9167663212199141 0.923792757355321 0.923792757355321 
25 199 0 0.9061598343591497 0.923792757355321 0.923792757355321 
26 114 0 0.9160782602228711 0.923792757355321 0.923792757355321 
27 141 0 0.9089724970453146 0.923792757355321 0.923792757355321 
28 254 0 0.9144145068842685 0.923792757355321 0.923792757355321 
29 278 0 0.9124896823006261 0.923792757355321 0.923792757355321 
0 2086 3 0.7799544132239733 0.923792757355321 0.923792757355321 
1 261 1 0.8753185615206222 0.923792757355321 0.923792757355321 
2 227 1 0.8956840721829964 0.923792757355321 0.923792757355321 
3 220 0 0.9137087115657387 0.923792757355321 0.923792757355321 
4 243 0 0.9110955620396345 0.923792757355321 0.923792757355321 
5 161 0 0.919634788496761 0.923792757355321 0.923792757355321 
6 161 0 0.9032222494158669 0.923792757355321 0.923792757355321 
7 173 0 0.9133428532102656 0.923792757355321 0.923792757355321 
8 200 0 0.9028489993261019 0.923792757355321 0.923792757355321 
9 100 1 0.9123951753012726 0.923792757355321 0.923792757355321 
10 170 0 0.9090453231181091 0.923792757355321 0.923792757355321 
11 119 1 0.9157497045878096 0.923792757355321 0.923792757355321 
12 218 2 0.9013195933256248 0.923792757355321 0.923792757355321 
13 112 0 0.9123979476475186 0.923792757355321 0.923792757355321 
14 110 0 0.9085266856006831 0.923792757355321 0.923792757355321 
15 167 1 0.9139658084787015 0.923792757355321 0.923792757355321 
16 236 0 0.8998403463844015 0.923792757355321 0.923792757355321 
17 148 0 0.8998437424725476 0.923792757355321 0.923792757355321 
18 123 0 0.9079678746271196 0.923792757355321 0.923792757355321 
19 199 1 0.9028062947107229 0.923792757355321 0.923792757355321 
20 138 0 0.913211878089271 0.923792757355321 0.923792757355321 
21 216 1 0.9072314210122636 0.923792757355321 0.923792757355321 
22 74 0 0.9118663111390025 0.923792757355321 0.923792757355321 
23 176 0 0.9060619997344035 0.923792757355321 0.923792757355321 
24 151 0 0.9093058773345192 0.923792757355321 0.923792757355321 
25 414 0 0.9049980138655723 0.923792757355321 0.923792757355321 
26 298 1 0.9022565619635061 0.923792757355321 0.923792757355321 
27 109 0 0.9079343558617218 0.923792757355321 0.923792757355321 
28 174 0 0.9111585050221458 0.923792757355321 0.923792757355321 
29 257 0 0.9101937413523834 0.923792757355321 0.923792757355321 
0 2219 3 0.7763265803895456 0.923792757355321 0.923792757355321 
1 254 1 0.8523728619402569 0.923792757355321 0.923792757355321 
2 279 1 0.88777623116157 0.923792757355321 0.923792757355321 
3 102 0 0.9054967607840303 0.923792757355321 0.923792757355321 
4 115 1 0.9081988966048533 0.923792757355321 0.923792757355321 
5 250 0 0.9061596398732255 0.923792757355321 0.923792757355321 
6 244 0 0.9043759449722408 0.923792757355321 0.923792757355321 
7 610 1 0.8855013973469831 0.923792757355321 0.923792757355321 
8 353 0 0.8911527160553342 0.923792757355321 0.923792757355321 
9 151 0 0.9112462061493537 0.923792757355321 0.923792757355321 
10 193 0 0.908208990627126 0.923792757355321 0.923792757355321 
11 191 0 0.9172013585325939 0.923792757355321 0.923792757355321 
12 205 2 0.9053826871531132 0.923792757355321 0.923792757355321 
13 377 0 0.8946437579884905 0.923792757355321 0.923792757355321 
14 190 0 0.9081557968379979 0.923792757355321 0.923792757355321 
15 441 1 0.9033654900099926 0.923792757355321 0.923792757355321 
16 145 0 0.9086363728773751 0.923792757355321 0.923792757355321 
17 196 0 0.9097461881495922 0.923792757355321 0.923792757355321 
18 220 0 0.909606006973628 0.923792757355321 0.923792757355321 
19 107 0 0.9188247405113643 0.923792757355321 0.923792757355321 
20 288 0 0.9092869954697845 0.923792757355321 0.923792757355321 
21 192 0 0.9048727405424056 0.923792757355321 0.923792757355321 
22 229 0 0.9081623742754377 0.923792757355321 0.923792757355321 
23 144 1 0.9092951544403023 0.923792757355321 0.923792757355321 
24 75 0 0.9133826806345924 0.923792757355321 0.923792757355321 
25 147 0 0.9063566781131591 0.923792757355321 0.923792757355321 
26 293 0 0.9038167077348329 0.923792757355321 0.923792757355321 
27 204 0 0.9064746809082171 0.923792757355321 0.923792757355321 
28 110 1 0.9114599624064755 0.923792757355321 0.923792757355321 
29 225 0 0.9055720940223639 0.923792757355321 0.923792757355321 
0 2422 2 0.7534160662566385 0.923792757355321 0.923792757355321 
1 205 1 0.8530583792128742 0.923792757355321 0.923792757355321 
2 110 1 0.89183897400413 0.923792757355321 0.923792757355321 
3 244 0 0.9079053892198438 0.923792757355321 0.923792757355321 
4 122 1 0.9146373229755344 0.923792757355321 0.923792757355321 
5 79 0 0.90642703634287 0.923792757355321 0.923792757355321 
6 173 0 0.9079860698404906 0.923792757355321 0.923792757355321 
7 38 0 0.9118928871889884 0.923792757355321 0.923792757355321 
8 189 1 0.9036148877812107 0.923792757355321 0.923792757355321 
9 254 0 0.9026220089549943 0.923792757355321 0.923792757355321 
10 243 0 0.9030122091933418 0.923792757355321 0.923792757355321 
11 322 0 0.9079713343203933 0.923792757355321 0.923792757355321 
12 173 2 0.91278211118031 0.923792757355321 0.923792757355321 
13 255 0 0.9074669870300073 0.923792757355321 0.923792757355321 
14 96 1 0.9132705274437515 0.923792757355321 0.923792757355321 
15 142 0 0.9070236424479582 0.923792757355321 0.923792757355321 
16 224 0 0.9148511214171364 0.923792757355321 0.923792757355321 
17 102 0 0.9121806426619705 0.923792757355321 0.923792757355321 
18 232 0 0.9071517278188241 0.923792757355321 0.923792757355321 
19 184 0 0.9120552989294501 0.923792757355321 0.923792757355321 
20 174 0 0.9079023580557087 0.923792757355321 0.923792757355321 
21 114 0 0.9090164432091656 0.923792757355321 0.923792757355321 
22 157 1 0.917354626941473 0.923792757355321 0.923792757355321 
23 45 0 0.9137621790514966 0.923792757355321 0.923792757355321 
24 410 1 0.908740100505636 0.923792757355321 0.923792757355321 
25 155 0 0.9095435774630208 0.923792757355321 0.923792757355321 
26 174 1 0.906575587765215 0.923792757355321 0.923792757355321 
27 46 0 0.91988061471696 0.923792757355321 0.923792757355321 
28 142 0 0.9190128791698704 0.923792757355321 0.923792757355321 
29 138 1 0.9012805343394773 0.923792757355321 0.923792757355321 
0 2515 3 0.7604996596522672 0.923792757355321 0.923792757355321 
1 256 1 0.8354360676191511 0.923792757355321 0.923792757355321 
2 248 1 0.8964799552353625 0.923792757355321 0.923792757355321 
3 172 1 0.9052258741948265 0.923792757355321 0.923792757355321 
4 112 1 0.9032649328259796 0.923792757355321 0.923792757355321 
5 239 0 0.9094283168249145 0.923792757355321 0.923792757355321 
6 235 0 0.9185894747338342 0.923792757355321 0.923792757355321 
7 211 0 0.9069209219453255 0.923792757355321 0.923792757355321 
8 172 0 0.9072670696589512 0.923792757355321 0.923792757355321 
9 334 0 0.9105200745050496 0.923792757355321 0.923792757355321 
10 177 0 0.9060286672023753 0.923792757355321 0.923792757355321 
11 300 1 0.9148204546172394 0.923792757355321 0.923792757355321 
12 149 2 0.9059428714554622 0.923792757355321 0.923792757355321 
13 182 0 0.9071393154168761 0.923792757355321 0.923792757355321 
14 259 1 0.9115868877400544 0.923792757355321 0.923792757355321 
15 300 0 0.9023358293752272 0.923792757355321 0.923792757355321 
16 257 0 0.8965052321415414 0.923792757355321 0.923792757355321 
17 152 0 0.9099809425190972 0.923792757355321 0.923792757355321 
18 156 0 0.914441606581777 0.923792757355321 0.923792757355321 
19 176 0 0.9106135345866639 0.923792757355321 0.923792757355321 
20 241 0 0.9102192997670672 0.923792757355321 0.923792757355321 
21 255 0 0.9077585648470106 0.923792757355321 0.923792757355321 
22 226 0 0.9099182035867207 0.923792757355321 0.923792757355321 
23 244 1 0.9069371018816849 0.923792757355321 0.923792757355321 
24 181 1 0.8956645821213204 0.923792757355321 0.923792757355321 
25 297 0 0.9085398694266021 0.923792757355321 0.923792757355321 
26 115 0 0.9171910356304632 0.923792757355321 0.923792757355321 
27 302 0 0.9016819621917469 0.923792757355321 0.923792757355321 
28 127 1 0.9142217774370259 0.923792757355321 0.923792757355321 
29 196 0 0.9056757050514758 0.923792757355321 0.923792757355321 
0 2608 3 0.7853199569965443 0.923792757355321 0.923792757355321 
1 109 1 0.8676423925542264 0.923792757355321 0.923792757355321 
2 349 1 0.9004999503559791 0.923792757355321 0.923792757355321 
3 254 1 0.9074548892841942 0.923792757355321 0.923792757355321 
4 188 0 0.911346465091182 0.923792757355321 0.923792757355321 
5 267 0 0.8996192268413918 0.923792757355321 0.923792757355321 
6 252 1 0.9032389553064409 0.923792757355321 0.923792757355321 
7 209 0 0.9050666223401567 0.923792757355321 0.923792757355321 
8 266 0 0.9030383143513819 0.923792757355321 0.923792757355321 
9 333 0 0.9105699237540565 0.923792757355321 0.923792757355321 
10 260 1 0.8995353765012233 0.923792757355321 0.923792757355321 
11 233 0 0.9019889117064903 0.923792757355321 0.923792757355321 
12 92 2 0.9084645988119838 0.923792757355321 0.923792757355321 
13 320 0 0.9053968820439892 0.923792757355321 0.923792757355321 
14 275 1 0.9050763375465649 0.923792757355321 0.923792757355321 
15 181 0 0.907571195573055 0.923792757355321 0.923792757355321 
16 188 0 0.9088538386757006 0.923792757355321 0.923792757355321 
17 136 0 0.9171454706701699 0.923792757355321 0.923792757355321 
18 138 0 0.902393136470343 0.923792757355321 0.923792757355321 
19 154 1 0.9025381496002445 0.923792757355321 0.923792757355321 
20 163 0 0.9063638125762508 0.923792757355321 0.923792757355321 
21 136 0 0.905183037256412 0.923792757355321 0.923792757355321 
22 152 1 0.9055631389447931 0.923792757355321 0.923792757355321 
23 356 0 0.9107869728171467 0.923792757355321 0.923792757355321 
24 150 1 0.9044643695245466 0.923792757355321 0.923792757355321 
25 96 1 0.9080686856528167 0.923792757355321 0.923792757355321 
26 161 0 0.9007442504715598 0.923792757355321 0.923792757355321 
27 172 0 0.90557727749032 0.923792757355321 0.923792757355321 
28 354 0 0.9080975887873496 0.923792757355321 0.923792757355321 
29 388 0 0.904393895503221 0.923792757355321 0.923792757355321 
0 2251 3 0.7727358466207975 0.923792757355321 0.923792757355321 
1 146 1 0.8650873238995019 0.923792757355321 0.923792757355321 
2 328 0 0.9021948148598511 0.923792757355321 0.923792757355321 
3 227 0 0.9053311888142863 0.923792757355321 0.923792757355321 
4 39 0 0.918392940567599 0.923792757355321 0.923792757355321 
5 211 0 0.9081403307027118 0.923792757355321 0.923792757355321 
6 121 0 0.9177812042824001 0.923792757355321 0.923792757355321 
7 377 1 0.8963644767353378 0.923792757355321 0.923792757355321 
8 156 0 0.9049305819456838 0.923792757355321 0.923792757355321 
9 439 1 0.9012486484830516 0.923792757355321 0.923792757355321 
10 153 0 0.9091055576162727 0.923792757355321 0.923792757355321 
11 259 0 0.9049060415145804 0.923792757355321 0.923792757355321 
12 59 2 0.9142051738987966 0.923792757355321 0.923792757355321 
13 235 0 0.9063335543144377 0.923792757355321 0.923792757355321 
14 211 0 0.9081925553826753 0.923792757355321 0.923792757355321 
15 340 0 0.9131154963632229 0.923792757355321 0.923792757355321 
16 209 0 0.9134530828963408 0.923792757355321 0.923792757355321 
17 164 0 0.9134760413153421 0.923792757355321 0.923792757355321 
18 83 1 0.9174799915950963 0.923792757355321 0.923792757355321 
19 179 0 0.9134740235966982 0.923792757355321 0.923792757355321 
20 174 1 0.9096617362465467 0.923792757355321 0.923792757355321 
21 400 0 0.8998472230469992 0.923792757355321 0.923792757355321 
22 295 0 0.8924716935382639 0.923792757355321 0.923792757355321 
23 44 0 0.9045247317345432 0.923792757355321 0.923792757355321 
24 190 1 0.9009307754545911 0.923792757355321 0.923792757355321 
25 502 0 0.9055756225500627 0.923792757355321 0.923792757355321 
26 183 1 0.9021421401186153 0.923792757355321 0.923792757355321 
27 142 0 0.906746347405072 0.923792757355321 0.923792757355321 
28 299 0 0.8973763130966737 0.923792757355321 0.923792757355321 
29 182 0 0.9011828953416868 0.923792757355321 0.923792757355321 
0 2165 2 0.804849535193481 0.923792757355321 0.923792757355321 
1 284 1 0.871200144930151 0.923792757355321 0.923792757355321 
2 324 0 0.8944831471958757 0.923792757355321 0.923792757355321 
3 288 0 0.9032958563639153 0.923792757355321 0.923792757355321 
4 126 0 0.911230791074823 0.923792757355321 0.923792757355321 
5 338 0 0.9078854917124195 0.923792757355321 0.923792757355321 
6 187 0 0.9137512699513525 0.923792757355321 0.923792757355321 
7 195 0 0.9117094621952291 0.923792757355321 0.923792757355321 
8 79 1 0.9036277540796636 0.923792757355321 0.923792757355321 
9 159 0 0.916424635353258 0.923792757355321 0.923792757355321 
10 164 0 0.9137260224769262 0.923792757355321 0.923792757355321 
11 267 0 0.9077459565496944 0.923792757355321 0.923792757355321 
12 122 2 0.9113547409622795 0.923792757355321 0.923792757355321 
13 234 0 0.9040961721965359 0.923792757355321 0.923792757355321 
14 253 0 0.9067714541349525 0.923792757355321 0.923792757355321 
15 126 1 0.9067025207887961 0.923792757355321 0.923792757355321 
16 80 0 0.9051506431086764 0.923792757355321 0.923792757355321 
17 206 0 0.9058039801655796 0.923792757355321 0.923792757355321 
18 103 0 0.9083470621206254 0.923792757355321 0.923792757355321 
19 228 0 0.9080301684067659 0.923792757355321 0.923792757355321 
20 74 0 0.9064681739379694 0.923792757355321 0.923792757355321 
21 405 0 0.8946988695692671 0.923792757355321 0.923792757355321 
22 240 0 0.8983717286366225 0.923792757355321 0.923792757355321 
23 87 0 0.9058632360746937 0.923792757355321 0.923792757355321 
24 344 0 0.9017031184793208 0.923792757355321 0.923792757355321 
25 379 0 0.9005686332820538 0.923792757355321 0.923792757355321 
26 68 0 0.9070607022391333 0.923792757355321 0.923792757355321 
27 240 0 0.9037359873244468 0.923792757355321 0.923792757355321 
28 263 0 0.9080223319276053 0.923792757355321 0.923792757355321 
29 150 1 0.9152847943794132 0.923792757355321 0.923792757355321 
0 1791 2 0.7509379313909644 0.923792757355321 0.923792757355321 
1 434 1 0.8335845488320506 0.923792757355321 0.923792757355321 
2 210 0 0.8844440862821837 0.923792757355321 0.923792757355321 
3 197 1 0.9053765552036946 0.923792757355321 0.923792757355321 
4 133 0 0.9091211873916935 0.923792757355321 0.923792757355321 
5 12 1 0.918279823134734 0.923792757355321 0.923792757355321 
6 135 0 0.912881653474443 0.923792757355321 0.923792757355321 
7 131 0 0.9132882025720328 0.923792757355321 0.923792757355321 
8 101 0 0.9082493520324987 0.923792757355321 0.923792757355321 
9 169 0 0.9117168102739196 0.923792757355321 0.923792757355321 
10 89 0 0.909917288516455 0.923792757355321 0.923792757355321 
11 81 1 0.9114533645525854 0.923792757355321 0.923792757355321 
12 190 2 0.8989012825904824 0.923792757355321 0.923792757355321 
13 277 0 0.8962446007689363 0.923792757355321 0.923792757355321 
14 298 0 0.9027651027048762 0.923792757355321 0.923792757355321 
15 143 1 0.9087469459173927 0.923792757355321 0.923792757355321 
16 72 0 0.9126190275696685 0.923792757355321 0.923792757355321 
17 237 0 0.9108300323402587 0.923792757355321 0.923792757355321 
18 180 0 0.9037437944952288 0.923792757355321 0.923792757355321 
19 371 0 0.9053423065336677 0.923792757355321 0.923792757355321 
20 234 0 0.910993273657242 0.923792757355321 0.923792757355321 
21 251 1 0.9069894750753256 0.923792757355321 0.923792757355321 
22 199 1 0.9043757121213254 0.923792757355321 0.923792757355321 
23 262 1 0.9034556512444882 0.923792757355321 0.923792757355321 
24 288 0 0.9025698338996009 0.923792757355321 0.923792757355321 
25 257 0 0.9062860085696681 0.923792757355321 0.923792757355321 
26 223 1 0.912569164857253 0.923792757355321 0.923792757355321 
27 309 0 0.9049357362167918 0.923792757355321 0.923792757355321 
28 152 0 0.9093633331551295 0.923792757355321 0.923792757355321 
29 313 1 0.910109811134121 0.923792757355321 0.923792757355321 
0 2168 2 0.7805662712719905 0.923792757355321 0.923792757355321 
1 278 1 0.8541127079030878 0.923792757355321 0.923792757355321 
2 160 1 0.8992168425601236 0.923792757355321 0.923792757355321 
3 82 1 0.9097002026111283 0.923792757355321 0.923792757355321 
4 422 0 0.9112836433252366 0.923792757355321 0.923792757355321 
5 81 0 0.9099800923818079 0.923792757355321 0.923792757355321 
6 204 0 0.9032303679683014 0.923792757355321 0.923792757355321 
7 136 1 0.9116732295787738 0.923792757355321 0.923792757355321 
8 157 0 0.9070921677661289 0.923792757355321 0.923792757355321 
9 106 0 0.9055347594353002 0.923792757355321 0.923792757355321 
10 189 1 0.9030980703852977 0.923792757355321 0.923792757355321 
11 359 0 0.9097714387640667 0.923792757355321 0.923792757355321 
12 119 1 0.9097947127550559 0.923792757355321 0.923792757355321 
13 337 1 0.9085494897914586 0.923792757355321 0.923792757355321 
14 152 0 0.912382743834165 0.923792757355321 0.923792757355321 
15 161 0 0.9056910067024034 0.923792757355321 0.923792757355321 
16 63 0 0.9110401589138111 0.923792757355321 0.923792757355321 
17 103 0 0.9096208800894923 0.923792757355321 0.923792757355321 
18 74 0 0.9052884371919621 0.923792757355321 0.923792757355321 
19 169 0 0.9073736886580348 0.923792757355321 0.923792757355321 
20 145 0 0.9087430812031624 0.923792757355321 0.923792757355321 
21 182 0 0.8987049961455882 0.923792757355321 0.923792757355321 
22 133 0 0.9105912391902745 0.923792757355321 0.923792757355321 
23 226 0 0.9051475463376873 0.923792757355321 0.923792757355321 
24 231 0 0.9047571957769972 0.923792757355321 0.923792757355321 
25 216 0 0.9111216351702457 0.923792757355321 0.923792757355321 
26 123 0 0.9175484068477432 0.923792757355321 0.923792757355321 
27 259 0 0.903027954189641 0.923792757355321 0.923792757355321 
28 314 1 0.910027367799489 0.923792757355321 0.923792757355321 
29 402 0 0.9018170127221491 0.923792757355321 0.923792757355321 
0 2423 3 0.7800257137277165 0.923792757355321 0.923792757355321 
1 243 1 0.8680173235856857 0.923792757355321 0.923792757355321 
2 240 0 0.901015779536783 0.923792757355321 0.923792757355321 
3 91 1 0.9133327180552244 0.923792757355321 0.923792757355321 
4 252 0 0.9056391024229197 0.923792757355321 0.923792757355321 
5 163 0 0.9076987512984622 0.923792757355321 0.923792757355321 
6 91 1 0.9023682641289824 0.923792757355321 0.923792757355321 
7 195 1 0.9085527335704379 0.923792757355321 0.923792757355321 
8 186 0 0.910088525539062 0.923792757355321 0.923792757355321 
9 349 1 0.906826302979583 0.923792757355321 0.923792757355321 
10 194 1 0.8938243913870642 0.923792757355321 0.923792757355321 
11 113 0 0.9149416710604398 0.923792757355321 0.923792757355321 
12 219 2 0.9034990624297737 0.923792757355321 0.923792757355321 
13 231 0 0.8962428807745241 0.923792757355321 0.923792757355321 
14 65 0 0.9110626183611201 0.923792757355321 0.923792757355321 
15 343 0 0.9072804316706979 0.923792757355321 0.923792757355321 
16 85 0 0.9129507487465687 0.923792757355321 0.923792757355321 
17 132 0 0.8995217908153178 0.923792757355321 0.923792757355321 
18 56 1 0.9085235608535563 0.923792757355321 0.923792757355321 
19 234 0 0.910651864341209 0.923792757355321 0.923792757355321 
20 168 0 0.9096546663949222 0.923792757355321 0.923792757355321 
21 71 0 0.920236761577447 0.923792757355321 0.923792757355321 
22 257 0 0.9054534696675377 0.923792757355321 0.923792757355321 
23 141 0 0.9068322231904666 0.923792757355321 0.923792757355321 
24 194 0 0.9099484609271121 0.923792757355321 0.923792757355321 
25 52 0 0.9134515359293822 0.923792757355321 0.923792757355321 
26 143 0 0.9163309273720759 0.923792757355321 0.923792757355321 
27 210 0 0.9017601321786571 0.923792757355321 0.923792757355321 
28 262 1 0.8933717662122532 0.923792757355321 0.923792757355321 
29 218 0 0.9033718722712029 0.923792757355321 0.923792757355321 
0 2217 2 0.7882258345977182 0.923792757355321 0.923792757355321 
1 177 0 0.8764035537846523 0.923792757355321 0.923792757355321 
2 137 0 0.9002333467160735 0.923792757355321 0.923792757355321 
3 117 0 0.9054818884364704 0.923792757355321 0.923792757355321 
4 121 0 0.9114247465140357 0.923792757355321 0.923792757355321 
5 171 0 0.9075389916481957 0.923792757355321 0.923792757355321 
6 231 0 0.9066776449340337 0.923792757355321 0.923792757355321 
7 367 1 0.910081172865531 0.923792757355321 0.923792757355321 
8 402 0 0.9080829860539459 0.923792757355321 0.923792757355321 
9 205 0 0.9107402769572214 0.923792757355321 0.923792757355321 
10 174 1 0.9025416997204124 0.923792757355321 0.923792757355321 
11 227 1 0.9077623015030905 0.923792757355321 0.923792757355321 
12 379 2 0.9017730882705297 0.923792757355321 0.923792757355321 
13 353 0 0.9100458553144699 0.923792757355321 0.923792757355321 
14 250 0 0.9032015285771599 0.923792757355321 0.923792757355321 
15 194 0 0.9054366145499222 0.923792757355321 0.923792757355321 
16 210 0 0.906504553498094 0.923792757355321 0.923792757355321 
17 256 0 0.9097703780764123 0.923792757355321 0.923792757355321 
18 330 1 0.8961620635116962 0.923792757355321 0.923792757355321 
19 230 0 0.9024784135476405 0.923792757355321 0.923792757355321 
20 154 0 0.9028465260676315 0.923792757355321 0.923792757355321 
21 176 0 0.9048717527880396 0.923792757355321 0.923792757355321 
22 324 0 0.9093671842704445 0.923792757355321 0.923792757355321 
23 252 0 0.9094134446088549 0.923792757355321 0.923792757355321 
24 273 0 0.9044579620850337 0.923792757355321 0.923792757355321 
25 229 0 0.9088539198992671 0.923792757355321 0.923792757355321 
26 251 1 0.8998650984490787 0.923792757355321 0.923792757355321 
27 226 1 0.903096942959531 0.923792757355321 0.923792757355321 
28 144 0 0.9140254662906961 0.923792757355321 0.923792757355321 
29 100 0 0.9146618910316954 0.923792757355321 0.923792757355321 
0 1839 3 0.7944473430846992 0.923792757355321 0.923792757355321 
1 492 1 0.8669432099561515 0.923792757355321 0.923792757355321 
2 271 1 0.9018621903977571 0.923792757355321 0.923792757355321 
3 314 0 0.9026916763754435 0.923792757355321 0.923792757355321 
4 107 0 0.9117854944257411 0.923792757355321 0.923792757355321 
5 209 0 0.9007975304987369 0.923792757355321 0.923792757355321 
6 286 1 0.9137710863733064 0.923792757355321 0.923792757355321 
7 139 0 0.9105652665074812 0.923792757355321 0.923792757355321 
8 180 0 0.9070511667383623 0.923792757355321 0.923792757355321 
9 355 1 0.9028691223176915 0.923792757355321 0.923792757355321 
10 213 1 0.9067470302828824 0.923792757355321 0.923792757355321 
11 88 0 0.9102586110355214 0.923792757355321 0.923792757355321 
12 103 2 0.9073562068315926 0.923792757355321 0.923792757355321 
13 33 0 0.9170207260064943 0.923792757355321 0.923792757355321 
14 245 1 0.9062366393151312 0.923792757355321 0.923792757355321 
15 161 0 0.9114380424419317 0.923792757355321 0.923792757355321 
16 198 0 0.916866531817185 0.923792757355321 0.923792757355321 
17 225 0 0.9070434819421935 0.923792757355321 0.923792757355321 
18 232 1 0.9165169901568365 0.923792757355321 0.923792757355321 
19 339 0 0.9027621845296403 0.923792757355321 0.923792757355321 
20 125 0 0.9101211591153219 0.923792757355321 0.923792757355321 
21 169 1 0.9049664394841106 0.923792757355321 0.923792757355321 
22 176 0 0.9063997360299342 0.923792757355321 0.923792757355321 
23 163 0 0.9045004363699382 0.923792757355321 0.923792757355321 
24 342 0 0.9059190963126252 0.923792757355321 0.923792757355321 
25 265 0 0.9064245186143336 0.923792757355321 0.923792757355321 
26 232 0 0.906015217190004 0.923792757355321 0.923792757355321 
27 144 0 0.9107344582543887 0.923792757355321 0.923792757355321 
28 129 1 0.9071581184401442 0.923792757355321 0.923792757355321 
29 53 0 0.912474731131236 0.923792757355321 0.923792757355321 
0 2258 3 0.7951463043732062 0.923792757355321 0.923792757355321 
1 144 1 0.8728494142075902 0.923792757355321 0.923792757355321 
2 73 1 0.9066755044738588 0.923792757355321 0.923792757355321 
3 191 0 0.9109681636228193 0.923792757355321 0.923792757355321 
4 150 1 0.9113528241040805 0.923792757355321 0.923792757355321 
5 181 0 0.9136557376756447 0.923792757355321 0.923792757355321 
6 64 0 0.9120902053569935 0.923792757355321 0.923792757355321 
7 178 1 0.9042930078846257 0.923792757355321 0.923792757355321 
8 188 0 0.9051660784020819 0.923792757355321 0.923792757355321 
9 205 1 0.913180398589729 0.923792757355321 0.923792757355321 
10 366 0 0.9102713739676959 0.923792757355321 0.923792757355321 
11 122 0 0.9041286989435955 0.923792757355321 0.923792757355321 
12 157 2 0.9065424122549827 0.923792757355321 0.923792757355321 
13 199 0 0.910366319519194 0.923792757355321 0.923792757355321 
14 198 0 0.9052879476260055 0.923792757355321 0.923792757355321 
15 62 0 0.9070481737059075 0.923792757355321 0.923792757355321 
16 126 0 0.907517285045071 0.923792757355321 0.923792757355321 
17 223 0 0.9165535055263351 0.923792757355321 0.923792757355321 
18 245 0 0.9043997493055709 0.923792757355321 0.923792757355321 
19 345 0 0.893648689475161 0.923792757355321 0.923792757355321 
20 107 0 0.9077676702907448 0.923792757355321 0.923792757355321 
21 183 0 0.91054631391292 0.923792757355321 0.923792757355321 
22 413 0 0.9043862294413993 0.923792757355321 0.923792757355321 
23 65 1 0.9124528841414122 0.923792757355321 0.923792757355321 
24 235 1 0.9068326618768577 0.923792757355321 0.923792757355321 
25 77 0 0.910492969293209 0.923792757355321 0.923792757355321 
26 143 0 0.9092038441385267 0.923792757355321 0.923792757355321 
27 145 1 0.9112533450986018 0.923792757355321 0.923792757355321 
28 84 0 0.9120706455652181 0.923792757355321 0.923792757355321 
29 261 0 0.9025688608257451 0.923792757355321 0.923792757355321 
0 2487 3 0.7508363376549643 0.923792757355321 0.923792757355321 
1 272 1 0.8332258447719958 0.923792757355321 0.923792757355321 
2 121 0 0.8957311993710213 0.923792757355321 0.923792757355321 
3 163 0 0.9057861271377114 0.923792757355321 0.923792757355321 
4 172 0 0.9070982454172425 0.923792757355321 0.923792757355321 
5 106 0 0.9182275367652611 0.923792757355321 0.923792757355321 
6 140 1 0.9091552873763059 0.923792757355321 0.923792757355321 
7 93 1 0.9117445366111622 0.923792757355321 0.923792757355321 
8 166 1 0.9046478243980656 0.923792757355321 0.923792757355321 
9 207 0 0.9112617773232276 0.923792757355321 0.923792757355321 
10 87 1 0.9141313243038748 0.923792757355321 0.923792757355321 
11 237 0 0.9125196632736619 0.923792757355321 0.923792757355321 
12 178 2 0.9052445434051991 0.923792757355321 0.923792757355321 
13 247 0 0.9096692114142436 0.923792757355321 0.923792757355321 
14 120 1 0.913693768810666 0.923792757355321 0.923792757355321 
15 159 0 0.9126024374636285 0.923792757355321 0.923792757355321 
16 172 0 0.906480350507411 0.923792757355321 0.923792757355321 
17 219 0 0.9046802930588158 0.923792757355321 0.923792757355321 
18 172 0 0.9010104567086517 0.923792757355321 0.923792757355321 
19 81 1 0.9070623969096954 0.923792757355321 0.923792757355321 
20 227 0 0.9088334584581729 0.923792757355321 0.923792757355321 
21 183 0 0.9022937762624046 0.923792757355321 0.923792757355321 
22 135 0 0.902071096619333 0.923792757355321 0.923792757355321 
23 138 0 0.9119744691850752 0.923792757355321 0.923792757355321 
24 134 1 0.9114954370069338 0.923792757355321 0.923792757355321 
25 222 0 0.906182128297221 0.923792757355321 0.923792757355321 
26 136 1 0.9002729613587622 0.923792757355321 0.923792757355321 
27 135 0 0.9136727198465183 0.923792757355321 0.923792757355321 
28 258 1 0.9066183306268236 0.923792757355321 0.923792757355321 
29 269 0 0.8989858578224961 0.923792757355321 0.923792757355321 
0 2283 3 0.7694373279009303 0.923792757355321 0.923792757355321 
1 193 0 0.829841273540762 0.923792757355321 0.923792757355321 
2 158 1 0.8800758515124214 0.923792757355321 0.923792757355321 
3 216 1 0.9072786563679079 0.923792757355321 0.923792757355321 
4 339 1 0.9055606440398718 0.923792757355321 0.923792757355321 
5 118 0 0.9093035642208045 0.923792757355321 0.923792757355321 
6 113 1 0.9124564962655132 0.923792757355321 0.923792757355321 
7 72 0 0.9103437764279256 0.923792757355321 0.923792757355321 
8 192 0 0.9081733431705062 0.923792757355321 0.923792757355321 
9 185 1 0.91255967417314 0.923792757355321 0.923792757355321 
10 324 0 0.9080316135763699 0.923792757355321 0.923792757355321 
11 31 1 0.9194328580800835 0.923792757355321 0.923792757355321 
12 308 1 0.9104803817342951 0.923792757355321 0.923792757355321 
13 72 0 0.920893640126524 0.923792757355321 0.923792757355321 
14 207 0 0.9064241742064932 0.923792757355321 0.923792757355321 
15 160 0 0.90185483236717 0.923792757355321 0.923792757355321 
16 164 0 0.9102517595828161 0.923792757355321 0.923792757355321 
17 79 0 0.9136796569015861 0.923792757355321 0.923792757355321 
18 338 0 0.9068294259345574 0.923792757355321 0.923792757355321 
19 160 0 0.9081168681724182 0.923792757355321 0.923792757355321 
20 205 0 0.9062526675075177 0.923792757355321 0.923792757355321 
21 109 0 0.9144008982271978 0.923792757355321 0.923792757355321 
22 217 0 0.9083925780029779 0.923792757355321 0.923792757355321 
23 122 0 0.9076929398505778 0.923792757355321 0.923792757355321 
24 58 0 0.9138197259884331 0.923792757355321 0.923792757355321 
25 207 0 0.9064513211936951 0.923792757355321 0.923792757355321 
26 143 0 0.9092606423013091 0.923792757355321 0.923792757355321 
27 75 0 0.9174458428784991 0.923792757355321 0.923792757355321 
28 239 1 0.9045571988283807 0.923792757355321 0.923792757355321 
29 148 0 0.9183820230213121 0.923792757355321 0.923792757355321 
0 2623 2 0.7638180518616542 0.923792757355321 0.923792757355321 
1 266 1 0.8378395758693487 0.923792757355321 0.923792757355321 
2 245 0 0.8804483010674514 0.923792757355321 0.923792757355321 
3 290 1 0.9037180525081374 0.923792757355321 0.923792757355321 
4 94 0 0.907609758464885 0.923792757355321 0.923792757355321 
5 105 1 0.9082959800884391 0.923792757355321 0.923792757355321 
6 105 0 0.904082752390046 0.923792757355321 0.923792757355321 
7 16 0 0.9088861341987381 0.923792757355321 0.923792757355321 
8 131 0 0.9124559716628099 0.923792757355321 0.923792757355321 
9 201 0 0.8968190326806781 0.923792757355321 0.923792757355321 
10 22 0 0.9120892044679754 0.923792757355321 0.923792757355321 
11 311 0 0.906496071727707 0.923792757355321 0.923792757355321 
12 248 2 0.896808629853884 0.923792757355321 0.923792757355321 
13 315 0 0.9054217570342118 0.923792757355321 0.923792757355321 
14 142 1 0.9037044080065811 0.923792757355321 0.923792757355321 
15 147 1 0.9127805867949468 0.923792757355321 0.923792757355321 
16 210 0 0.9137196114490129 0.923792757355321 0.923792757355321 
17 257 0 0.9015193252553229 0.923792757355321 0.923792757355321 
18 198 0 0.9167417970292712 0.923792757355321 0.923792757355321 
19 215 0 0.9116639004987935 0.923792757355321 0.923792757355321 
20 221 0 0.904082404587545 0.923792757355321 0.923792757355321 
21 327 1 0.8988918545781098 0.923792757355321 0.923792757355321 
22 138 0 0.9092922906567972 0.923792757355321 0.923792757355321 
23 308 0 0.9101274769283664 0.923792757355321 0.923792757355321 
24 197 0 0.9067643127185557 0.923792757355321 0.923792757355321 
25 46 1 0.9154814391555155 0.923792757355321 0.923792757355321 
26 141 1 0.9061921881046257 0.923792757355321 0.923792757355321 
27 152 0 0.9044320752771706 0.923792757355321 0.923792757355321 
28 189 0 0.9102450249803296 0.923792757355321 0.923792757355321 
29 295 0 0.9053239267048458 0.923792757355321 0.923792757355321 
0 2789 3 0.7545321874820026 0.923792757355321 0.923792757355321 
1 138 1 0.8526955482874802 0.923792757355321 0.923792757355321 
2 143 1 0.8982167879345673 0.923792757355321 0.923792757355321 
3 98 1 0.9038929357915112 0.923792757355321 0.923792757355321 
4 515 1 0.8993595072210709 0.923792757355321 0.923792757355321 
5 206 1 0.9084724519312369 0.923792757355321 0.923792757355321 
6 70 0 0.9171443074939931 0.923792757355321 0.923792757355321 
7 154 1 0.9119721810281404 0.923792757355321 0.923792757355321 
8 167 0 0.9054130631886755 0.923792757355321 0.923792757355321 
9 144 0 0.9013385208751212 0.923792757355321 0.923792757355321 
10 267 0 0.9081009026842048 0.923792757355321 0.923792757355321 
11 147 0 0.9143706491003756 0.923792757355321 0.923792757355321 
12 199 2 0.9132601877441556 0.923792757355321 0.923792757355321 
13 251 0 0.9054898083748105 0.923792757355321 0.923792757355321 
14 151 1 0.9086162029717357 0.923792757355321 0.923792757355321 
15 157 0 0.9108003747893827 0.923792757355321 0.923792757355321 
16 278 0 0.90020483987535 0.923792757355321 0.923792757355321 
17 206 0 0.8959667660448098 0.923792757355321 0.923792757355321 
18 159 0 0.9063767889381649 0.923792757355321 0.923792757355321 
19 277 0 0.9012429980170117 0.923792757355321 0.923792757355321 
20 72 0 0.9134075052740606 0.923792757355321 0.923792757355321 
21 128 0 0.9013895782634096 0.923792757355321 0.923792757355321 
22 166 0 0.9075562646268507 0.923792757355321 0.923792757355321 
23 212 1 0.907267731912559 0.923792757355321 0.923792757355321 
24 123 1 0.9087658474769662 0.923792757355321 0.923792757355321 
25 314 0 0.905395508439497 0.923792757355321 0.923792757355321 
26 97 0 0.9081652730444536 0.923792757355321 0.923792757355321 
27 146 0 0.9060745188894433 0.923792757355321 0.923792757355321 
28 118 0 0.9107639173005093 0.923792757355321 0.923792757355321 
29 161 0 0.9168290057916978 0.923792757355321 0.923792757355321 
0 2598 3 0.7554606763697218 0.923792757355321 0.923792757355321 
1 197 1 0.8528808545379286 0.923792757355321 0.923792757355321 
2 230 0 0.8904522742853515 0.923792757355321 0.923792757355321 
3 224 0 0.8943860523864648 0.923792757355321 0.923792757355321 
4 219 0 0.9073965783568642 0.923792757355321 0.923792757355321 
5 179 1 0.9108174884284428 0.923792757355321 0.923792757355321 
6 147 1 0.9078004795566014 0.923792757355321 0.923792757355321 
7 114 0 0.9121376667668774 0.923792757355321 0.923792757355321 
8 219 0 0.9110679242428208 0.923792757355321 0.923792757355321 
9 153 0 0.9107597333915994 0.923792757355321 0.923792757355321 
10 191 0 0.9121296792762861 0.923792757355321 0.923792757355321 
11 301 1 0.8997146761301404 0.923792757355321 0.923792757355321 
12 162 2 0.9056778218538863 0.923792757355321 0.923792757355321 
13 340 0 0.9103524416072456 0.923792757355321 0.923792757355321 
14 285 0 0.9040826847742695 0.923792757355321 0.923792757355321 
15 164 1 0.9109492870352723 0.923792757355321 0.923792757355321 
16 93 0 0.9113523551920168 0.923792757355321 0.923792757355321 
17 134 0 0.9142464511431041 0.923792757355321 0.923792757355321 
18 172 0 0.9027342064868273 0.923792757355321 0.923792757355321 
19 233 0 0.906794809917445 0.923792757355321 0.923792757355321 
20 237 0 0.9139322372230884 0.923792757355321 0.923792757355321 
21 29 0 0.9187443064976901 0.923792757355321 0.923792757355321 
22 185 1 0.9044157664012671 0.923792757355321 0.923792757355321 
23 148 0 0.9137699486928329 0.923792757355321 0.923792757355321 
24 299 0 0.9070386449718985 0.923792757355321 0.923792757355321 
25 136 0 0.9143574711909863 0.923792757355321 0.923792757355321 
26 348 0 0.9045339848694246 0.923792757355321 0.923792757355321 
27 53 0 0.9082911730875877 0.923792757355321 0.923792757355321 
28 106 0 0.9143419288726736 0.923792757355321 0.923792757355321 
29 213 0 0.9088845031089976 0.923792757355321 0.923792757355321 
0 2172 2 0.7970364781444137 0.923792757355321 0.923792757355321 
1 121 0 0.8733303884915959 0.923792757355321 0.923792757355321 
2 228 0 0.9087210540619334 0.923792757355321 0.923792757355321 
3 119 0 0.9085393649938499 0.923792757355321 0.923792757355321 
4 219 0 0.8993625403527044 0.923792757355321 0.923792757355321 
5 397 0 0.906129875395957 0.923792757355321 0.923792757355321 
6 152 0 0.9166871894232334 0.923792757355321 0.923792757355321 
7 183 0 0.8970368068339084 0.923792757355321 0.923792757355321 
8 375 1 0.9015521721702348 0.923792757355321 0.923792757355321 
9 252 0 0.9039722109677784 0.923792757355321 0.923792757355321 
10 178 0 0.9044279375446846 0.923792757355321 0.923792757355321 
11 262 1 0.9035563472347461 0.923792757355321 0.923792757355321 
12 73 2 0.9043330307421847 0.923792757355321 0.923792757355321 
13 171 0 0.9088233546934019 0.923792757355321 0.923792757355321 
14 253 0 0.9073030739474423 0.923792757355321 0.923792757355321 
15 291 1 0.9091079640250455 0.923792757355321 0.923792757355321 
16 215 0 0.8937511202113464 0.923792757355321 0.923792757355321 
17 193 1 0.9075533225423199 0.923792757355321 0.923792757355321 
18 201 0 0.8985970610900326 0.923792757355321 0.923792757355321 
19 185 0 0.905404543970982 0.923792757355321 0.923792757355321 
20 305 1 0.9060142006311013 0.923792757355321 0.923792757355321 
21 168 1 0.9153948636656045 0.923792757355321 0.923792757355321 
22 190 0 0.9071163478290988 0.923792757355321 0.923792757355321 
23 102 0 0.9094614734222948 0.923792757355321 0.923792757355321 
24 204 0 0.9046329929356454 0.923792757355321 0.923792757355321 
25 109 0 0.9117679387774844 0.923792757355321 0.923792757355321 
26 185 1 0.9171005618701219 0.923792757355321 0.923792757355321 
27 270 0 0.9173606539146832 0.923792757355321 0.923792757355321 
28 102 0 0.9155213379818627 0.923792757355321 0.923792757355321 
29 295 0 0.8995894625883223 0.923792757355321 0.923792757355321 
0 2217 2 0.7754637670317056 0.923792757355321 0.923792757355321 
1 145 0 0.8470491921635148 0.923792757355321 0.923792757355321 
2 455 0 0.8901113713628142 0.923792757355321 0.923792757355321 
3 137 0 0.9067767633158111 0.923792757355321 0.923792757355321 
4 377 1 0.9163378479999167 0.923792757355321 0.923792757355321 
5 42 0 0.9037204173408976 0.923792757355321 0.923792757355321 
6 262 0 0.9008895118051454 0.923792757355321 0.923792757355321 
7 282 0 0.8979991216625928 0.923792757355321 0.923792757355321 
8 155 0 0.9119682515357834 0.923792757355321 0.923792757355321 
9 251 1 0.901190020746548 0.923792757355321 0.923792757355321 
10 215 0 0.8991993138611545 0.923792757355321 0.923792757355321 
11 324 0 0.8992908318625011 0.923792757355321 0.923792757355321 
12 303 1 0.9039260361392835 0.923792757355321 0.923792757355321 
13 153 0 0.912514149168166 0.923792757355321 0.923792757355321 
14 95 0 0.9061398440623685 0.923792757355321 0.923792757355321 
15 139 0 0.9044745553507211 0.923792757355321 0.923792757355321 
16 171 0 0.9094890096480149 0.923792757355321 0.923792757355321 
17 174 1 0.9164519295712162 0.923792757355321 0.923792757355321 
18 203 1 0.9142043601837821 0.923792757355321 0.923792757355321 
19 90 0 0.9204578694486771 0.923792757355321 0.923792757355321 
20 158 0 0.9093538740043046 0.923792757355321 0.923792757355321 
21 365 0 0.9106823086555026 0.923792757355321 0.923792757355321 
22 324 0 0.894159905922509 0.923792757355321 0.923792757355321 
23 150 0 0.9128264253963526 0.923792757355321 0.923792757355321 
24 75 1 0.9117651674946876 0.923792757355321 0.923792757355321 
25 103 0 0.9148991248164318 0.923792757355321 0.923792757355321 
26 115 0 0.9181716424293102 0.923792757355321 0.923792757355321 
27 255 0 0.9134542673980485 0.923792757355321 0.923792757355321 
28 254 0 0.9084199020065215 0.923792757355321 0.923792757355321 
29 95 1 0.9140698416616053 0.923792757355321 0.923792757355321 
0 2314 3 0.7521053774628854 0.923792757355321 0.923792757355321 
1 402 1 0.8281475998148551 0.923792757355321 0.923792757355321 
2 240 1 0.9053040799853654 0.923792757355321 0.923792757355321 
3 95 0 0.9126290748059215 0.923792757355321 0.923792757355321 
4 137 0 0.908632435813424 0.923792757355321 0.923792757355321 
5 103 0 0.9089212055223669 0.923792757355321 0.923792757355321 
6 93 0 0.9065893240166057 0.923792757355321 0.923792757355321 
7 36 0 0.9093329475406469 0.923792757355321 0.923792757355321 
8 105 0 0.9066961137999148 0.923792757355321 0.923792757355321 
9 155 0 0.9133353414633275 0.923792757355321 0.923792757355321 
10 149 0 0.9085122647515591 0.923792757355321 0.923792757355321 
11 200 1 0.9075827926519677 0.923792757355321 0.923792757355321 
12 238 2 0.9070734047192849 0.923792757355321 0.923792757355321 
13 174 0 0.9078757617914163 0.923792757355321 0.923792757355321 
14 317 0 0.9090239029042987 0.923792757355321 0.923792757355321 
15 118 1 0.9120323318765813 0.923792757355321 0.923792757355321 
16 105 0 0.9084114135000319 0.923792757355321 0.923792757355321 
17 251 0 0.8944452671876381 0.923792757355321 0.923792757355321 
18 262 0 0.9106825510050857 0.923792757355321 0.923792757355321 
19 107 0 0.9064758015931875 0.923792757355321 0.923792757355321 
20 317 1 0.9087942067167343 0.923792757355321 0.923792757355321 
21 200 0 0.9056485210597167 0.923792757355321 0.923792757355321 
22 154 0 0.9084413673325717 0.923792757355321 0.923792757355321 
23 189 0 0.9086263285406959 0.923792757355321 0.923792757355321 
24 302 0 0.9071394336381647 0.923792757355321 0.923792757355321 
25 192 0 0.8986157487606004 0.923792757355321 0.923792757355321 
26 90 0 0.9090827445507818 0.923792757355321 0.923792757355321 
27 391 0 0.9032999581786436 0.923792757355321 0.923792757355321 
28 228 0 0.9179063789726976 0.923792757355321 0.923792757355321 
29 400 1 0.9087167864382625 0.923792757355321 0.923792757355321 
0 2512 2 0.7883772120136878 0.923792757355321 0.923792757355321 
1 311 1 0.8678068772586874 0.923792757355321 0.923792757355321 
2 329 1 0.8937433276250847 0.923792757355321 0.923792757355321 
3 328 0 0.903898037034147 0.923792757355321 0.923792757355321 
4 180 0 0.9071140755917962 0.923792757355321 0.923792757355321 
5 440 0 0.9053602878764113 0.923792757355321 0.923792757355321 
6 202 0 0.9128667521150304 0.923792757355321 0.923792757355321 
7 150 0 0.913066307552675 0.923792757355321 0.923792757355321 
8 88 1 0.9110635250426015 0.923792757355321 0.923792757355321 
9 220 1 0.9063632205168993 0.923792757355321 0.923792757355321 
10 254 1 0.9005201930776323 0.923792757355321 0.923792757355321 
11 168 1 0.9098229972954794 0.923792757355321 0.923792757355321 
12 330 2 0.9084379258830668 0.923792757355321 0.923792757355321 
13 93 0 0.9109707865038388 0.923792757355321 0.923792757355321 
14 208 0 0.9123811281482352 0.923792757355321 0.923792757355321 
15 136 0 0.9089520659916626 0.923792757355321 0.923792757355321 
16 231 0 0.911185592768618 0.923792757355321 0.923792757355321 
17 267 0 0.9033174695013594 0.923792757355321 0.923792757355321 
18 226 0 0.908574270692303 0.923792757355321 0.923792757355321 
19 170 0 0.9023304836787952 0.923792757355321 0.923792757355321 
20 156 0 0.9099514653306444 0.923792757355321 0.923792757355321 
21 109 0 0.9128590276669919 0.923792757355321 0.923792757355321 
22 174 0 0.9078537569161533 0.923792757355321 0.923792757355321 
23 305 0 0.9071109164408068 0.923792757355321 0.923792757355321 
24 125 1 0.906339606281386 0.923792757355321 0.923792757355321 
25 374 0 0.894286057377397 0.923792757355321 0.923792757355321 
26 74 1 0.9105301355280107 0.923792757355321 0.923792757355321 
27 272 0 0.9048980865069299 0.923792757355321 0.923792757355321 
28 229 0 0.9004209337296895 0.923792757355321 0.923792757355321 
29 155 0 0.9095298074795211 0.923792757355321 0.923792757355321 
0 2526 2 0.7809977700792543 0.923792757355321 0.923792757355321 
1 245 1 0.8616758579831985 0.923792757355321 0.923792757355321 
2 51 0 0.909053149883388 0.923792757355321 0.923792757355321 
3 330 0 0.9012227367405086 0.923792757355321 0.923792757355321 
4 192 0 0.9034767369451009 0.923792757355321 0.923792757355321 
5 201 1 0.8975297638746847 0.923792757355321 0.923792757355321 
6 139 1 0.9065303573903815 0.923792757355321 0.923792757355321 
7 36 0 0.9193042505726778 0.923792757355321 0.923792757355321 
8 193 0 0.9075238345717653 0.923792757355321 0.923792757355321 
9 203 0 0.9057166367105013 0.923792757355321 0.923792757355321 
10 175 1 0.9090527709303298 0.923792757355321 0.923792757355321 
11 8 0 0.9211654870670725 0.923792757355321 0.923792757355321 
12 202 1 0.908300534318669 0.923792757355321 0.923792757355321 
13 178 1 0.9126405738301244 0.923792757355321 0.923792757355321 
14 94 0 0.9090705460122459 0.923792757355321 0.923792757355321 
15 162 0 0.9117268142358522 0.923792757355321 0.923792757355321 
16 234 1 0.9078224859056817 0.923792757355321 0.923792757355321 
17 210 0 0.9086005120421139 0.923792757355321 0.923792757355321 
18 152 1 0.9062090667365732 0.923792757355321 0.923792757355321 
19 172 0 0.9101094666959615 0.923792757355321 0.923792757355321 
20 198 0 0.9059709255061473 0.923792757355321 0.923792757355321 
21 402 1 0.9052234784091523 0.923792757355321 0.923792757355321 
22 186 0 0.9031085672659185 0.923792757355321 0.923792757355321 
23 102 0 0.9105761503383097 0.923792757355321 0.923792757355321 
24 111 0 0.9109967277780794 0.923792757355321 0.923792757355321 
25 240 0 0.9047427079929473 0.923792757355321 0.923792757355321 
26 203 0 0.912569961321314 0.923792757355321 0.923792757355321 
27 184 0 0.9007441867807691 0.923792757355321 0.923792757355321 
28 139 0 0.9045064199548959 0.923792757355321 0.923792757355321 
29 89 0 0.9119833683496456 0.923792757355321 0.923792757355321 
0 1992 3 0.7782032390456163 0.923792757355321 0.923792757355321 
1 204 1 0.8526008515484952 0.923792757355321 0.923792757355321 
2 231 0 0.8899404569238663 0.923792757355321 0.923792757355321 
3 322 1 0.8986412443136846 0.923792757355321 0.923792757355321 
4 290 0 0.9166455879324441 0.923792757355321 0.923792757355321 
5 122 0 0.9152037608685748 0.923792757355321 0.923792757355321 
6 273 0 0.9126492776365118 0.923792757355321 0.923792757355321 
7 185 0 0.9092776125047866 0.923792757355321 0.923792757355321 
8 191 1 0.9067690125418107 0.923792757355321 0.923792757355321 
9 215 1 0.9070488918187998 0.923792757355321 0.923792757355321 
10 45 0 0.9129771683963441 0.923792757355321 0.923792757355321 
11 289 0 0.8986173753791017 0.923792757355321 0.923792757355321 
12 85 2 0.9107195250807323 0.923792757355321 0.923792757355321 
13 184 0 0.9050411559120018 0.923792757355321 0.923792757355321 
14 181 0 0.9062082943195817 0.923792757355321 0.923792757355321 
15 230 1 0.9085478151604609 0.923792757355321 0.923792757355321 
16 97 0 0.9102890108873738 0.923792757355321 0.923792757355321 
17 149 1 0.9132926054401489 0.923792757355321 0.923792757355321 
18 175 0 0.9133100737298241 0.923792757355321 0.923792757355321 
19 184 0 0.9052716240335288 0.923792757355321 0.923792757355321 
20 312 1 0.9143308680334971 0.923792757355321 0.923792757355321 
21 189 1 0.9015652686395539 0.923792757355321 0.923792757355321 
22 93 0 0.9080579088292186 0.923792757355321 0.923792757355321 
23 126 0 0.9150049440275667 0.923792757355321 0.923792757355321 
24 86 1 0.9133645719440052 0.923792757355321 0.923792757355321 
25 260 0 0.9159891741464139 0.923792757355321 0.923792757355321 
26 197 0 0.9028801321617921 0.923792757355321 0.923792757355321 
27 187 1 0.909824406092129 0.923792757355321 0.923792757355321 
28 242 0 0.9133462391173179 0.923792757355321 0.923792757355321 
29 142 1 0.909910694225469 0.923792757355321 0.923792757355321 
0 1771 3 0.7854521440577605 0.923792757355321 0.923792757355321 
1 283 0 0.8718806004436543 0.923792757355321 0.923792757355321 
2 189 0 0.8992118555832266 0.923792757355321 0.923792757355321 
3 326 1 0.8981587554624536 0.923792757355321 0.923792757355321 
4 72 0 0.9167670095914267 0.923792757355321 0.923792757355321 
5 131 0 0.9086520161245711 0.923792757355321 0.923792757355321 
6 136 0 0.913685441633881 0.923792757355321 0.923792757355321 
7 100 0 0.9157038950633515 0.923792757355321 0.923792757355321 
8 148 0 0.913033215340585 0.923792757355321 0.923792757355321 
9 174 0 0.8996208469290449 0.923792757355321 0.923792757355321 
10 223 0 0.8954184293237322 0.923792757355321 0.923792757355321 
11 224 0 0.9058872923143163 0.923792757355321 0.923792757355321 
12 140 2 0.9106040125070649 0.923792757355321 0.923792757355321 
13 170 1 0.9123408808917022 0.923792757355321 0.923792757355321 
14 284 1 0.9102972538208788 0.923792757355321 0.923792757355321 
15 157 1 0.9072289542400547 0.923792757355321 0.923792757355321 
16 251 0 0.9076460745869344 0.923792757355321 0.923792757355321 
17 174 0 0.9078566996739458 0.923792757355321 0.923792757355321 
18 93 0 0.9072906060147204 0.923792757355321 0.923792757355321 
19 113 1 0.9135497665014046 0.923792757355321 0.923792757355321 
20 203 1 0.9101246971761803 0.923792757355321 0.923792757355321 
21 115 0 0.9099785958529286 0.923792757355321 0.923792757355321 
22 150 1 0.9077055839920337 0.923792757355321 0.923792757355321 
23 194 0 0.9081787038851126 0.923792757355321 0.923792757355321 
24 148 0 0.905647458754885 0.923792757355321 0.923792757355321 
25 209 0 0.9045867772617747 0.923792757355321 0.923792757355321 
26 208 0 0.9069684686936959 0.923792757355321 0.923792757355321 
27 329 0 0.9088772511877766 0.923792757355321 0.923792757355321 
28 185 0 0.9066137515746183 0.923792757355321 0.923792757355321 
29 256 1 0.905804402825024 0.923792757355321 0.923792757355321 
0 1982 3 0.7651588971256972 0.923792757355321 0.923792757355321 
1 315 1 0.8424197419150579 0.923792757355321 0.923792757355321 
2 161 0 0.8939345577518529 0.923792757355321 0.923792757355321 
3 128 1 0.9060252375019223 0.923792757355321 0.923792757355321 
4 73 1 0.9141758874108754 0.923792757355321 0.923792757355321 
5 93 0 0.9099544320357179 0.923792757355321 0.923792757355321 
6 144 0 0.9133066674978316 0.923792757355321 0.923792757355321 
7 182 0 0.9107562211881998 0.923792757355321 0.923792757355321 
8 186 0 0.90684415891357 0.923792757355321 0.923792757355321 
9 96 0 0.914915085577049 0.923792757355321 0.923792757355321 
10 421 0 0.9112053775702613 0.923792757355321 0.923792757355321 
11 206 0 0.9021847506484343 0.923792757355321 0.923792757355321 
12 118 2 0.9070533039470299 0.923792757355321 0.923792757355321 
13 96 0 0.9122468874533624 0.923792757355321 0.923792757355321 
14 291 0 0.9037252334631094 0.923792757355321 0.923792757355321 
15 80 0 0.9083096239899355 0.923792757355321 0.923792757355321 
16 180 0 0.9004646128114651 0.923792757355321 0.923792757355321 
17 202 0 0.9079490077886413 0.923792757355321 0.923792757355321 
18 171 1 0.9150275069103395 0.923792757355321 0.923792757355321 
19 256 0 0.9088377719120712 0.923792757355321 0.923792757355321 
20 208 0 0.9032429716922568 0.923792757355321 0.923792757355321 
21 188 0 0.9085548392354865 0.923792757355321 0.923792757355321 
22 173 0 0.9085009720402937 0.923792757355321 0.923792757355321 
23 178 0 0.9038558613216148 0.923792757355321 0.923792757355321 
24 109 1 0.9171365415153234 0.923792757355321 0.923792757355321 
25 155 1 0.9054108574641623 0.923792757355321 0.923792757355321 
26 237 0 0.9018427153880019 0.923792757355321 0.923792757355321 
27 132 1 0.9108922545406206 0.923792757355321 0.923792757355321 
28 200 0 0.9052504841348736 0.923792757355321 0.923792757355321 
29 32 0 0.9144228523475697 0.923792757355321 0.923792757355321 
0 3103 3 0.7879572950510244 0.923792757355321 0.923792757355321 
1 145 1 0.8450126962213864 0.923792757355321 0.923792757355321 
2 123 0 0.9027473886647475 0.923792757355321 0.923792757355321 
3 263 0 0.9093337803846798 0.923792757355321 0.923792757355321 
4 138 1 0.914969500463024 0.923792757355321 0.923792757355321 
5 219 0 0.9083033033412612 0.923792757355321 0.923792757355321 
6 172 0 0.9121190218389441 0.923792757355321 0.923792757355321 
7 84 0 0.9138918295565133 0.923792757355321 0.923792757355321 
8 187 0 0.9119381336571135 0.923792757355321 0.923792757355321 
9 239 0 0.912894238418583 0.923792757355321 0.923792757355321 
10 147 1 0.9050623722592551 0.923792757355321 0.923792757355321 
11 125 0 0.9114280456492402 0.923792757355321 0.923792757355321 
12 168 2 0.9078527234423407 0.923792757355321 0.923792757355321 
13 195 0 0.9073465727270273 0.923792757355321 0.923792757355321 
14 192 0 0.9056146876859568 0.923792757355321 0.923792757355321 
15 310 0 0.9007293729791208 0.923792757355321 0.923792757355321 
16 173 0 0.9055860775535228 0.923792757355321 0.923792757355321 
17 113 1 0.9108579602994743 0.923792757355321 0.923792757355321 
18 86 0 0.9114237336439324 0.923792757355321 0.923792757355321 
19 352 1 0.9026019916132373 0.923792757355321 0.923792757355321 
20 216 0 0.9080329653476389 0.923792757355321 0.923792757355321 
21 143 0 0.9046086503580795 0.923792757355321 0.923792757355321 
22 170 0 0.9071278132542292 0.923792757355321 0.923792757355321 
23 117 0 0.9039076364251132 0.923792757355321 0.923792757355321 
24 197 0 0.9098898816375665 0.923792757355321 0.923792757355321 
25 146 0 0.9107500710689317 0.923792757355321 0.923792757355321 
26 182 0 0.9097620522044774 0.923792757355321 0.923792757355321 
27 135 0 0.9048307825306757 0.923792757355321 0.923792757355321 
28 315 0 0.9127599822273896 0.923792757355321 0.923792757355321 
29 148 1 0.9116190156923831 0.923792757355321 0.923792757355321 
0 2559 3 0.7638009468407982 0.923792757355321 0.923792757355321 
1 323 1 0.8412613126206675 0.923792757355321 0.923792757355321 
2 383 1 0.8880186579625925 0.923792757355321 0.923792757355321 
3 123 0 0.9164460797887217 0.923792757355321 0.923792757355321 
4 153 1 0.9016721041821988 0.923792757355321 0.923792757355321 
5 184 0 0.9094091750503535 0.923792757355321 0.923792757355321 
6 160 1 0.9032735273819763 0.923792757355321 0.923792757355321 
7 168 0 0.9159401740297989 0.923792757355321 0.923792757355321 
8 322 0 0.9045931192248721 0.923792757355321 0.923792757355321 
9 71 0 0.9078109616958184 0.923792757355321 0.923792757355321 
10 296 0 0.9090767338720451 0.923792757355321 0.923792757355321 
11 203 0 0.9071580854656182 0.923792757355321 0.923792757355321 
12 193 2 0.9068136751944172 0.923792757355321 0.923792757355321 
13 185 0 0.9065427702270145 0.923792757355321 0.923792757355321 
14 190 1 0.9049079292732256 0.923792757355321 0.923792757355321 
15 111 1 0.9027177230993779 0.923792757355321 0.923792757355321 
16 173 0 0.9046024040571413 0.923792757355321 0.923792757355321 
17 226 1 0.9024199050388758 0.923792757355321 0.923792757355321 
18 250 1 0.9028528829838136 0.923792757355321 0.923792757355321 
19 232 0 0.9043749990913225 0.923792757355321 0.923792757355321 
20 62 0 0.9159585435626946 0.923792757355321 0.923792757355321 
21 70 0 0.913280416337159 0.923792757355321 0.923792757355321 
22 274 0 0.8965709244583848 0.923792757355321 0.923792757355321 
23 239 0 0.9113334292275161 0.923792757355321 0.923792757355321 
24 84 1 0.9125498627164329 0.923792757355321 0.923792757355321 
25 104 0 0.9060729697476613 0.923792757355321 0.923792757355321 
26 153 1 0.9157599559362282 0.923792757355321 0.923792757355321 
27 65 1 0.913885289172792 0.923792757355321 0.923792757355321 
28 62 0 0.9175783821390847 0.923792757355321 0.923792757355321 
29 385 0 0.9039903872860792 0.923792757355321 0.923792757355321 
0 2249 3 0.7886440371285819 0.923792757355321 0.923792757355321 
1 366 1 0.8592369435276608 0.923792757355321 0.923792757355321 
2 47 0 0.9050150565117958 0.923792757355321 0.923792757355321 
3 156 0 0.9172440047171031 0.923792757355321 0.923792757355321 
4 240 0 0.8987582407348433 0.923792757355321 0.923792757355321 
5 127 0 0.9064579657237344 0.923792757355321 0.923792757355321 
6 316 0 0.9073876975389374 0.923792757355321 0.923792757355321 
7 130 0 0.9165013371746596 0.923792757355321 0.923792757355321 
8 125 1 0.9201395399415273 0.923792757355321 0.923792757355321 
9 332 0 0.9018867735599162 0.923792757355321 0.923792757355321 
10 219 0 0.9023793318193191 0.923792757355321 0.923792757355321 
11 227 0 0.8937520938358751 0.923792757355321 0.923792757355321 
12 179 2 0.9060637279652051 0.923792757355321 0.923792757355321 
13 274 0 0.9080057009912911 0.923792757355321 0.923792757355321 
14 241 0 0.9028693964426173 0.923792757355321 0.923792757355321 
15 174 0 0.909647255966397 0.923792757355321 0.923792757355321 
16 127 0 0.9111859068967262 0.923792757355321 0.923792757355321 
17 78 0 0.9157976189297479 0.923792757355321 0.923792757355321 
18 126 0 0.9081955936496933 0.923792757355321 0.923792757355321 
19 155 0 0.9167376481002898 0.923792757355321 0.923792757355321 
20 108 0 0.9032722985022287 0.923792757355321 0.923792757355321 
21 192 0 0.9092248625057213 0.923792757355321 0.923792757355321 
22 212 1 0.9049253846050342 0.923792757355321 0.923792757355321 
23 390 0 0.9084819470751359 0.923792757355321 0.923792757355321 
24 227 0 0.9072373787118346 0.923792757355321 0.923792757355321 
25 313 1 0.9048996193671022 0.923792757355321 0.923792757355321 
26 202 0 0.9116078019060008 0.923792757355321 0.923792757355321 
27 116 0 0.9129707691584835 0.923792757355321 0.923792757355321 
28 125 0 0.9142586108478424 0.923792757355321 0.923792757355321 
29 139 0 0.9083536555571815 0.923792757355321 0.923792757355321 
