0 1208 3 0.5101061846977607 0.6146136147388555 0.6146136147388555 
1 194 1 0.5147950876129315 0.6146136147388555 0.6146136147388555 
2 143 2 0.5048619434069536 0.5684547618596921 0.6146136147388555 
3 224 1 0.49903408478733796 0.5715236227281348 0.6146136147388555 
4 98 1 0.4919459340307166 0.5715236227281348 0.6146136147388555 
5 105 1 0.4910950192720112 0.5572498127797678 0.6146136147388555 
6 236 2 0.49049893825742374 0.5558118218691896 0.6146136147388555 
7 110 2 0.4941242268717842 0.5478154542674577 0.6146136147388555 
8 100 3 0.49958735631675616 0.5201261586962669 0.6146136147388555 
9 151 3 0.5062056463952466 0.5211952227051955 0.6146136147388555 
10 100 3 0.5116636412033909 0.5218685678594925 0.6146136147388555 
11 235 4 0.5134261808161211 0.522014276275091 0.6146136147388555 
12 71 5 0.5181022896842422 0.5226334794139589 0.6146136147388555 
13 118 5 0.521136509798876 0.5233280714296938 0.6146136147388555 
14 80 4 0.5218723156996127 0.5235215601505416 0.6146136147388555 
15 179 5 0.5206724333690793 0.5231628963917653 0.6146136147388555 
16 138 6 0.5201025519908062 0.5228399926721783 0.6146136147388555 
17 90 6 0.5207199727417254 0.5234362949161334 0.6146136147388555 
18 205 7 0.5203847144310846 0.5235665157927643 0.6146136147388555 
19 121 8 0.5197304311552314 0.5241069137852585 0.6146136147388555 
20 92 7 0.5209811945737175 0.5245444544389712 0.6146136147388555 
21 129 10 0.5207137003694488 0.5245821930594876 0.6146136147388555 
22 164 11 0.5204796280697456 0.524637744377894 0.6146136147388555 
23 118 12 0.5208420953528397 0.5242404803015137 0.6146136147388555 
24 47 17 0.5213157075490339 0.524263162808466 0.6146136147388555 
25 119 13 0.5211154361198609 0.5244070500059244 0.6146136147388555 
26 116 14 0.5205425677698461 0.5241875526617825 0.6146136147388555 
27 11 14 0.5221888967806158 0.5242264943275682 0.6146136147388555 
28 184 14 0.5215192264663873 0.524333426341487 0.6146136147388555 
29 125 14 0.5214854849990654 0.5243280555579095 0.6146136147388555 
0 1155 5 0.5132574396435726 0.6146136147388555 0.6146136147388555 
1 230 3 0.5198188842294893 0.6123044900438014 0.6146136147388555 
2 161 1 0.5146187066429577 0.6123044900438014 0.6146136147388555 
3 108 1 0.5030447149444416 0.5715240519977508 0.6146136147388555 
4 120 1 0.4966674197102844 0.5782698461393495 0.6146136147388555 
5 102 1 0.49645024770017016 0.5488170844594193 0.6146136147388555 
6 79 1 0.5002284039598329 0.5364022616537316 0.6146136147388555 
7 134 3 0.5063018894249709 0.5364022616537316 0.6146136147388555 
8 135 3 0.5119922408874058 0.519838081587166 0.6146136147388555 
9 109 4 0.5167556353268151 0.5203808047297876 0.6146136147388555 
10 103 5 0.5178842555561931 0.5211433879859457 0.6146136147388555 
11 168 5 0.517618623257601 0.5213872022104584 0.6146136147388555 
12 89 6 0.5192221991859537 0.5218895372626903 0.6146136147388555 
13 190 7 0.5185975236337484 0.5222860672112781 0.6146136147388555 
14 147 8 0.5190983796219971 0.5221910098787472 0.6146136147388555 
15 107 10 0.5204077800744101 0.5227878952526938 0.6146136147388555 
16 145 10 0.5210035753591549 0.5233799580646723 0.6146136147388555 
17 140 8 0.5215332525127426 0.5237542294815849 0.6146136147388555 
18 54 8 0.5221301136531978 0.5235976416169525 0.6146136147388555 
19 144 8 0.5211427996448539 0.5246838718676184 0.6146136147388555 
20 162 11 0.5219304462527609 0.5250275767226451 0.6146136147388555 
21 127 10 0.5217641866977671 0.525214555021797 0.6146136147388555 
22 173 11 0.5211309298294204 0.5238267386703193 0.6146136147388555 
23 145 12 0.522906712788883 0.5237552860438581 0.6146136147388555 
24 86 12 0.5227432454299624 0.5248475039121576 0.6146136147388555 
25 153 14 0.5211035661165692 0.5254641406159298 0.6146136147388555 
26 181 16 0.5188868817037003 0.5244501617383626 0.6146136147388555 
27 140 16 0.5204078424943084 0.5246153839305296 0.6146136147388555 
28 101 16 0.5222061395750666 0.5246153839305296 0.6146136147388555 
29 98 17 0.5228800955295907 0.524826404780629 0.6146136147388555 
0 1208 5 0.5050379880199527 0.6123044900438014 0.6123044900438014 
1 123 2 0.510211893830203 0.5994189515317518 0.6123044900438014 
2 179 1 0.505102504028274 0.5697286946217097 0.6123044900438014 
3 198 1 0.501108134235684 0.5744687812819991 0.6123044900438014 
4 139 3 0.4976415333832284 0.5718843643090854 0.6123044900438014 
5 120 1 0.49604113442714587 0.5549601172561005 0.6123044900438014 
6 152 2 0.49929345835314093 0.5718843643090853 0.6123044900438014 
7 149 2 0.5067883443772078 0.562948067819905 0.6123044900438014 
8 164 2 0.5110042123663403 0.6051955314733204 0.6123044900438014 
9 154 2 0.5107479464116382 0.5301047643410044 0.6123044900438014 
10 102 4 0.5169710569697884 0.5248462094864088 0.6123044900438014 
11 110 4 0.519817122400247 0.5248462094864088 0.6123044900438014 
12 84 4 0.5199910528819476 0.5214003842240499 0.6123044900438014 
13 70 4 0.5211504590559225 0.5234760760561127 0.6123044900438014 
14 140 6 0.5205649671868118 0.524076901778709 0.6123044900438014 
15 145 7 0.5188597092933525 0.5236000904336705 0.6123044900438014 
16 56 8 0.5211852179610645 0.5241176089530661 0.6123044900438014 
17 92 7 0.5205431232934987 0.524241183048949 0.6123044900438014 
18 104 8 0.5208185587290511 0.5244395689526553 0.6123044900438014 
19 94 9 0.5210748663332772 0.5244121094302011 0.6123044900438014 
20 152 12 0.5213561590963781 0.5259518983314564 0.6123044900438014 
21 63 12 0.5214235385891794 0.5259381862576313 0.6123044900438014 
22 172 13 0.5206617931133151 0.5224255692869159 0.6123044900438014 
23 118 14 0.5205963188117537 0.5237329359563467 0.6123044900438014 
24 135 15 0.5210620978871519 0.524004307512205 0.6123044900438014 
25 102 15 0.5215965288202203 0.5266070126301378 0.6123044900438014 
26 128 15 0.5207345198248087 0.526692783916169 0.6123044900438014 
27 25 16 0.5227623962415974 0.5265590988159358 0.6123044900438014 
28 183 16 0.5207282500177223 0.5266736934127838 0.6123044900438014 
29 266 17 0.5198493660718583 0.5266077017048554 0.6123044900438014 
0 1427 6 0.5008737981318135 0.6123044900438014 0.6123044900438014 
1 295 1 0.5050232846952017 0.5874367301329685 0.6123044900438014 
2 240 2 0.5000124503596773 0.5844053936678906 0.6123044900438014 
3 221 2 0.49238749679397287 0.5796281734547298 0.6123044900438014 
4 235 1 0.4912124656729816 0.5522143506785693 0.6123044900438014 
5 134 2 0.49248673579268953 0.5406130160505024 0.6123044900438014 
6 83 2 0.4875493660127712 0.5112826542337053 0.6123044900438014 
7 151 2 0.48717434163775153 0.5119872397041385 0.6123044900438014 
8 163 3 0.4909972749456083 0.5121355750069841 0.6123044900438014 
9 140 4 0.4961851216336882 0.5178757810943863 0.6123044900438014 
10 280 3 0.4999866142247026 0.5208946976801505 0.6123044900438014 
11 89 5 0.505236278049769 0.5219582432822809 0.6123044900438014 
12 97 5 0.5110276532462118 0.5231721844640004 0.6123044900438014 
13 124 6 0.5147083458079095 0.5230472461622927 0.6123044900438014 
14 145 6 0.5171828573018789 0.5232042219291508 0.6123044900438014 
15 100 6 0.5193067882876786 0.5235744186366158 0.6123044900438014 
16 141 7 0.5199924536050575 0.523861588976487 0.6123044900438014 
17 113 7 0.5223451330504109 0.5247801639924461 0.6123044900438014 
18 133 7 0.521156389034617 0.5248810210970551 0.6123044900438014 
19 93 8 0.5223307460025152 0.5252610021024678 0.6123044900438014 
20 140 8 0.5222816933756566 0.5239300357267904 0.6123044900438014 
21 51 7 0.5230977951081368 0.5253947094417507 0.6123044900438014 
22 79 6 0.5236172109027345 0.5258847662463616 0.6123044900438014 
23 270 7 0.5231324318316328 0.5259210189647456 0.6123044900438014 
24 127 7 0.5243152834509772 0.5261635875027153 0.6123044900438014 
25 243 7 0.522433340036337 0.526375713582698 0.6123044900438014 
26 115 9 0.5229652116986324 0.5263700348367201 0.6123044900438014 
27 214 11 0.5232186614078077 0.5259932338923794 0.6123044900438014 
28 74 10 0.5239014232431644 0.5260343013306994 0.6123044900438014 
29 107 11 0.523409802972406 0.5262103614564392 0.6123044900438014 
0 1011 4 0.5153150280155814 0.6123044900438013 0.6123044900438013 
1 138 2 0.5155325683497273 0.5994189515317518 0.6123044900438013 
2 131 2 0.504843914798251 0.5726032736585837 0.6123044900438013 
3 137 2 0.50052152134052 0.5726032736585837 0.6123044900438013 
4 199 2 0.4966368043844795 0.5683689577418908 0.6123044900438013 
5 124 2 0.4962125169144113 0.5614486510898045 0.6123044900438013 
6 77 2 0.49823931624261825 0.5488451700401947 0.6123044900438013 
7 94 2 0.5017119048913576 0.53154222613124 0.6123044900438013 
8 99 3 0.5074422503790674 0.53154222613124 0.6123044900438013 
9 165 4 0.5107811410294697 0.5239135145620164 0.6123044900438013 
10 192 5 0.5131453939086021 0.5221026005842829 0.6123044900438013 
11 68 6 0.5174768816352817 0.5220841130775906 0.6123044900438013 
12 90 7 0.5205439447424411 0.5227179297894936 0.6123044900438013 
13 102 8 0.5207540553893091 0.523647165562575 0.6123044900438013 
14 61 9 0.5219419241410727 0.5238473593693646 0.6123044900438013 
15 50 10 0.5226823757082 0.5241394652938192 0.6123044900438013 
16 153 11 0.5213387113672951 0.5242905020025488 0.6123044900438013 
17 74 10 0.5229993205284661 0.5244559677546412 0.6123044900438013 
18 163 11 0.521714997243025 0.5247428523939237 0.6123044900438013 
19 116 12 0.5223666690692077 0.5249201510421704 0.6123044900438013 
20 101 13 0.5225595482184278 0.5242239904969502 0.6123044900438013 
21 47 13 0.5235917285785683 0.5242950220160234 0.6123044900438013 
22 181 15 0.5210562793849745 0.5244096993132219 0.6123044900438013 
23 66 17 0.5231501688102862 0.525457780396943 0.6123044900438013 
24 76 17 0.5225090253469111 0.5259326927867178 0.6123044900438013 
25 56 18 0.5228503024351493 0.5267406658227438 0.6123044900438013 
26 119 19 0.5226331065806981 0.5270008120799963 0.6123044900438013 
27 75 19 0.523178675490689 0.5276151196609792 0.6123044900438013 
28 91 20 0.5233166633787206 0.5271897748185993 0.6123044900438013 
29 72 19 0.52351988781494 0.5272127349650211 0.6123044900438013 
0 1130 4 0.5128130679864688 0.6146136147388555 0.6146136147388555 
1 202 1 0.5150022789882462 0.6146136147388555 0.6146136147388555 
2 161 2 0.5099212376197273 0.6146136147388555 0.6146136147388555 
3 203 2 0.5035936311987279 0.5815302237796547 0.6146136147388555 
4 152 1 0.49852119048787996 0.5681191245157913 0.6146136147388555 
5 72 1 0.4979213786820882 0.5681191245157913 0.6146136147388555 
6 106 1 0.4976313178590783 0.5681191245157913 0.6146136147388555 
7 224 2 0.5006835881620907 0.5998219453370333 0.6146136147388555 
8 163 3 0.5087945378889097 0.6407820672429287 0.6407820672429287 
9 68 4 0.5159403078762134 0.6407820672429287 0.6407820672429287 
10 145 3 0.5217302633197618 0.6407820672429287 0.6407820672429287 
11 202 4 0.5243716063170034 0.6407820672429287 0.6407820672429287 
12 80 4 0.5220238400768927 0.5672431652204241 0.6407820672429287 
13 133 4 0.5148043249338352 0.535603134221276 0.6407820672429287 
14 53 5 0.5190341895627872 0.5223728617863593 0.6407820672429287 
15 133 6 0.5204362324246754 0.5225068502281661 0.6407820672429287 
16 86 7 0.520906424932907 0.5227138703880001 0.6407820672429287 
17 141 6 0.5214846490381703 0.5225962405572627 0.6407820672429287 
18 174 6 0.520817816520342 0.5228565351430192 0.6407820672429287 
19 109 8 0.521402409706342 0.5230607061279748 0.6407820672429287 
20 76 7 0.5226746551911041 0.523175550308719 0.6407820672429287 
21 142 11 0.522114626320561 0.5233491837211895 0.6407820672429287 
22 219 13 0.5214633593303174 0.5254386087873589 0.6407820672429287 
23 156 13 0.5218665270704391 0.5259129472897871 0.6407820672429287 
24 170 14 0.5210302018632436 0.5260756838540843 0.6407820672429287 
25 127 15 0.5222955355113301 0.5262107818803181 0.6407820672429287 
26 152 16 0.5221163915088772 0.5263452847888906 0.6407820672429287 
27 90 16 0.5224684269929114 0.5263411596129124 0.6407820672429287 
28 196 16 0.5215879744205001 0.5264071141332327 0.6407820672429287 
29 201 17 0.5208792432247875 0.526309622972489 0.6407820672429287 
0 1434 6 0.5112071106904046 0.6146136147388555 0.6146136147388555 
1 208 2 0.5221174405175022 0.6164017447635926 0.6164017447635926 
2 200 1 0.5148616317902591 0.6164017447635926 0.6164017447635926 
3 121 1 0.5022217827546244 0.5956291775943885 0.6164017447635926 
4 187 1 0.49761088543538284 0.5528842253031299 0.6164017447635926 
5 91 3 0.4929604313519443 0.5172616946861641 0.6164017447635926 
6 111 1 0.49232694107683256 0.5172572961997757 0.6164017447635926 
7 144 1 0.4964740664594893 0.5313991034636802 0.6164017447635926 
8 164 2 0.5007859920633886 0.5297510349686222 0.6164017447635926 
9 163 3 0.5069746360951071 0.5230184676540699 0.6164017447635926 
10 129 3 0.5143873239464924 0.5230705804279203 0.6164017447635926 
11 94 4 0.5176647800954871 0.5242189197042781 0.6164017447635926 
12 140 5 0.5195052398468256 0.5244055215613567 0.6164017447635926 
13 81 6 0.5216178118239659 0.5247707505035089 0.6164017447635926 
14 207 7 0.5196229298024204 0.525373380614019 0.6164017447635926 
15 81 7 0.5215060542168773 0.5255604976105517 0.6164017447635926 
16 159 7 0.5207208696021604 0.5256974250758224 0.6164017447635926 
17 77 8 0.5225216663765758 0.5257528842728597 0.6164017447635926 
18 73 10 0.5227216887981929 0.5258653398001273 0.6164017447635926 
19 49 10 0.5232968080477142 0.5258653398001273 0.6164017447635926 
20 164 10 0.522591944703147 0.5260627982264202 0.6164017447635926 
21 143 10 0.5226899573706393 0.5260911539583827 0.6164017447635926 
22 151 10 0.5222228230808645 0.52594312330564 0.6164017447635926 
23 82 12 0.5234217918304506 0.5257561996982226 0.6164017447635926 
24 100 13 0.5224585088476614 0.5254921256216268 0.6164017447635926 
25 150 13 0.5224101404297505 0.5269601583370324 0.6164017447635926 
26 32 13 0.5228663227956915 0.5270244115119299 0.6164017447635926 
27 91 14 0.522961136102734 0.5269864216084246 0.6164017447635926 
28 87 16 0.5236944700261542 0.5251958601214561 0.6164017447635926 
29 232 15 0.5223108521988149 0.5251958601214561 0.6164017447635926 
0 1189 5 0.5097412107601866 0.6123044900438014 0.6123044900438014 
1 148 2 0.513803576605987 0.5848551765449999 0.6123044900438014 
2 208 1 0.5074397557937045 0.6064375949666785 0.6123044900438014 
3 148 5 0.5055578002211144 0.6064375949666785 0.6123044900438014 
4 174 4 0.5001667392513819 0.5905183020481841 0.6123044900438014 
5 123 1 0.49728414877777205 0.5773159075876484 0.6123044900438014 
6 131 1 0.5005351067032656 0.5448449756737259 0.6123044900438014 
7 207 2 0.5046070226826311 0.5322636511067972 0.6123044900438014 
8 192 2 0.5098364614230069 0.5820248770395446 0.6123044900438014 
9 117 3 0.5142967296810947 0.5820248770395446 0.6123044900438014 
10 169 2 0.5147047984342837 0.5820248770395446 0.6123044900438014 
11 157 3 0.515978009702662 0.5184447141868402 0.6123044900438014 
12 40 3 0.5176701835217489 0.5188353104152827 0.6123044900438014 
13 139 3 0.5176152001715368 0.5191365006301881 0.6123044900438014 
14 90 4 0.5185647096916206 0.5198316300255803 0.6123044900438014 
15 161 4 0.5185936189242575 0.5201446701120724 0.6123044900438014 
16 99 4 0.5190348911063796 0.5205259825735302 0.6123044900438014 
17 143 4 0.5190831807941232 0.5207437009056994 0.6123044900438014 
18 95 5 0.5190073848059529 0.5206036070356932 0.6123044900438014 
19 153 6 0.5190637724608558 0.5206065414618788 0.6123044900438014 
20 89 6 0.519146926375893 0.5208146151103572 0.6123044900438014 
21 186 7 0.5190620663800424 0.5209057062882887 0.6123044900438014 
22 221 7 0.5187727457445291 0.5209692794488622 0.6123044900438014 
23 111 8 0.5184155360535864 0.5210249043808717 0.6123044900438014 
24 93 7 0.518979113893207 0.5210500999910944 0.6123044900438014 
25 98 8 0.5188067697075888 0.5209286188108821 0.6123044900438014 
26 144 9 0.5185361824080822 0.5209586376647863 0.6123044900438014 
27 116 12 0.5183225423764767 0.5209010188752279 0.6123044900438014 
28 192 12 0.5187417785331381 0.5209358751783763 0.6123044900438014 
29 43 13 0.5196036938904929 0.5210355066972971 0.6123044900438014 
0 1210 5 0.5096833478454905 0.6146136147388555 0.6146136147388555 
1 234 3 0.5128183999163165 0.6146136147388555 0.6146136147388555 
2 114 2 0.5050610671855635 0.557688341666438 0.6146136147388555 
3 153 1 0.49954659966855997 0.5350676197730646 0.6146136147388555 
4 151 2 0.491936388835268 0.5227265195257438 0.6146136147388555 
5 81 2 0.4910161890948438 0.5227265195257438 0.6146136147388555 
6 103 1 0.495350501288672 0.5284312551856689 0.6146136147388555 
7 186 2 0.4996583759979247 0.5284312551856689 0.6146136147388555 
8 193 3 0.5052773959074568 0.5284312551856689 0.6146136147388555 
9 76 3 0.5096546127207519 0.5213934989249412 0.6146136147388555 
10 75 4 0.5123515417033607 0.5218895310222146 0.6146136147388555 
11 126 5 0.5145485097619287 0.5223414416458647 0.6146136147388555 
12 60 5 0.5168410678326761 0.522911453589232 0.6146136147388555 
13 176 6 0.5176785409346123 0.5235430216951303 0.6146136147388555 
14 171 6 0.5185407053737093 0.5237019088153219 0.6146136147388555 
15 219 7 0.5185143764351876 0.523237753026578 0.6146136147388555 
16 173 8 0.5213464010561757 0.523086936103526 0.6146136147388555 
17 152 10 0.5218221427250911 0.5234344070023313 0.6146136147388555 
18 91 11 0.5217605192950616 0.5235114157839023 0.6146136147388555 
19 86 9 0.5227019111732762 0.523689575277009 0.6146136147388555 
20 124 12 0.5214686617571185 0.5237037224875184 0.6146136147388555 
21 132 12 0.5223126263993366 0.5236538189402741 0.6146136147388555 
22 122 13 0.5227476528999727 0.5237775492569285 0.6146136147388555 
23 75 14 0.5225694147720301 0.5235849958916274 0.6146136147388555 
24 152 14 0.5210683664972671 0.5236936583393763 0.6146136147388555 
25 125 15 0.5216841595956284 0.523430476694294 0.6146136147388555 
26 151 16 0.5210208463255304 0.5263133177506546 0.6146136147388555 
27 69 16 0.5221777951097617 0.526705067408446 0.6146136147388555 
28 186 17 0.5219134886286075 0.526705067408446 0.6146136147388555 
29 138 16 0.5217219314635202 0.5233487052658743 0.6146136147388555 
0 1385 5 0.5122539256531209 0.6146136147388555 0.6146136147388555 
1 85 1 0.5152136241469404 0.6123044900438013 0.6146136147388555 
2 159 2 0.5067840295852055 0.5810356664381575 0.6146136147388555 
3 131 3 0.500607081440742 0.5810356664381575 0.6146136147388555 
4 164 1 0.4971335523697147 0.5772693780518132 0.6146136147388555 
5 90 1 0.49292812339260794 0.5341855110984512 0.6146136147388555 
6 195 2 0.4887223159102274 0.5429617530483997 0.6146136147388555 
7 62 2 0.489706166138375 0.5429617530483997 0.6146136147388555 
8 176 2 0.49401882751511567 0.5460327879163096 0.6146136147388555 
9 234 3 0.49692989125864284 0.5308547936067773 0.6146136147388555 
10 31 3 0.5026307724971987 0.5446678835305718 0.6146136147388555 
11 70 3 0.5045640026172286 0.5446678835305718 0.6146136147388555 
12 189 4 0.5049187424813126 0.5198685271628276 0.6146136147388555 
13 58 5 0.5103639717183163 0.5202451368523918 0.6146136147388555 
14 157 5 0.5139175779473029 0.5208804074324829 0.6146136147388555 
15 125 6 0.5187520562759057 0.5228676129370688 0.6146136147388555 
16 81 6 0.5196344992575708 0.5231630167920491 0.6146136147388555 
17 67 7 0.5203131875751766 0.522092915329731 0.6146136147388555 
18 69 6 0.5210337927267363 0.5240392988685683 0.6146136147388555 
19 49 6 0.5211904324382339 0.5246782272286614 0.6146136147388555 
20 73 8 0.5205601981884046 0.522805587515002 0.6146136147388555 
21 170 7 0.5203682265981456 0.5263185189527585 0.6146136147388555 
22 112 8 0.5220169654474669 0.526316749356434 0.6146136147388555 
23 101 8 0.5220065169368762 0.5260544500424429 0.6146136147388555 
24 205 8 0.5208154463959935 0.5265700528937425 0.6146136147388555 
25 100 9 0.5227081177239922 0.5265700528937425 0.6146136147388555 
26 177 10 0.5220335226963227 0.5265360837305055 0.6146136147388555 
27 135 13 0.5218418953840989 0.526433766855838 0.6146136147388555 
28 168 14 0.5225708315644124 0.5259008898572477 0.6146136147388555 
29 149 15 0.5216448471326411 0.52601562991274 0.6146136147388555 
0 1107 4 0.5128942367796665 0.6146136147388555 0.6146136147388555 
1 187 1 0.5164871378264762 0.6146136147388555 0.6146136147388555 
2 83 1 0.5104987849815734 0.5883931277947438 0.6146136147388555 
3 214 0 0.5020385644038303 0.5617209554548563 0.6146136147388555 
4 207 2 0.4952055954145766 0.588393127794744 0.6146136147388555 
5 100 2 0.4921376658479777 0.5480352186949249 0.6146136147388555 
6 185 1 0.49158513342188337 0.5237278404425226 0.6146136147388555 
7 73 2 0.4951960835173372 0.5325677465676123 0.6146136147388555 
8 201 2 0.49945802285680707 0.5539042101023283 0.6146136147388555 
9 98 2 0.5068059335764938 0.6052879429391552 0.6146136147388555 
10 199 3 0.5128015745873497 0.6052879429391552 0.6146136147388555 
11 151 3 0.5186207210986566 0.6052879429391552 0.6146136147388555 
12 54 3 0.5226797562945131 0.6052879429391552 0.6146136147388555 
13 164 4 0.5283090459194744 0.6052879429391552 0.6146136147388555 
14 159 5 0.5242807088909511 0.6006906223100608 0.6146136147388555 
15 142 4 0.5194118122991493 0.535564855293862 0.6146136147388555 
16 92 5 0.5225221655442962 0.535564855293862 0.6146136147388555 
17 113 6 0.5240686520257405 0.5370739892758221 0.6146136147388555 
18 82 6 0.5264316578705565 0.5985019269715603 0.6146136147388555 
19 133 5 0.524366284522795 0.5386166595684924 0.6146136147388555 
20 111 5 0.5098145440452833 0.55712590069244 0.6146136147388555 
21 152 7 0.5172807549232731 0.5571079043875365 0.6146136147388555 
22 147 8 0.5236832412267769 0.5571079043875365 0.6146136147388555 
23 144 8 0.5219061761344167 0.5571079043875365 0.6146136147388555 
24 140 11 0.5236604183734661 0.526665222457261 0.6146136147388555 
25 123 13 0.5225094838322516 0.5268482908244796 0.6146136147388555 
26 87 14 0.5230073784412375 0.5269366866932221 0.6146136147388555 
27 100 14 0.5238793579130596 0.5271163035918373 0.6146136147388555 
28 171 15 0.5229656673903836 0.5271755896068409 0.6146136147388555 
29 165 16 0.5217791559852121 0.5273341728189712 0.6146136147388555 
0 1154 5 0.5035200346474771 0.5994189515317518 0.5994189515317518 
1 205 2 0.5039701381381313 0.5876130581899502 0.5994189515317518 
2 164 2 0.4990312704550551 0.5796281734547298 0.5994189515317518 
3 189 1 0.4950108855239826 0.5750317992216555 0.5994189515317518 
4 90 1 0.49384953188945674 0.5416897272226353 0.5994189515317518 
5 207 2 0.4923986335373023 0.5416897272226353 0.5994189515317518 
6 144 2 0.49158258375669694 0.5531662839492851 0.5994189515317518 
7 181 2 0.4919069772660287 0.5502385732178258 0.5994189515317518 
8 99 2 0.49743944594010714 0.5322315188080452 0.5994189515317518 
9 70 2 0.5020393894589048 0.5322315188080452 0.5994189515317518 
10 74 3 0.5040935660081908 0.5333527994881495 0.5994189515317518 
11 103 3 0.5100730411470997 0.5428779387186874 0.5994189515317518 
12 83 3 0.5159053213207387 0.5434049776621486 0.5994189515317518 
13 136 4 0.5192198753431286 0.5434049776621486 0.5994189515317518 
14 182 4 0.5196529055265151 0.5331825379955559 0.5994189515317518 
15 187 5 0.518582227852103 0.5335643950378257 0.5994189515317518 
16 70 7 0.5206196091764391 0.5335643950378257 0.5994189515317518 
17 107 7 0.5196896040254277 0.5225969450906612 0.5994189515317518 
18 117 8 0.520013000776537 0.5222520010237298 0.5994189515317518 
19 97 11 0.5207652233057629 0.5224671828270866 0.5994189515317518 
20 141 11 0.52090444800049 0.5225833818468548 0.5994189515317518 
21 105 12 0.5212616669410353 0.5227521585466902 0.5994189515317518 
22 109 12 0.5211618835825255 0.5230278454876123 0.5994189515317518 
23 165 13 0.5197925358637169 0.5231456180690943 0.5994189515317518 
24 180 16 0.5184192191979109 0.5232546592238755 0.5994189515317518 
25 151 16 0.519882720108948 0.5234938473559126 0.5994189515317518 
26 93 17 0.5199450574933749 0.5265105304092722 0.5994189515317518 
27 115 17 0.5205169990917738 0.5264705659320223 0.5994189515317518 
28 78 17 0.5209354794424835 0.5234197032660746 0.5994189515317518 
29 142 21 0.52064924736992 0.5239106263516723 0.5994189515317518 
0 1149 5 0.5093118007536739 0.6146136147388555 0.6146136147388555 
1 232 2 0.513313663319983 0.6146136147388555 0.6146136147388555 
2 133 2 0.5048900950295336 0.5938444919611093 0.6146136147388555 
3 172 1 0.4951695703253651 0.5676924791242639 0.6146136147388555 
4 137 4 0.4949556199827753 0.5443307994847061 0.6146136147388555 
5 141 1 0.4934362966984787 0.5851020639673459 0.6146136147388555 
6 105 2 0.491787847183823 0.5220694882859123 0.6146136147388555 
7 159 1 0.49243240019373224 0.5121435691758291 0.6146136147388555 
8 165 2 0.4969355556640905 0.5591040568649741 0.6146136147388555 
9 150 2 0.501340948536575 0.5591040568649741 0.6146136147388555 
10 167 3 0.5063745063611482 0.5603651252313055 0.6146136147388555 
11 139 2 0.5106982836817597 0.5581406350400688 0.6146136147388555 
12 74 3 0.514447093346003 0.5608329530101646 0.6146136147388555 
13 191 2 0.513609609562231 0.5456565254937816 0.6146136147388555 
14 94 3 0.5125574961260704 0.5177756021381734 0.6146136147388555 
15 83 3 0.5157939537704336 0.517919670697617 0.6146136147388555 
16 164 4 0.5159787039687277 0.5179764419032216 0.6146136147388555 
17 142 5 0.5171597966923899 0.5180474079473782 0.6146136147388555 
18 189 5 0.5172640894433868 0.5183347399189978 0.6146136147388555 
19 92 5 0.5174356946375926 0.5185726699976043 0.6146136147388555 
20 86 6 0.518279043901857 0.5190925959748569 0.6146136147388555 
21 85 6 0.5182659078313092 0.5194306312638065 0.6146136147388555 
22 175 7 0.518241135296669 0.5195522907247707 0.6146136147388555 
23 110 8 0.5177426798537281 0.5196699231954202 0.6146136147388555 
24 177 8 0.5178186770477052 0.5195626046314156 0.6146136147388555 
25 52 9 0.518554874301472 0.5195304333039193 0.6146136147388555 
26 218 9 0.5175922443859062 0.5199340364568811 0.6146136147388555 
27 26 11 0.5189921246439315 0.5201028684970708 0.6146136147388555 
28 153 12 0.518934738765732 0.5203390483802584 0.6146136147388555 
29 151 17 0.5191171558981719 0.5205161263521253 0.6146136147388555 
0 1152 5 0.511476736415198 0.6146136147388555 0.6146136147388555 
1 196 2 0.5197207972536376 0.6123044900438014 0.6146136147388555 
2 193 2 0.510787600080109 0.5994189515317518 0.6146136147388555 
3 407 2 0.5039904214022348 0.5994189515317518 0.6146136147388555 
4 220 2 0.5040085715655833 0.5591307983949533 0.6146136147388555 
5 124 1 0.4999665968324304 0.5310952891448368 0.6146136147388555 
6 69 2 0.5038869933390948 0.5619912354146126 0.6146136147388555 
7 184 2 0.5097190157329734 0.5675549441730751 0.6146136147388555 
8 126 3 0.5165310800856091 0.5675549441730751 0.6146136147388555 
9 95 3 0.5191862804813621 0.5675549441730751 0.6146136147388555 
10 135 4 0.5225570038147004 0.5637771574911666 0.6146136147388555 
11 109 3 0.5255040997900253 0.5651152243240251 0.6146136147388555 
12 130 4 0.5222565675792823 0.5651152243240251 0.6146136147388555 
13 70 4 0.5164658312402307 0.5459911935268724 0.6146136147388555 
14 177 5 0.5193687035940266 0.5459911935268724 0.6146136147388555 
15 43 5 0.5234407122539 0.5459911935268724 0.6146136147388555 
16 90 5 0.5227949187821245 0.5459911935268724 0.6146136147388555 
17 69 5 0.5230295051658725 0.5459911935268724 0.6146136147388555 
18 138 5 0.5204332765023676 0.5258810502422504 0.6146136147388555 
19 146 5 0.5186930033991036 0.5242620806214396 0.6146136147388555 
20 186 7 0.516871999285168 0.5240010828014994 0.6146136147388555 
21 90 8 0.5206887661599012 0.5263195846873685 0.6146136147388555 
22 67 9 0.5222368683504522 0.5263392621793258 0.6146136147388555 
23 130 11 0.5213213387216904 0.5255400786845651 0.6146136147388555 
24 55 12 0.5220890789625517 0.5255570527360272 0.6146136147388555 
25 104 12 0.5229166751623271 0.5258189525282934 0.6146136147388555 
26 129 13 0.5216105603559467 0.5268503505015564 0.6146136147388555 
27 63 13 0.522244859868219 0.5270644603092118 0.6146136147388555 
28 74 13 0.5237358771077847 0.5270644603092118 0.6146136147388555 
29 90 12 0.5235404086706871 0.5259094031710139 0.6146136147388555 
0 1132 5 0.5075551458570599 0.6123044900438014 0.6123044900438014 
1 166 1 0.5091595460381491 0.6123044900438014 0.6123044900438014 
2 297 2 0.5001008996558115 0.5810356664381574 0.6123044900438014 
3 146 2 0.49568804033908476 0.5743405879174182 0.6123044900438014 
4 128 2 0.4890328426780858 0.5643230902587523 0.6123044900438014 
5 99 2 0.4891697172750341 0.5237434152526717 0.6123044900438014 
6 116 2 0.4908259044590447 0.5204579597442183 0.6123044900438014 
7 99 5 0.4934306505447712 0.5116082256110527 0.6123044900438014 
8 95 4 0.4966502943693779 0.510230088508287 0.6123044900438014 
9 61 4 0.5019871707494652 0.5180584875609678 0.6123044900438014 
10 72 4 0.5068936289845241 0.5196181498711018 0.6123044900438014 
11 90 4 0.5109588116915534 0.5201363467001665 0.6123044900438014 
12 57 6 0.5134095108124457 0.5211024135108765 0.6123044900438014 
13 71 7 0.5138832848514506 0.5214864580474258 0.6123044900438014 
14 131 8 0.5152628426296733 0.5220120754543323 0.6123044900438014 
15 140 9 0.5173546209146177 0.5222904977591447 0.6123044900438014 
16 77 10 0.5203024049019629 0.522684872264221 0.6123044900438014 
17 139 10 0.5203832825475287 0.5229129509609436 0.6123044900438014 
18 195 11 0.5212746875143451 0.5231410987375753 0.6123044900438014 
19 127 12 0.5221958081444072 0.5255888835388617 0.6123044900438014 
20 83 12 0.522730413254889 0.5233492357129564 0.6123044900438014 
21 135 12 0.5214476265790073 0.525152101419907 0.6123044900438014 
22 61 13 0.5224717753434347 0.5260604598762062 0.6123044900438014 
23 141 17 0.5215652319834176 0.5262358462163075 0.6123044900438014 
24 59 17 0.522543615191592 0.526267950678357 0.6123044900438014 
25 167 19 0.5203670697091847 0.5263586208513533 0.6123044900438014 
26 148 21 0.5218845956785781 0.5259822606118905 0.6123044900438014 
27 63 22 0.5225950025370287 0.5260250432934077 0.6123044900438014 
28 45 22 0.5227605162583641 0.523300387168742 0.6123044900438014 
29 58 22 0.5232493580474729 0.5234242533387172 0.6123044900438014 
0 1234 5 0.5150020975210923 0.6123044900438013 0.6123044900438013 
1 155 2 0.520300595788633 0.6123044900438013 0.6123044900438013 
2 173 1 0.5171082011657517 0.5892260041301132 0.6123044900438013 
3 201 1 0.508993952248574 0.5832121841722919 0.6123044900438013 
4 255 1 0.5013815595221517 0.557778934490121 0.6123044900438013 
5 125 1 0.49722901840665207 0.5520199445465014 0.6123044900438013 
6 93 1 0.49403306072757064 0.5485483212874046 0.6123044900438013 
7 126 2 0.4955467949613955 0.5351790552242651 0.6123044900438013 
8 182 2 0.5009914011549349 0.6013367360164408 0.6123044900438013 
9 126 2 0.5081071244481142 0.6013367360164408 0.6123044900438013 
10 71 3 0.5113415247743169 0.5973368019215107 0.6123044900438013 
11 270 4 0.5144703077459467 0.5674438278351629 0.6123044900438013 
12 196 4 0.5162256834807496 0.5680681405757037 0.6123044900438013 
13 198 5 0.5167974332770978 0.5518209732950421 0.6123044900438013 
14 168 6 0.51710184198681 0.6491234177426297 0.6491234177426297 
15 19 6 0.5170444138234076 0.6491234177426297 0.6491234177426297 
16 59 6 0.5171971785897286 0.6491234177426297 0.6491234177426297 
17 164 6 0.5169920459900724 0.6491234177426297 0.6491234177426297 
18 181 6 0.5175875206380034 0.6491234177426297 0.6491234177426297 
19 104 7 0.5207423143215021 0.6491234177426297 0.6491234177426297 
20 161 7 0.5274956552947885 0.6501374981837935 0.6501374981837935 
21 142 7 0.5244374391630661 0.6516125242800317 0.6516125242800317 
22 134 8 0.5153706024054442 0.6509487625367245 0.6516125242800317 
23 129 8 0.5170634548604807 0.6521656590661211 0.6521656590661211 
24 102 9 0.5180396409921307 0.6521656590661211 0.6521656590661211 
25 69 10 0.5213049784688822 0.6521656590661211 0.6521656590661211 
26 82 12 0.5264315768686199 0.6521656590661211 0.6521656590661211 
27 126 12 0.525556176233983 0.6530348708728329 0.6530348708728329 
28 209 9 0.5267434088561446 0.6536867797278667 0.6536867797278667 
29 206 6 0.5190079049987782 0.6494270145262693 0.6536867797278667 
0 1667 5 0.5097308750030287 0.6146136147388555 0.6146136147388555 
1 324 1 0.5169805763297627 0.6146136147388555 0.6146136147388555 
2 316 2 0.5067325102576357 0.6164017447635926 0.6164017447635926 
3 73 2 0.5024313715802965 0.5683706379615425 0.6164017447635926 
4 154 1 0.49982701385123685 0.6033970318666653 0.6164017447635926 
5 175 2 0.4990336146027947 0.5468981997257646 0.6164017447635926 
6 197 2 0.5010204193788579 0.5320849351170946 0.6164017447635926 
7 91 2 0.5061323058734597 0.5414713896644486 0.6164017447635926 
8 139 3 0.5106177188571811 0.5433831016022023 0.6164017447635926 
9 161 3 0.5136249224223316 0.5433831016022023 0.6164017447635926 
10 46 5 0.5183045464645817 0.5320849351170946 0.6164017447635926 
11 140 7 0.5201682051239173 0.5320849351170946 0.6164017447635926 
12 164 5 0.5192501728959821 0.5320849351170946 0.6164017447635926 
13 91 6 0.5215646971959156 0.5241199750402175 0.6164017447635926 
14 176 6 0.5216271546250709 0.5239262772936899 0.6164017447635926 
15 76 7 0.5221170648672991 0.5239891483855814 0.6164017447635926 
16 153 7 0.5222522954045724 0.5237667560287783 0.6164017447635926 
17 124 8 0.5221949382373547 0.5238504026500121 0.6164017447635926 
18 72 9 0.5237409679229859 0.5239583795294729 0.6164017447635926 
19 123 8 0.5231411818695288 0.5242343487693483 0.6164017447635926 
20 100 7 0.522988317093628 0.5242513693840467 0.6164017447635926 
21 62 8 0.523102826407002 0.5242334477345183 0.6164017447635926 
22 127 8 0.5227473451554764 0.5260283899461352 0.6164017447635926 
23 94 9 0.5232297243563327 0.5262039203270623 0.6164017447635926 
24 166 12 0.5222638497871391 0.5243652258095972 0.6164017447635926 
25 168 13 0.521896272783042 0.5268409293887587 0.6164017447635926 
26 192 13 0.522519518805482 0.5268409293887587 0.6164017447635926 
27 87 25 0.5234657180945143 0.5263558978916905 0.6164017447635926 
28 132 14 0.523778013275934 0.5263733479384769 0.6164017447635926 
29 191 15 0.5231623771908935 0.5263215524648932 0.6164017447635926 
0 1327 7 0.505315622040479 0.5999818561891133 0.5999818561891133 
1 176 2 0.5120219353596484 0.5959064571831938 0.5999818561891133 
2 186 3 0.5107618993084037 0.6377438758448319 0.6377438758448319 
3 188 1 0.5019066179197915 0.6377438758448319 0.6377438758448319 
4 154 2 0.4938122075751349 0.6098079357166835 0.6377438758448319 
5 158 2 0.4910041092147261 0.5420988954542578 0.6377438758448319 
6 131 2 0.49524175674554216 0.5879362857635371 0.6377438758448319 
7 200 2 0.5023686670021835 0.582887927797261 0.6377438758448319 
8 170 2 0.5071574138112351 0.5780951676208405 0.6377438758448319 
9 154 2 0.5114556104964215 0.5735603544184622 0.6377438758448319 
10 60 2 0.5156275054009345 0.5351204612486025 0.6377438758448319 
11 96 2 0.5176585701080287 0.5345779973467637 0.6377438758448319 
12 111 2 0.517191548547499 0.5345779973467636 0.6377438758448319 
13 178 3 0.5195147910610195 0.5345779973467636 0.6377438758448319 
14 121 3 0.5204783513221058 0.5242147532201336 0.6377438758448319 
15 178 5 0.5198233222967938 0.5236515771493349 0.6377438758448319 
16 95 6 0.5229834483826482 0.5329126225314568 0.6377438758448319 
17 109 7 0.5223024108290492 0.531164929504872 0.6377438758448319 
18 61 6 0.5228466311083101 0.5297255915529668 0.6377438758448319 
19 74 7 0.5221724075134089 0.5272897900087821 0.6377438758448319 
20 143 7 0.5229930136198255 0.5278503760303516 0.6377438758448319 
21 50 8 0.523512011722084 0.5286832106235705 0.6377438758448319 
22 143 7 0.5229318875214044 0.5287443327602207 0.6377438758448319 
23 107 7 0.5238078028367439 0.5278960342221647 0.6377438758448319 
24 83 7 0.5247386087159883 0.5281169166603812 0.6377438758448319 
25 164 10 0.5213531767924426 0.5281563437564492 0.6377438758448319 
26 178 12 0.5201873212501897 0.5279186659154069 0.6377438758448319 
27 134 12 0.5224123769813028 0.5278885301479361 0.6377438758448319 
28 97 13 0.5223203529509832 0.527793020218876 0.6377438758448319 
29 130 13 0.5219210213443732 0.527591621066638 0.6377438758448319 
0 1348 5 0.5019593554911705 0.6146136147388553 0.6146136147388553 
1 117 1 0.5080326453192366 0.5851020639673459 0.6146136147388553 
2 158 1 0.503102892447394 0.5851020639673459 0.6146136147388553 
3 64 2 0.4964157833815821 0.5576974045058282 0.6146136147388553 
4 207 2 0.49125463744354214 0.5445791316955374 0.6146136147388553 
5 157 2 0.4906361403355806 0.5329380330956666 0.6146136147388553 
6 229 3 0.4912568935592935 0.5419569614302249 0.6146136147388553 
7 89 3 0.49434650183235 0.5766844888193321 0.6146136147388553 
8 253 3 0.4991465425239283 0.5941929284342271 0.6146136147388553 
9 103 3 0.5061581804554848 0.5958425375057111 0.6146136147388553 
10 60 3 0.5123995534061986 0.5834275712000481 0.6146136147388553 
11 238 4 0.5180707693956859 0.611390699416023 0.6146136147388553 
12 140 4 0.516706854125907 0.6123141972145209 0.6146136147388553 
13 132 5 0.5225651125670859 0.6130697863223827 0.6146136147388553 
14 165 6 0.5248125322979675 0.5809184886956401 0.6146136147388553 
15 154 6 0.5248466258355635 0.5809184886956401 0.6146136147388553 
16 125 6 0.527232125389244 0.5810568258774285 0.6146136147388553 
17 51 5 0.5285506350767708 0.6130697863223827 0.6146136147388553 
18 155 4 0.5253565805641232 0.6130697863223827 0.6146136147388553 
19 97 5 0.5155847946815426 0.5799586903920918 0.6146136147388553 
20 75 8 0.5203219709949581 0.5340091567979857 0.6146136147388553 
21 87 9 0.5217654610016621 0.5340091567979857 0.6146136147388553 
22 157 11 0.5217770790733876 0.5246676452339862 0.6146136147388553 
23 161 13 0.5216028503722956 0.5260613016139364 0.6146136147388553 
24 129 14 0.5227479224364572 0.5251514556139305 0.6146136147388553 
25 100 15 0.5224279029041332 0.5252132779243812 0.6146136147388553 
26 83 17 0.5217504619466278 0.5253018798103853 0.6146136147388553 
27 182 20 0.5220878296412739 0.5253948917291009 0.6146136147388553 
28 85 20 0.5231800162617456 0.5264254664500289 0.6146136147388553 
29 103 20 0.523804227813021 0.5265978726939058 0.6146136147388553 
0 1225 6 0.5087210253193113 0.5994189515317518 0.5994189515317518 
1 185 2 0.5145560139143093 0.5994189515317518 0.5994189515317518 
2 149 1 0.5072745363957519 0.6028193890690101 0.6028193890690101 
3 125 2 0.5013809262591664 0.5925490027149845 0.6028193890690101 
4 71 1 0.49355086964270245 0.5438667316261048 0.6028193890690101 
5 267 3 0.49016255787493934 0.5423548389543416 0.6028193890690101 
6 189 2 0.4895211398568954 0.5457559631708367 0.6028193890690101 
7 159 2 0.4920364221981189 0.5108204141516137 0.6028193890690101 
8 160 2 0.4982450769080496 0.5131056891520775 0.6028193890690101 
9 164 3 0.5042557582473283 0.5151622282018051 0.6028193890690101 
10 116 4 0.5101351938769781 0.5153537031872187 0.6028193890690101 
11 104 5 0.513946551511091 0.5173908076556406 0.6028193890690101 
12 99 5 0.5145815328255974 0.5176483451115335 0.6028193890690101 
13 61 5 0.5160857105686562 0.5183726444851314 0.6028193890690101 
14 132 5 0.5164729620167542 0.5186350247076899 0.6028193890690101 
15 64 6 0.5168364280180944 0.5186565934233751 0.6028193890690101 
16 130 6 0.5169867641761017 0.518816099257381 0.6028193890690101 
17 152 7 0.5171590061303316 0.5185921624552148 0.6028193890690101 
18 174 8 0.5175509524900103 0.5187730243580453 0.6028193890690101 
19 125 9 0.5161169328866198 0.5187730243580453 0.6028193890690101 
20 152 11 0.5169965777992797 0.5181982816247948 0.6028193890690101 
21 131 12 0.5173953194693254 0.5184316584267921 0.6028193890690101 
22 154 12 0.5173173065801538 0.5185412912694444 0.6028193890690101 
23 188 13 0.5162634317040156 0.5186814111608535 0.6028193890690101 
24 132 16 0.5179216953963927 0.5185677952833141 0.6028193890690101 
25 120 18 0.5177143733167214 0.5186339210763655 0.6028193890690101 
26 150 18 0.5172684339421483 0.5187592649392776 0.6028193890690101 
27 87 19 0.5178734475710275 0.5185758328233807 0.6028193890690101 
28 87 20 0.5179017508830804 0.5197434080995043 0.6028193890690101 
29 167 21 0.516241803237933 0.5200062103768626 0.6028193890690101 
0 1106 5 0.5108051854798387 0.6123044900438014 0.6123044900438014 
1 136 2 0.5167059946817865 0.6123044900438014 0.6123044900438014 
2 244 1 0.5075407152162561 0.595221112891116 0.6123044900438014 
3 161 1 0.5031503923748949 0.5973362968143356 0.6123044900438014 
4 52 1 0.4962511705161453 0.559394283178948 0.6123044900438014 
5 41 1 0.496045774427392 0.5744241218446656 0.6123044900438014 
6 161 2 0.49573199699431386 0.5391587198024896 0.6123044900438014 
7 158 2 0.4966907443256277 0.5341924774376654 0.6123044900438014 
8 212 2 0.49892591371748096 0.5341924774376654 0.6123044900438014 
9 207 3 0.5031922027572545 0.5341924774376654 0.6123044900438014 
10 134 4 0.5085740913035398 0.5341924774376654 0.6123044900438014 
11 68 4 0.5147008773930625 0.5341924774376654 0.6123044900438014 
12 84 5 0.5171883548520806 0.5339699310434111 0.6123044900438014 
13 124 6 0.5199763979700481 0.5339699310434111 0.6123044900438014 
14 239 5 0.5141773901918169 0.5339699310434111 0.6123044900438014 
15 56 6 0.5174866245037069 0.5231576432475009 0.6123044900438014 
16 137 7 0.5199863313682601 0.5235057280257184 0.6123044900438014 
17 163 7 0.5212661090672808 0.5239608739186338 0.6123044900438014 
18 173 8 0.5208933872312426 0.5241842976554549 0.6123044900438014 
19 180 9 0.5210675845070116 0.524431502342761 0.6123044900438014 
20 110 10 0.5210178341614852 0.524130752108336 0.6123044900438014 
21 141 9 0.521891209484496 0.524394572721964 0.6123044900438014 
22 234 11 0.5215068514867528 0.524508836251009 0.6123044900438014 
23 88 13 0.5221868930562445 0.5245343222899225 0.6123044900438014 
24 52 12 0.5230075936966413 0.5245415924464842 0.6123044900438014 
25 172 13 0.521364840981107 0.5246205314215875 0.6123044900438014 
26 236 14 0.5203072186432618 0.5242839463253487 0.6123044900438014 
27 114 16 0.5213146034389865 0.5242839278958129 0.6123044900438014 
28 108 16 0.522809436624276 0.5241655209143137 0.6123044900438014 
29 177 17 0.5214227879778387 0.5241961734001517 0.6123044900438014 
0 1151 4 0.5097390236451703 0.6123044900438014 0.6123044900438014 
1 187 1 0.5150610993642826 0.6021843002553767 0.6123044900438014 
2 126 1 0.5097903837928323 0.5773605419687986 0.6123044900438014 
3 178 3 0.5049895193835409 0.5536177352271996 0.6123044900438014 
4 143 2 0.49712898116628934 0.5686073001440162 0.6123044900438014 
5 150 1 0.49386735271036913 0.5736289451656611 0.6123044900438014 
6 132 1 0.49344181788993496 0.5764187479554639 0.6123044900438014 
7 55 1 0.49622344778198213 0.5722191272383229 0.6123044900438014 
8 110 2 0.4946660360225204 0.568717588554543 0.6123044900438014 
9 111 1 0.49517379119791083 0.5467707327807694 0.6123044900438014 
10 178 2 0.4966307575378426 0.5483255789008329 0.6123044900438014 
11 91 2 0.49858736390401126 0.5352491748637864 0.6123044900438014 
12 56 2 0.49944732034828304 0.5234283346258732 0.6123044900438014 
13 122 2 0.501669539224632 0.5238804641161521 0.6123044900438014 
14 90 2 0.5059487090336778 0.5246716907241401 0.6123044900438014 
15 192 2 0.5063126206140934 0.5330098010588253 0.6123044900438014 
16 105 3 0.50773287676526 0.5330098010588253 0.6123044900438014 
17 166 4 0.5104574672212899 0.5330098010588253 0.6123044900438014 
18 127 4 0.5105542671018114 0.5326639879685108 0.6123044900438014 
19 117 4 0.5111813427950469 0.5326639879685108 0.6123044900438014 
20 136 5 0.5110091800991978 0.5329911752043519 0.6123044900438014 
21 60 5 0.5121397269358094 0.5332941263486493 0.6123044900438014 
22 134 5 0.5073371064278617 0.544573813313255 0.6123044900438014 
23 163 6 0.5097948831515517 0.544748696300638 0.6123044900438014 
24 127 7 0.5119338102623048 0.5208756187054779 0.6123044900438014 
25 281 7 0.5112310965293237 0.5207080386602979 0.6123044900438014 
26 183 8 0.5111309370445373 0.5188520934378043 0.6123044900438014 
27 122 8 0.513209926350183 0.5189390514721351 0.6123044900438014 
28 69 8 0.5130949611862027 0.5143377013851064 0.6123044900438014 
29 38 8 0.5142792668786043 0.5204867813355155 0.6123044900438014 
0 1144 4 0.5142143153694723 0.5999818561891133 0.5999818561891133 
1 266 2 0.5190120548660201 0.5946516560294631 0.5999818561891133 
2 183 2 0.5079419694489663 0.5946516560294631 0.5999818561891133 
3 104 2 0.5020701741891813 0.5690877609435092 0.5999818561891133 
4 250 1 0.49909656847120376 0.5537926523367305 0.5999818561891133 
5 238 1 0.4963332638354453 0.564603100903925 0.5999818561891133 
6 67 1 0.4947362503922445 0.5608697714816216 0.5999818561891133 
7 126 1 0.49620222041475887 0.6153147902785154 0.6153147902785154 
8 203 1 0.5005728853899614 0.6153147902785154 0.6153147902785154 
9 107 2 0.5074581432743099 0.5874853324042608 0.6153147902785154 
10 92 3 0.5130603209067344 0.5874853324042608 0.6153147902785154 
11 83 3 0.5190055187171606 0.5874853324042608 0.6153147902785154 
12 65 5 0.5260421180995078 0.5862595692346605 0.6153147902785154 
13 167 5 0.5148403082504328 0.5862595692346605 0.6153147902785154 
14 60 4 0.5162688514627309 0.522245167637643 0.6153147902785154 
15 73 5 0.5199591279437094 0.5228266618570785 0.6153147902785154 
16 87 5 0.5202822030557523 0.5239036390537188 0.6153147902785154 
17 174 5 0.5204946210437948 0.5232153578344093 0.6153147902785154 
18 124 6 0.5206053097740211 0.5236369193575657 0.6153147902785154 
19 92 7 0.5211883222102707 0.5241243934063838 0.6153147902785154 
20 121 11 0.5217088288714277 0.5243090794452666 0.6153147902785154 
21 46 6 0.5220936879152944 0.5244598448108195 0.6153147902785154 
22 212 6 0.5212040337993962 0.5245249265576595 0.6153147902785154 
23 148 7 0.5211159020631654 0.5251673698719568 0.6153147902785154 
24 115 8 0.5226100525636782 0.5254170704550012 0.6153147902785154 
25 91 8 0.5225361225392742 0.5256101853139066 0.6153147902785154 
26 90 7 0.5223320565971536 0.5264262244480233 0.6153147902785154 
27 130 10 0.5225621628634811 0.5265265900268022 0.6153147902785154 
28 176 11 0.5216456704758714 0.5261043156680996 0.6153147902785154 
29 153 12 0.5227557699282436 0.526141466120287 0.6153147902785154 
0 1176 5 0.5092400047905052 0.6123044900438014 0.6123044900438014 
1 173 2 0.511655804520942 0.5999818561891133 0.6123044900438014 
2 194 3 0.507218337911318 0.5999818561891133 0.6123044900438014 
3 196 1 0.5033122394063166 0.559923000113805 0.6123044900438014 
4 85 1 0.4989282392584732 0.556975937420163 0.6123044900438014 
5 135 1 0.4917473090659289 0.5590749766406742 0.6123044900438014 
6 107 1 0.49215770296973177 0.5590749766406742 0.6123044900438014 
7 274 3 0.4952052646183332 0.5317322153341391 0.6123044900438014 
8 173 3 0.4995323546253333 0.5236134926160138 0.6123044900438014 
9 117 3 0.5060137789267835 0.5236134926160138 0.6123044900438014 
10 185 3 0.5095885318179337 0.5209750868548936 0.6123044900438014 
11 111 4 0.5136615328805177 0.519668453728048 0.6123044900438014 
12 108 12 0.5169714558870125 0.5209629442765686 0.6123044900438014 
13 142 6 0.5173908146872394 0.521548234352316 0.6123044900438014 
14 129 7 0.5182345720700959 0.5229761310849836 0.6123044900438014 
15 151 8 0.5200130915427104 0.5237843342869264 0.6123044900438014 
16 141 9 0.5195835391869033 0.5237843342869264 0.6123044900438014 
17 153 9 0.5204054450901661 0.5245310213003094 0.6123044900438014 
18 92 8 0.5202708087404502 0.5238248049899732 0.6123044900438014 
19 84 9 0.5213829967817122 0.5239555213805914 0.6123044900438014 
20 50 11 0.521696675710316 0.524232373624234 0.6123044900438014 
21 222 12 0.5201916137139623 0.5245523828195131 0.6123044900438014 
22 86 13 0.5210842632432857 0.5255483272821477 0.6123044900438014 
23 93 12 0.5209151540184164 0.5255278484375059 0.6123044900438014 
24 153 13 0.5207281223555547 0.525793128237407 0.6123044900438014 
25 129 13 0.5213333991818269 0.5247272150925433 0.6123044900438014 
26 49 12 0.5233938324065605 0.525825919851147 0.6123044900438014 
27 172 10 0.5235608658511709 0.5259697739531476 0.6123044900438014 
28 142 10 0.5235597063997579 0.5260599640416757 0.6123044900438014 
29 167 10 0.522976589435848 0.5261409389094738 0.6123044900438014 
0 1335 6 0.5074549315395499 0.6123044900438014 0.6123044900438014 
1 260 2 0.5147987728578685 0.594651656029463 0.6123044900438014 
2 159 3 0.5068774657636047 0.594651656029463 0.6123044900438014 
3 175 2 0.4973720189018778 0.5984119830040757 0.6123044900438014 
4 150 1 0.4895790469490398 0.5361194340185319 0.6123044900438014 
5 92 1 0.4889662302527348 0.5294384766216127 0.6123044900438014 
6 98 1 0.4897207737615453 0.5418814750356488 0.6123044900438014 
7 150 2 0.49238865956321043 0.5885024103610714 0.6123044900438014 
8 139 3 0.49700533051290946 0.5558821650868939 0.6123044900438014 
9 122 3 0.501428283519882 0.5403626445095093 0.6123044900438014 
10 147 3 0.5029338975308455 0.520109246932798 0.6123044900438014 
11 102 3 0.5050537688887033 0.5216979476896867 0.6123044900438014 
12 94 5 0.5091557361990888 0.523090284745684 0.6123044900438014 
13 35 5 0.5126460470210703 0.5236756937457872 0.6123044900438014 
14 91 5 0.5143512229574212 0.5239130119006232 0.6123044900438014 
15 102 5 0.5176060229382601 0.5241255824339994 0.6123044900438014 
16 129 5 0.5208808297190822 0.5244908954459453 0.6123044900438014 
17 106 6 0.5212472186007738 0.524662993463793 0.6123044900438014 
18 147 6 0.521511589865819 0.5244877383062989 0.6123044900438014 
19 87 6 0.5222768669105562 0.524447730299927 0.6123044900438014 
20 182 8 0.5203970260623513 0.5249764386550373 0.6123044900438014 
21 70 10 0.5229410067349101 0.5251917970133073 0.6123044900438014 
22 133 12 0.5218993899553502 0.5259679505803617 0.6123044900438014 
23 136 12 0.5216721992930132 0.5259679505803617 0.6123044900438014 
24 116 13 0.5217305745863747 0.525570203346005 0.6123044900438014 
25 230 15 0.5204967718595691 0.5257356448950685 0.6123044900438014 
26 147 15 0.5209786725204606 0.5258696124186701 0.6123044900438014 
27 108 16 0.5223977654370926 0.5258821097961375 0.6123044900438014 
28 193 27 0.5215618905764958 0.5255730068490221 0.6123044900438014 
29 148 17 0.5212368754876597 0.5256300284053879 0.6123044900438014 
0 1462 5 0.5118230064647213 0.6123044900438014 0.6123044900438014 
1 236 2 0.5187956649166748 0.5999818561891133 0.6123044900438014 
2 265 1 0.5079888234050403 0.5999818561891133 0.6123044900438014 
3 166 1 0.5003268153640572 0.5844750222136745 0.6123044900438014 
4 81 2 0.4985666761778478 0.5739585173634476 0.6123044900438014 
5 150 1 0.49816847428561817 0.5568114124122528 0.6123044900438014 
6 201 4 0.501027074146422 0.5496236705503987 0.6123044900438014 
7 175 3 0.5033826644152642 0.5552369585541451 0.6123044900438014 
8 330 4 0.5050775357509667 0.58271867209328 0.6123044900438014 
9 199 4 0.5116537182817212 0.58271867209328 0.6123044900438014 
10 248 6 0.5156599938472938 0.58271867209328 0.6123044900438014 
11 66 5 0.5184876376079374 0.58271867209328 0.6123044900438014 
12 178 9 0.5172557776040919 0.58271867209328 0.6123044900438014 
13 214 7 0.5176432592602596 0.5702245297405837 0.6123044900438014 
14 137 6 0.5200360786166979 0.5711248793909334 0.6123044900438014 
15 224 7 0.5195676782650306 0.5711248793909334 0.6123044900438014 
16 160 8 0.5139297038983447 0.5271677823270209 0.6123044900438014 
17 212 9 0.5179001707682381 0.5750565023434348 0.6123044900438014 
18 157 10 0.5192315329886354 0.5271677823270209 0.6123044900438014 
19 143 15 0.5208096828947286 0.5272642956210628 0.6123044900438014 
20 347 11 0.5181036427814022 0.5272642956210628 0.6123044900438014 
21 225 11 0.5146245795623954 0.5271677823270209 0.6123044900438014 
22 182 13 0.5166546400660492 0.5255772569740854 0.6123044900438014 
23 87 15 0.5202356616678113 0.5255772569740854 0.6123044900438014 
24 213 15 0.5193206264706742 0.5256290979502963 0.6123044900438014 
25 111 16 0.5208706407883358 0.5256099668627785 0.6123044900438014 
26 81 17 0.5208308932832971 0.5227703166424285 0.6123044900438014 
27 141 17 0.5211476964910821 0.5246480271983817 0.6123044900438014 
28 170 17 0.5203188361549566 0.5259439789658501 0.6123044900438014 
29 270 18 0.5180528671989514 0.5262434005500204 0.6123044900438014 
0 1316 5 0.5132082893670377 0.6146136147388555 0.6146136147388555 
1 198 2 0.5196273529454551 0.6123044900438014 0.6146136147388555 
2 104 1 0.5136147027680115 0.595221112891116 0.6146136147388555 
3 139 1 0.5024262901905628 0.5543446108161372 0.6146136147388555 
4 93 1 0.49704077669610847 0.5492473787241677 0.6146136147388555 
5 111 1 0.49480543275620525 0.5492473787241677 0.6146136147388555 
6 160 1 0.4911924038370404 0.5430212247751103 0.6146136147388555 
7 125 1 0.49177766029333436 0.5661535822825111 0.6146136147388555 
8 136 1 0.492419773333498 0.5661535822825111 0.6146136147388555 
9 120 2 0.4970878340576679 0.5669973699409271 0.6146136147388555 
10 243 3 0.49982612334162474 0.5357877147839087 0.6146136147388555 
11 146 3 0.5005830823642236 0.5236757221829603 0.6146136147388555 
12 72 3 0.5040493828849124 0.5160401638035386 0.6146136147388555 
13 116 4 0.5076598191941284 0.5161813273116977 0.6146136147388555 
14 95 4 0.5097560573931863 0.516560467127023 0.6146136147388555 
15 117 6 0.5127969045802893 0.516663306439737 0.6146136147388555 
16 103 5 0.5155354653248331 0.5169483104903128 0.6146136147388555 
17 109 6 0.5150267633416634 0.517610743852992 0.6146136147388555 
18 133 6 0.516336191576241 0.5175854083536437 0.6146136147388555 
19 93 7 0.5163518930231807 0.517666627576033 0.6146136147388555 
20 166 7 0.5163246497652746 0.5177172180621716 0.6146136147388555 
21 158 7 0.5169465531652484 0.5177556369576353 0.6146136147388555 
22 170 7 0.5153230422070724 0.518106404141881 0.6146136147388555 
23 187 10 0.5147645221387535 0.5181490185397526 0.6146136147388555 
24 138 12 0.5156096000688326 0.5174355456433828 0.6146136147388555 
25 179 12 0.5159418309133117 0.5184806828875645 0.6146136147388555 
26 147 11 0.5167406239436826 0.5189038042648345 0.6146136147388555 
27 230 13 0.514745087141895 0.5190334159047425 0.6146136147388555 
28 171 14 0.5151720979768387 0.5191058188484836 0.6146136147388555 
29 75 13 0.5163214171790099 0.5192737906047744 0.6146136147388555 
0 1127 5 0.5078488286155914 0.6146136147388555 0.6146136147388555 
1 176 3 0.5085876117288081 0.5959064571831938 0.6146136147388555 
2 153 2 0.5017157654305984 0.6214430293978511 0.6214430293978511 
3 223 1 0.4952602287404166 0.5705740659520487 0.6214430293978511 
4 152 1 0.493148412960081 0.5748663069900939 0.6214430293978511 
5 172 2 0.49123946693473597 0.568454761859692 0.6214430293978511 
6 107 2 0.49557114667651214 0.5582893201136881 0.6214430293978511 
7 94 3 0.5003778188581878 0.5582893201136881 0.6214430293978511 
8 99 4 0.5040882360369564 0.5197592095112704 0.6214430293978511 
9 188 5 0.5070047390394619 0.5207312047913315 0.6214430293978511 
10 121 6 0.5115659809992844 0.5211066206125803 0.6214430293978511 
11 150 6 0.5162531622835284 0.5214777867351945 0.6214430293978511 
12 134 7 0.5192932532086281 0.5217490988728041 0.6214430293978511 
13 139 8 0.5196967178489043 0.5219968392102008 0.6214430293978511 
14 230 8 0.5193538480579339 0.5246224729467683 0.6214430293978511 
15 142 8 0.519404854501684 0.524928651075261 0.6214430293978511 
16 170 9 0.5190770952623371 0.5249957795068635 0.6214430293978511 
17 165 12 0.5191881177555042 0.524877658489094 0.6214430293978511 
18 188 13 0.5195314211000265 0.5218072448935537 0.6214430293978511 
19 172 14 0.5207887630347103 0.5250341154801076 0.6214430293978511 
20 131 15 0.520876328025303 0.5250263875182544 0.6214430293978511 
21 119 15 0.520614254958456 0.5223528377957045 0.6214430293978511 
22 113 16 0.5209276281483826 0.525419034060202 0.6214430293978511 
23 125 16 0.5216155683309558 0.5258497512930365 0.6214430293978511 
24 135 17 0.5205533619864907 0.522652528902402 0.6214430293978511 
25 54 17 0.5221310032747642 0.5262001608293552 0.6214430293978511 
26 67 16 0.5224566059158287 0.526522654841753 0.6214430293978511 
27 81 18 0.5222635026152892 0.526522654841753 0.6214430293978511 
28 161 18 0.5212031929059638 0.526203423287477 0.6214430293978511 
29 75 21 0.5218043430069649 0.5263834296615507 0.6214430293978511 