0 2836 120 0.41307244052621556 0.47874561742405586 0.47874561742405586 
1 548 69 0.4310799861939349 0.47881990298110816 0.47881990298110816 
2 414 57 0.43964478412559926 0.48341471869797115 0.48341471869797115 
3 318 47 0.44895053627555137 0.4838576731254228 0.4838576731254228 
4 306 54 0.4508280695790947 0.4879961435918357 0.4879961435918357 
5 310 49 0.45538215917770747 0.48369459233310796 0.4879961435918357 
6 389 50 0.4589448420484961 0.4868082363682912 0.4879961435918357 
7 318 44 0.463574348364371 0.49743682763216107 0.49743682763216107 
8 188 40 0.47007438612571595 0.5037968813205886 0.5037968813205886 
9 231 40 0.47272356229754825 0.5196129172015536 0.5196129172015536 
10 194 36 0.4789258474502296 0.5564057708294072 0.5564057708294072 
11 188 35 0.48479567980402577 0.5522456017135562 0.5564057708294072 
12 190 31 0.4947967494501726 0.603835773205925 0.603835773205925 
13 329 37 0.5008431002369167 0.603835773205925 0.603835773205925 
14 258 33 0.5116949942932121 0.605803265934387 0.605803265934387 
15 270 30 0.522559992620639 0.6320502074004094 0.6320502074004094 
16 168 28 0.5368818800838112 0.6320502074004094 0.6320502074004094 
17 213 27 0.5495151300816897 0.6362701213686904 0.6362701213686904 
18 165 27 0.5619120110794834 0.6459413969691649 0.6459413969691649 
19 136 23 0.5756935161904161 0.6639157300038824 0.6639157300038824 
20 218 23 0.5842632618438578 0.6646494754251278 0.6646494754251278 
21 231 25 0.58939001785796 0.667182180814976 0.667182180814976 
22 199 25 0.5982928266168948 0.6817694407133927 0.6817694407133927 
23 163 27 0.6072271274575763 0.6680495451709568 0.6817694407133927 
24 255 26 0.6128324401503186 0.7027550157181681 0.7027550157181681 
25 254 25 0.6241528207446332 0.7021010939258169 0.7027550157181681 
26 265 26 0.6338151709331389 0.7039023382112498 0.7039023382112498 
27 163 27 0.6446701536376122 0.7041296109385226 0.7041296109385226 
28 244 28 0.6505573120086611 0.7036245604334721 0.7041296109385226 
29 108 21 0.6665088866493132 0.7041296109385226 0.7041296109385226 
0 3049 141 0.4146276722883093 0.4796860617793225 0.4796860617793225 
1 682 85 0.429860181988357 0.482086618315654 0.482086618315654 
2 386 62 0.4407056873863839 0.4796860617793225 0.482086618315654 
3 383 58 0.44872568352993275 0.487099108338445 0.487099108338445 
4 248 53 0.4555601128894735 0.48239640641589254 0.487099108338445 
5 216 47 0.4622917135125706 0.49654856412145215 0.49654856412145215 
6 238 47 0.4659223861276241 0.4974869639569108 0.4974869639569108 
7 349 47 0.46913299041418033 0.5071345252958365 0.5071345252958365 
8 301 47 0.4716742061590431 0.5113871515916146 0.5113871515916146 
9 213 41 0.47750621154129047 0.5399534292624012 0.5399534292624012 
10 176 38 0.48464100361543155 0.5773416288250836 0.5773416288250836 
11 153 40 0.4892644261083756 0.5773416288250836 0.5773416288250836 
12 216 42 0.49628193375558993 0.5756093674109024 0.5773416288250836 
13 284 45 0.5022290210873541 0.5680717006378289 0.5773416288250836 
14 301 38 0.5129065560941805 0.576234566230289 0.5773416288250836 
15 274 42 0.5216237116536435 0.5990496069600918 0.5990496069600918 
16 354 41 0.5307665310084037 0.6129787132580597 0.6129787132580597 
17 116 32 0.5453543504529823 0.6143675680788342 0.6143675680788342 
18 279 36 0.5512000960725832 0.615446870525296 0.615446870525296 
19 195 37 0.5622602772124181 0.6264394127922804 0.6264394127922804 
20 228 38 0.5749895449091469 0.6555193694600996 0.6555193694600996 
21 185 29 0.5868651605653301 0.6555193694600996 0.6555193694600996 
22 181 30 0.5964822405510839 0.6555356309931694 0.6555356309931694 
23 195 31 0.6025168282034413 0.655180484003407 0.6555356309931694 
24 286 34 0.6061619439263023 0.6555193694600996 0.6555356309931694 
25 230 31 0.6162504681119528 0.6564427516334818 0.6564427516334818 
26 190 30 0.6257900699422091 0.6555193694600996 0.6564427516334818 
27 270 34 0.6274575496052329 0.6564436696031779 0.6564436696031779 
28 247 31 0.6323797332229025 0.6826534624145332 0.6826534624145332 
29 198 31 0.6384883438175275 0.68294839732929 0.68294839732929 
0 2546 107 0.4136616991032881 0.47070107147347673 0.47070107147347673 
1 656 72 0.4267858476161348 0.4711486995532561 0.4711486995532561 
2 597 69 0.43499002510267915 0.4708433935829791 0.4711486995532561 
3 397 75 0.445502623138811 0.4859361447726466 0.4859361447726466 
4 321 55 0.4505637922758434 0.48123282261346323 0.4859361447726466 
5 362 52 0.45515015824246874 0.48258301275635307 0.4859361447726466 
6 247 44 0.4617699619221047 0.48737089359867847 0.48737089359867847 
7 387 41 0.4645853509175018 0.4988602251183625 0.4988602251183625 
8 352 37 0.4686386105017274 0.4973837145730913 0.4988602251183625 
9 328 35 0.47369197007481695 0.518239977619589 0.518239977619589 
10 326 40 0.4777510646907692 0.5196055655088159 0.5196055655088159 
11 168 31 0.4860922821447633 0.524189999901772 0.524189999901772 
12 239 32 0.49089155996349015 0.5467582041004937 0.5467582041004937 
13 231 34 0.49653976485125395 0.5479055289978186 0.5479055289978186 
14 218 32 0.5058085616783788 0.5681998569009004 0.5681998569009004 
15 96 32 0.514260012781195 0.5703995993033034 0.5703995993033034 
16 275 34 0.5187877449321846 0.5825818384317506 0.5825818384317506 
17 310 36 0.5256957584954517 0.6091336272834967 0.6091336272834967 
18 287 36 0.5304566860909357 0.621021311040343 0.621021311040343 
19 286 36 0.5417422485025554 0.6179062125269257 0.621021311040343 
20 310 35 0.5505357610299018 0.6214532593445491 0.6214532593445491 
21 322 38 0.561334462735151 0.6371499218120871 0.6371499218120871 
22 157 31 0.5780052428371991 0.6597495797923074 0.6597495797923074 
23 378 39 0.5842140354551049 0.6775869941140967 0.6775869941140967 
24 285 39 0.5917597681268522 0.6775869941140967 0.6775869941140967 
25 217 35 0.6047586593122777 0.6775869941140967 0.6775869941140967 
26 433 40 0.6052448884579457 0.6775869941140967 0.6775869941140967 
27 286 38 0.6191249298333644 0.6779590179236206 0.6779590179236206 
28 245 34 0.6322887691489157 0.679076684535875 0.679076684535875 
29 261 37 0.6400226102756698 0.679076684535875 0.679076684535875 
0 3016 114 0.413941530235848 0.46842621314843336 0.46842621314843336 
1 519 72 0.42931746807867 0.46703493545730135 0.46842621314843336 
2 565 64 0.43700986793222263 0.46897790864986605 0.46897790864986605 
3 432 58 0.4434424673381043 0.4704173702699469 0.4704173702699469 
4 410 55 0.44936100643720345 0.47955454277821596 0.47955454277821596 
5 370 52 0.4539827514124423 0.4892524445544648 0.4892524445544648 
6 239 47 0.4585850599300916 0.4920770670002145 0.4920770670002145 
7 277 48 0.4607120810408308 0.492452422638728 0.492452422638728 
8 199 47 0.4639003303040503 0.49289653721173965 0.49289653721173965 
9 187 44 0.46855288996809763 0.500244666732794 0.500244666732794 
10 276 51 0.4710964065185823 0.5415581541270837 0.5415581541270837 
11 225 46 0.4785435600394041 0.5415581541270837 0.5415581541270837 
12 181 51 0.48310827058803624 0.5374664782917583 0.5415581541270837 
13 270 46 0.4883996788282726 0.5619572788764768 0.5619572788764768 
14 235 40 0.4980825094397594 0.5658489929418953 0.5658489929418953 
15 234 47 0.5040934536265795 0.5841772596885365 0.5841772596885365 
16 276 44 0.5113488658476556 0.5798401065929875 0.5841772596885365 
17 292 40 0.5199356972932289 0.6094836746948076 0.6094836746948076 
18 241 38 0.5280639091606414 0.6190970580122862 0.6190970580122862 
19 152 30 0.5436448239969248 0.6190970580122862 0.6190970580122862 
20 153 29 0.5542861599326391 0.6279640539636397 0.6279640539636397 
21 338 37 0.5585419934196717 0.6279640539636397 0.6279640539636397 
22 303 33 0.5603152517224268 0.631410236078348 0.631410236078348 
23 294 33 0.5689398775678702 0.6827287210852659 0.6827287210852659 
24 253 27 0.5759694448775072 0.6649184835395223 0.6827287210852659 
25 420 30 0.5822380613970226 0.6657556045027743 0.6827287210852659 
26 256 27 0.597936910234582 0.6845912153216291 0.6845912153216291 
27 185 28 0.6070967301640634 0.7046523955410187 0.7046523955410187 
28 175 28 0.6159247084315911 0.7052476336362568 0.7052476336362568 
29 332 30 0.6239330970363139 0.7068793996010355 0.7068793996010355 
0 2666 138 0.4132274665134746 0.48309396409767325 0.48309396409767325 
1 574 69 0.4278363264119983 0.47977344368979646 0.48309396409767325 
2 444 61 0.4378304541710923 0.47372234957928505 0.48309396409767325 
3 408 51 0.44572219367003924 0.47719314533111823 0.48309396409767325 
4 379 50 0.45258622585870806 0.5006372284978884 0.5006372284978884 
5 301 49 0.45763999038466 0.5162144460766733 0.5162144460766733 
6 432 53 0.45883214469280525 0.49914619816070416 0.5162144460766733 
7 240 44 0.46774661630926745 0.49192180838584254 0.5162144460766733 
8 298 45 0.47138748481563625 0.5061265820850057 0.5162144460766733 
9 231 39 0.47801400463372845 0.5971927437976217 0.5971927437976217 
10 256 40 0.48489260801805883 0.5971927437976217 0.5971927437976217 
11 314 43 0.48833179450266356 0.5971927437976217 0.5971927437976217 
12 333 39 0.4985197757484643 0.6004549322881289 0.6004549322881289 
13 240 36 0.5101815804214543 0.5971927437976217 0.6004549322881289 
14 372 38 0.5212607017054388 0.6043539413550245 0.6043539413550245 
15 321 37 0.5374446570373577 0.6300908179456959 0.6300908179456959 
16 422 37 0.5483605590250429 0.6300908179456959 0.6300908179456959 
17 254 32 0.5652336551926891 0.6300908179456959 0.6300908179456959 
18 225 28 0.5783761720377067 0.7436447895962657 0.7436447895962657 
19 110 24 0.5913962563105197 0.7042125551640313 0.7436447895962657 
20 332 34 0.5870565390610728 0.7042125551640313 0.7436447895962657 
21 309 29 0.6019552776375541 0.7436447895962657 0.7436447895962657 
22 219 28 0.611080030058261 0.7412281238623556 0.7436447895962657 
23 254 33 0.6168640005975357 0.7412281238623556 0.7436447895962657 
24 291 31 0.6235132096297693 0.7436447895962657 0.7436447895962657 
25 292 26 0.6316985492180234 0.7436447895962657 0.7436447895962657 
26 229 28 0.6412062485820483 0.7436447895962657 0.7436447895962657 
27 293 33 0.6403696439991191 0.7436447895962657 0.7436447895962657 
28 329 41 0.6474871066274476 0.7436447895962657 0.7436447895962657 
29 330 39 0.6636893900961996 0.7436447895962657 0.7436447895962657 
0 2656 170 0.41353193437444413 0.47303920205692573 0.47303920205692573 
1 410 71 0.42976245498931503 0.4747974715315913 0.4747974715315913 
2 343 58 0.4404443741560805 0.4747974715315913 0.4747974715315913 
3 251 58 0.44562167320901397 0.471583659161811 0.4747974715315913 
4 161 50 0.45126703172874477 0.471583659161811 0.4747974715315913 
5 426 57 0.4518731127975042 0.4829678468787554 0.4829678468787554 
6 333 47 0.45650745228415557 0.49338390955905387 0.49338390955905387 
7 233 44 0.46073433923468193 0.49338390955905387 0.49338390955905387 
8 373 48 0.4618566619375278 0.5102263221569966 0.5102263221569966 
9 326 42 0.4663401468886509 0.5252720080957083 0.5252720080957083 
10 234 41 0.47031564743753995 0.5238865861107379 0.5252720080957083 
11 299 39 0.4735068401754756 0.5360361393366462 0.5360361393366462 
12 333 39 0.47833229733013105 0.5448585099442227 0.5448585099442227 
13 242 38 0.48405138591580105 0.5511902293494881 0.5511902293494881 
14 267 35 0.4911643334278605 0.5876725078242773 0.5876725078242773 
15 213 33 0.4982900433429061 0.5883448022001587 0.5883448022001587 
16 310 33 0.5043365772203097 0.5992979301047732 0.5992979301047732 
17 172 33 0.5138588444451198 0.5860866357838597 0.5992979301047732 
18 155 28 0.5265134157686163 0.5829574451330864 0.5992979301047732 
19 246 32 0.5333838029130527 0.6131303394582032 0.6131303394582032 
20 198 29 0.5481863447705821 0.6483587532769814 0.6483587532769814 
21 330 35 0.5585009680115598 0.6672580747366292 0.6672580747366292 
22 275 31 0.5840480392772603 0.6672580747366292 0.6672580747366292 
23 193 25 0.6021157117575033 0.6670259677589281 0.6672580747366292 
24 350 30 0.6083801197862557 0.6670259677589281 0.6672580747366292 
25 326 31 0.6169777690260494 0.6674695091235778 0.6674695091235778 
26 227 29 0.6291772513168463 0.6680495451709568 0.6680495451709568 
27 367 34 0.630961961281555 0.6680495451709568 0.6680495451709568 
28 334 30 0.6394163210061727 0.6676415558745162 0.6680495451709568 
29 200 26 0.6510138667366233 0.6680495451709568 0.6680495451709568 
0 3148 129 0.41286608353420595 0.48404954111500065 0.48404954111500065 
1 582 74 0.42910910928459617 0.48063298580964187 0.48404954111500065 
2 469 63 0.4408376145639423 0.49551459824186694 0.49551459824186694 
3 342 52 0.45130323328602323 0.4980199065560149 0.4980199065560149 
4 255 43 0.4601887343177892 0.5246413024787295 0.5246413024787295 
5 242 39 0.46726876432740283 0.5345261713515701 0.5345261713515701 
6 230 32 0.4745626617735983 0.530618096690031 0.5345261713515701 
7 444 42 0.4757702518204333 0.5344544712771284 0.5345261713515701 
8 249 31 0.48715481132773775 0.5705731741309227 0.5705731741309227 
9 177 26 0.4982413805711542 0.6263734567204229 0.6263734567204229 
10 299 29 0.5075934135716222 0.607977157374213 0.6263734567204229 
11 194 26 0.5223585085867246 0.6129881742933789 0.6263734567204229 
12 256 30 0.538673291229616 0.6442552736712738 0.6442552736712738 
13 204 27 0.5579002488187483 0.659160940920691 0.659160940920691 
14 385 41 0.5685117427852197 0.6752680345846029 0.6752680345846029 
15 211 25 0.5906364711871395 0.6791664228914128 0.6791664228914128 
16 240 23 0.6068215272226704 0.7269625661421015 0.7269625661421015 
17 238 25 0.6177342527796534 0.6791664228914128 0.7269625661421015 
18 260 30 0.6263055045958995 0.7269625661421015 0.7269625661421015 
19 262 22 0.6400585434110738 0.7385326577450543 0.7385326577450543 
20 210 25 0.6497967679967632 0.7453453147763774 0.7453453147763774 
21 245 20 0.6600665033306571 0.7453453147763774 0.7453453147763774 
22 295 23 0.6578381253561489 0.7431348203567865 0.7453453147763774 
23 229 20 0.6716364066483201 0.7453453147763774 0.7453453147763774 
24 435 33 0.6669980744439696 0.7458918055753155 0.7458918055753155 
25 193 25 0.689665452064061 0.7458918055753155 0.7458918055753155 
26 193 30 0.7002699495748321 0.7453453147763774 0.7458918055753155 
27 232 28 0.7165214181237788 0.748573898407673 0.748573898407673 
28 213 23 0.726911153261636 0.748573898407673 0.748573898407673 
29 224 26 0.728126906850092 0.748573898407673 0.748573898407673 
0 2833 126 0.41427344582614384 0.48131930466486794 0.48131930466486794 
1 509 79 0.4309725877985426 0.4774723278810411 0.48131930466486794 
2 496 66 0.4416859783588587 0.49470122910554026 0.49470122910554026 
3 379 64 0.44968960650268985 0.49470122910554026 0.49470122910554026 
4 302 65 0.45575629447527466 0.4970554423526106 0.4970554423526106 
5 285 56 0.4586345389048451 0.49470122910554026 0.4970554423526106 
6 281 47 0.4640892410203532 0.49470122910554026 0.4970554423526106 
7 403 49 0.466409251002448 0.5037330750320622 0.5037330750320622 
8 355 44 0.47118250480439317 0.5037330750320622 0.5037330750320622 
9 274 36 0.4777884150133848 0.5211961650974247 0.5211961650974247 
10 528 48 0.47697731706091484 0.546816292249456 0.546816292249456 
11 316 33 0.48889269662804824 0.5482844092080776 0.5482844092080776 
12 368 39 0.4922733956708928 0.5539397086729578 0.5539397086729578 
13 322 42 0.4973297798209281 0.5763510654624511 0.5763510654624511 
14 382 41 0.5065027427170542 0.5763510654624511 0.5763510654624511 
15 333 35 0.5144473824869251 0.5793785452255101 0.5793785452255101 
16 243 35 0.5221347918746586 0.5857349151717666 0.5857349151717666 
17 250 28 0.5329298447715138 0.6109713798930407 0.6109713798930407 
18 177 28 0.5474055870793045 0.6353375784772788 0.6353375784772788 
19 382 36 0.5446668983779477 0.6462597999183818 0.6462597999183818 
20 149 23 0.5617356092595999 0.6469556318642138 0.6469556318642138 
21 311 27 0.56810513199066 0.6500401361509396 0.6500401361509396 
22 236 27 0.5767904211532184 0.6463920347401934 0.6500401361509396 
23 365 37 0.5813723290814784 0.6519439175189763 0.6519439175189763 
24 294 32 0.5901021668818063 0.7016269385077708 0.7016269385077708 
25 283 31 0.600897218443519 0.703779511209135 0.703779511209135 
26 207 21 0.6228905711837426 0.7361741998538236 0.7361741998538236 
27 304 27 0.6263139523985616 0.7361741998538236 0.7361741998538236 
28 305 30 0.6335316423695246 0.7449942375586205 0.7449942375586205 
29 227 25 0.646312841740274 0.7449942375586205 0.7449942375586205 
0 2460 116 0.418605411448659 0.48158874609312063 0.48158874609312063 
1 810 73 0.43126714331592664 0.4805252262796008 0.48158874609312063 
2 379 65 0.44040436034746194 0.4805252262796008 0.48158874609312063 
3 310 52 0.44916361803267263 0.4913219092537918 0.4913219092537918 
4 292 52 0.4524972221750509 0.49273993567181823 0.49273993567181823 
5 280 50 0.45554004977773616 0.5201065350574046 0.5201065350574046 
6 291 48 0.46009264743900724 0.5210937470205741 0.5210937470205741 
7 172 43 0.4672178556096038 0.5101188997726134 0.5210937470205741 
8 210 43 0.4731513477639186 0.5158110049861795 0.5210937470205741 
9 334 43 0.4799354769540344 0.5211360160345871 0.5211360160345871 
10 242 46 0.48508765711699936 0.538702123369559 0.538702123369559 
11 239 46 0.4940562258241991 0.5516590042111189 0.5516590042111189 
12 262 42 0.5009942441226886 0.5816262196129047 0.5816262196129047 
13 232 38 0.5127831567112334 0.5822524738518299 0.5822524738518299 
14 101 34 0.5235413878530545 0.6067712932485789 0.6067712932485789 
15 148 34 0.5398055461787897 0.6181550876768069 0.6181550876768069 
16 320 38 0.5442368717995639 0.6181550876768069 0.6181550876768069 
17 155 32 0.5609622120330008 0.6239670979321765 0.6239670979321765 
18 194 32 0.5711082879761602 0.6380058993172618 0.6380058993172618 
19 298 36 0.5771564911931505 0.6541608665658867 0.6541608665658867 
20 178 35 0.5899740152687987 0.6527757933058134 0.6541608665658867 
21 241 34 0.5969680879288862 0.6541608665658867 0.6541608665658867 
22 214 34 0.608535643404342 0.6550842487392688 0.6550842487392688 
23 214 34 0.6170950588879869 0.6546645295695497 0.6550842487392688 
24 244 33 0.6244848256491716 0.6546645295695497 0.6550842487392688 
25 182 33 0.6285143794352698 0.6554393957290312 0.6554393957290312 
26 245 34 0.632644806864198 0.679557930439513 0.679557930439513 
27 260 34 0.6366524077480249 0.6550842487392688 0.679557930439513 
28 345 36 0.6316623730027922 0.6587590552193631 0.679557930439513 
29 214 31 0.6371261072894288 0.6809783849849675 0.6809783849849675 
0 2568 117 0.41378720004013464 0.4772342597888114 0.4772342597888114 
1 715 75 0.4297300346797256 0.4772342597888114 0.4772342597888114 
2 407 65 0.4385812028336685 0.4785977065552846 0.4785977065552846 
3 397 54 0.44524340864983786 0.4798418296571558 0.4798418296571558 
4 434 48 0.4517591130617183 0.4798418296571558 0.4798418296571558 
5 376 47 0.454559211153994 0.48241849890265665 0.48241849890265665 
6 239 44 0.459667375731539 0.4786865580070337 0.48241849890265665 
7 216 46 0.4626718351908228 0.48464306879320374 0.48464306879320374 
8 316 44 0.46611879525840755 0.5054000275502593 0.5054000275502593 
9 348 42 0.46915921580716075 0.5461918203082603 0.5461918203082603 
10 255 39 0.4750115390943316 0.5449972069803717 0.5461918203082603 
11 374 35 0.4815581119646987 0.5845010383375304 0.5845010383375304 
12 286 31 0.48968869364065226 0.5416538782066407 0.5845010383375304 
13 367 30 0.4951411847196763 0.5672281806252195 0.5845010383375304 
14 252 27 0.5058941234874704 0.585595961932454 0.585595961932454 
15 240 28 0.5146563311475704 0.5845010383375304 0.585595961932454 
16 192 24 0.5228320379365254 0.5934043181605961 0.5934043181605961 
17 234 26 0.5309051506940122 0.5939884562447342 0.5939884562447342 
18 269 26 0.5422943047364801 0.6247384470515016 0.6247384470515016 
19 280 26 0.5548103401562409 0.6247384470515016 0.6247384470515016 
20 249 28 0.5629558043709691 0.6406568245635693 0.6406568245635693 
21 133 25 0.5783050765025295 0.6406568245635693 0.6406568245635693 
22 360 29 0.5845554826869447 0.6425870618489147 0.6425870618489147 
23 145 27 0.6004028646273727 0.6693098131853678 0.6693098131853678 
24 216 26 0.6135078879566993 0.7401728094346622 0.7401728094346622 
25 247 27 0.6172734882197068 0.7358799617867664 0.7401728094346622 
26 161 24 0.6255729102982963 0.7358799617867664 0.7401728094346622 
27 242 27 0.6326896539857038 0.7381833058305458 0.7401728094346622 
28 114 23 0.6499164548222166 0.7401728094346622 0.7401728094346622 
29 224 31 0.6635291876300472 0.7401728094346622 0.7401728094346622 
0 2484 116 0.41930518411978773 0.47879038910739924 0.47879038910739924 
1 616 77 0.4308826221956824 0.47292988322933405 0.47879038910739924 
2 441 63 0.4413317012153632 0.4759792071500457 0.47879038910739924 
3 484 60 0.4464982791179171 0.4832326598925847 0.4832326598925847 
4 368 60 0.45046425659305567 0.49025667137059714 0.49025667137059714 
5 438 62 0.4531833682402548 0.4984785572880166 0.4984785572880166 
6 220 50 0.4596534674412996 0.5132069054726439 0.5132069054726439 
7 266 51 0.4631530854418179 0.5344465441130758 0.5344465441130758 
8 265 47 0.4691300062278604 0.5344465441130758 0.5344465441130758 
9 289 44 0.4759757534094015 0.5418350480247088 0.5418350480247088 
10 436 43 0.48342723059171894 0.5418350480247088 0.5418350480247088 
11 317 40 0.49413409725309654 0.5430649503785768 0.5430649503785768 
12 169 29 0.5062557647476607 0.5438565199201464 0.5438565199201464 
13 272 32 0.5107577379043292 0.544179616684044 0.544179616684044 
14 177 28 0.5181237543070738 0.5438565199201464 0.544179616684044 
15 168 24 0.5263504129522609 0.5445350080986345 0.5445350080986345 
16 153 24 0.5318090235115771 0.5675461991384145 0.5675461991384145 
17 266 26 0.5337697536750822 0.5686657277579432 0.5686657277579432 
18 182 25 0.5369819569361133 0.5675461991384145 0.5686657277579432 
19 101 24 0.5396830503593155 0.5712853136605855 0.5712853136605855 
20 122 25 0.5413025323329238 0.5713056705565674 0.5713056705565674 
21 158 26 0.5413642100996191 0.5729849634858604 0.5729849634858604 
22 198 24 0.5451983386382918 0.5734047867181835 0.5734047867181835 
23 120 25 0.5484813224108231 0.5837558987695296 0.5837558987695296 
24 224 28 0.5478365235216283 0.5838856943733258 0.5838856943733258 
25 262 29 0.5490596863758856 0.5847360568737118 0.5847360568737118 
26 200 28 0.5581748187346556 0.584846371712871 0.584846371712871 
27 154 27 0.5646253146668421 0.5855971834011827 0.5855971834011827 
28 138 24 0.5726311821778921 0.58569674198752 0.58569674198752 
29 187 29 0.5715523204400468 0.5855971834011827 0.58569674198752 
0 2578 157 0.4143700222117028 0.4797619988996233 0.4797619988996233 
1 582 77 0.4295884399879217 0.4797619988996233 0.4797619988996233 
2 455 68 0.4405139336229823 0.47337932250164616 0.4797619988996233 
3 381 62 0.44729932626398394 0.4796047665102734 0.4797619988996233 
4 291 60 0.4517797411103517 0.49219179708754585 0.49219179708754585 
5 367 61 0.45393684883067076 0.4899282513195012 0.49219179708754585 
6 280 52 0.4600152503789526 0.49777597633294246 0.49777597633294246 
7 429 51 0.4622175958438608 0.501414579620959 0.501414579620959 
8 408 52 0.4643189758051571 0.504003683158221 0.504003683158221 
9 387 46 0.47078314676811445 0.5206693982270039 0.5206693982270039 
10 261 45 0.4767653844524959 0.5421607227568854 0.5421607227568854 
11 262 38 0.48422980586119346 0.5311778502364985 0.5421607227568854 
12 349 40 0.48930593456552374 0.5342455789271698 0.5421607227568854 
13 377 33 0.4972611415049433 0.553225219902434 0.553225219902434 
14 309 30 0.5072278022102358 0.5728506752470948 0.5728506752470948 
15 386 36 0.509380593757209 0.5964278924903639 0.5964278924903639 
16 314 33 0.517401562902715 0.5964278924903639 0.5964278924903639 
17 240 23 0.5307297034028071 0.5990289461830748 0.5990289461830748 
18 216 25 0.5394962152224273 0.6163506260068473 0.6163506260068473 
19 319 24 0.5445289149611332 0.6159192847885226 0.6163506260068473 
20 105 18 0.5636402409741497 0.6453062884000097 0.6453062884000097 
21 157 18 0.5755539385523998 0.6445972511673819 0.6453062884000097 
22 205 18 0.5850333918806832 0.6574766336896215 0.6574766336896215 
23 188 17 0.5941245097248489 0.6788235350422563 0.6788235350422563 
24 189 22 0.6039484627101703 0.6799148048835262 0.6799148048835262 
25 346 23 0.6063358404564435 0.6872553193342993 0.6872553193342993 
26 308 23 0.6179307530470664 0.6872553193342993 0.6872553193342993 
27 154 18 0.6341358379001512 0.6861640494930294 0.6872553193342993 
28 196 17 0.6388453484200817 0.6799148048835262 0.6872553193342993 
29 242 17 0.6452994493510864 0.6861640494930294 0.6872553193342993 
0 2480 114 0.41466755500728875 0.48178991634197943 0.48178991634197943 
1 481 72 0.4296525750393285 0.48044182106469263 0.48178991634197943 
2 407 64 0.44042240008595823 0.48044182106469263 0.48178991634197943 
3 338 64 0.44680101446472953 0.49059739004759884 0.49059739004759884 
4 292 61 0.4518366931119807 0.4994533160032082 0.4994533160032082 
5 209 49 0.45788041800939716 0.5156747501279885 0.5156747501279885 
6 157 45 0.46257605854899536 0.5003379238746489 0.5156747501279885 
7 328 48 0.4663940542734213 0.5076225657187992 0.5156747501279885 
8 259 44 0.4701886704323165 0.5370553742692942 0.5370553742692942 
9 285 36 0.4797041727730081 0.622955898304892 0.622955898304892 
10 299 36 0.4863645292067751 0.622955898304892 0.622955898304892 
11 326 31 0.4972942315281124 0.6270903352964717 0.6270903352964717 
12 210 29 0.5137267442458243 0.6692896557199272 0.6692896557199272 
13 311 33 0.5266710516893993 0.6692896557199272 0.6692896557199272 
14 177 24 0.5463295704704388 0.6477914845927983 0.6692896557199272 
15 243 23 0.5632822400139463 0.6954088343992035 0.6954088343992035 
16 304 28 0.5767239746813313 0.6688838115640829 0.6954088343992035 
17 169 16 0.5962978091550134 0.7144027166743359 0.7144027166743359 
18 138 15 0.6121964107407786 0.7234845060085274 0.7234845060085274 
19 168 16 0.6234194959435854 0.7234845060085274 0.7234845060085274 
20 323 22 0.6231386273941162 0.7381713561461498 0.7381713561461498 
21 195 17 0.6368068087052117 0.733644614822484 0.7381713561461498 
22 103 11 0.6580447059931578 0.7448965430455644 0.7448965430455644 
23 146 16 0.6573320213961522 0.7569784781547919 0.7569784781547919 
24 115 13 0.6738404786964466 0.7569784781547919 0.7569784781547919 
25 168 18 0.6809540100611029 0.7569784781547919 0.7569784781547919 
26 145 15 0.6998109299152394 0.7569784781547919 0.7569784781547919 
27 200 13 0.7169953123243141 0.7569784781547919 0.7569784781547919 
28 260 12 0.7268747325569307 0.7569784781547919 0.7569784781547919 
29 118 11 0.7422955094587828 0.7569784781547919 0.7569784781547919 
0 2594 108 0.41233490546886387 0.4800493905624109 0.4800493905624109 
1 641 89 0.42703454674578956 0.4800493905624109 0.4800493905624109 
2 408 69 0.43652378915155315 0.4850420956801229 0.4850420956801229 
3 378 59 0.4458125719271793 0.4887611692652679 0.4887611692652679 
4 309 60 0.45048693509702625 0.4850420956801229 0.4887611692652679 
5 331 56 0.45473355221897543 0.4856834225643766 0.4887611692652679 
6 315 55 0.45667180372206384 0.5009391093674573 0.5009391093674573 
7 260 50 0.4611643838454244 0.49245040212904434 0.5009391093674573 
8 257 51 0.4617652779259067 0.5018987194708624 0.5018987194708624 
9 209 43 0.4672653704285481 0.5103553070305371 0.5103553070305371 
10 117 42 0.4713060410881309 0.5123690101203429 0.5123690101203429 
11 178 44 0.4730241190150744 0.5289988736638067 0.5289988736638067 
12 208 39 0.47897356662077434 0.5456891809613709 0.5456891809613709 
13 247 39 0.48247256402020794 0.5456891809613709 0.5456891809613709 
14 280 38 0.4881808172615756 0.5731373299909963 0.5731373299909963 
15 334 43 0.4905555027871467 0.5487065082862561 0.5731373299909963 
16 254 34 0.501061137283249 0.5678579114005939 0.5731373299909963 
17 171 31 0.5099364555049345 0.5779971710972863 0.5779971710972863 
18 344 34 0.5122243256401798 0.5741293005053366 0.5779971710972863 
19 161 29 0.5264263165803872 0.5769784573179624 0.5779971710972863 
20 129 30 0.5363999119378813 0.5852759477719036 0.5852759477719036 
21 267 38 0.5405076210283166 0.5894003372704817 0.5894003372704817 
22 155 31 0.5501302440512824 0.5896873187191982 0.5896873187191982 
23 98 31 0.563827635938615 0.6168566834699567 0.6168566834699567 
24 267 33 0.5642829851783112 0.6168566834699567 0.6168566834699567 
25 191 34 0.5714076438450971 0.6168566834699567 0.6168566834699567 
26 146 26 0.577328532312352 0.6428782473681948 0.6428782473681948 
27 178 36 0.5764552317805306 0.6604520526331292 0.6604520526331292 
28 190 32 0.5804420061496182 0.6604520526331292 0.6604520526331292 
29 291 29 0.5837812861905425 0.6602748355431374 0.6604520526331292 
0 2798 179 0.4175768975847533 0.49755988204643065 0.49755988204643065 
1 566 66 0.4330286089159211 0.4984608907599394 0.4984608907599394 
2 341 56 0.4431318278627023 0.5041790507515609 0.5041790507515609 
3 369 60 0.4477066747212956 0.5041790507515609 0.5041790507515609 
4 224 46 0.4556893247921428 0.4984608907599394 0.5041790507515609 
5 352 64 0.4599422917968037 0.5298731102177638 0.5298731102177638 
6 287 43 0.4640944266054577 0.5314135402012305 0.5314135402012305 
7 254 36 0.47188546866390835 0.5355713971772509 0.5355713971772509 
8 352 44 0.4736989143574808 0.5305786238539241 0.5355713971772509 
9 220 34 0.4826500774469218 0.5598972360143332 0.5598972360143332 
10 343 38 0.48962338734435945 0.6071281668628177 0.6071281668628177 
11 229 31 0.49605713587506 0.5677926865675595 0.6071281668628177 
12 177 28 0.5057374737612036 0.5857875084164463 0.6071281668628177 
13 227 26 0.5129005495518413 0.583834996642506 0.6071281668628177 
14 171 19 0.5258817362627685 0.5813257162924708 0.6071281668628177 
15 191 21 0.5312720569524081 0.6367697884953949 0.6367697884953949 
16 107 18 0.541097480950293 0.6233258261853618 0.6367697884953949 
17 306 29 0.5453739607345299 0.6337372252411502 0.6367697884953949 
18 276 24 0.5565992686307936 0.6323716396229163 0.6367697884953949 
19 375 25 0.5702443450093221 0.6506283901578476 0.6506283901578476 
20 181 18 0.5876700980405015 0.6860487066035547 0.6860487066035547 
21 217 22 0.59470371667796 0.6860487066035547 0.6860487066035547 
22 158 17 0.608430525446924 0.6873399153947635 0.6873399153947635 
23 200 17 0.6201640394842892 0.6959660982396964 0.6959660982396964 
24 411 25 0.6182416637991676 0.6959660982396964 0.6959660982396964 
25 284 26 0.627097973836203 0.6982568630304611 0.6982568630304611 
26 160 17 0.6492156470395595 0.7175682807793788 0.7175682807793788 
27 178 17 0.6587294820391314 0.7175682807793788 0.7175682807793788 
28 125 14 0.6711315001432192 0.7175682807793788 0.7175682807793788 
29 268 17 0.6711996705770515 0.7175682807793788 0.7175682807793788 
0 2751 121 0.40931459865043607 0.47448501428442136 0.47448501428442136 
1 610 73 0.4239242751673145 0.47015086817089263 0.47448501428442136 
2 464 62 0.4339698797247184 0.4669751780095438 0.47448501428442136 
3 347 58 0.4426197661275101 0.4780187253285101 0.4780187253285101 
4 358 52 0.44810594665566333 0.49237099957817076 0.49237099957817076 
5 399 54 0.45052201067297737 0.49237099957817076 0.49237099957817076 
6 232 46 0.4557342555733323 0.49631168443199286 0.49631168443199286 
7 232 44 0.4601698466749884 0.5017304331778265 0.5017304331778265 
8 259 44 0.4647480350149312 0.49688932205317293 0.5017304331778265 
9 147 43 0.4703856190988749 0.5134506512106014 0.5134506512106014 
10 471 49 0.4725032660408049 0.5394028301408382 0.5394028301408382 
11 278 40 0.4810665346486552 0.5401518920376522 0.5401518920376522 
12 333 42 0.484553511523693 0.5297409306908608 0.5401518920376522 
13 311 44 0.48784984890440475 0.537831251746758 0.5401518920376522 
14 199 35 0.49738487220987915 0.5439982622174795 0.5439982622174795 
15 123 43 0.5026695411711484 0.5711913922572892 0.5711913922572892 
16 153 38 0.5075614707607923 0.5724961810074036 0.5724961810074036 
17 269 35 0.5176226290261989 0.5735600809687513 0.5735600809687513 
18 199 38 0.5233126330045454 0.5735600809687513 0.5735600809687513 
19 239 38 0.5254772336239822 0.5961110656027859 0.5961110656027859 
20 327 39 0.5312734204161735 0.5961110656027859 0.5961110656027859 
21 191 36 0.5390498647563898 0.5985763252109028 0.5985763252109028 
22 294 37 0.5442907796120743 0.6066944333335428 0.6066944333335428 
23 211 36 0.5506395447788852 0.6324005035220349 0.6324005035220349 
24 235 34 0.5610316077089275 0.6358097678687993 0.6358097678687993 
25 330 39 0.565898082519091 0.6358097678687993 0.6358097678687993 
26 227 32 0.5754364202908718 0.6358097678687993 0.6358097678687993 
27 254 36 0.5800696172805627 0.6521512136858606 0.6521512136858606 
28 172 30 0.5908819869684404 0.6442709553781891 0.6521512136858606 
29 308 33 0.590227814878374 0.6640063109090922 0.6640063109090922 
digraph tree { 301470856 [label="Sequence"]; 301470856 -> 1638372110 [dir=back]; 1638372110 [label="startNode"]; 301470856 -> 1626000319 [dir=back]; 1626000319 [label="Parallel"]; 1626000319 -> 921101727 [dir=back]; 921101727 [label="Sequence"]; 921101727 -> 1735125919 [dir=back]; 1735125919 [label="serv2015850384"]; 921101727 -> 982068127 [dir=back]; 982068127 [label="Sequence"]; 982068127 -> 210282562 [dir=back]; 210282562 [label="serv2083644073"]; 982068127 -> 222522961 [dir=back]; 222522961 [label="Sequence"]; 222522961 -> 902585205 [dir=back]; 902585205 [label="serv698276463"]; 222522961 -> 1181375360 [dir=back]; 1181375360 [label="endNode"]; 1626000319 -> 258548151 [dir=back]; 258548151 [label="Sequence"]; 258548151 -> 432990189 [dir=back]; 432990189 [label="serv1667050675"]; 258548151 -> 1317929042 [dir=back]; 1317929042 [label="Sequence"]; 1317929042 -> 1512891480 [dir=back]; 1512891480 [label="serv628844230"]; 1317929042 -> 479072819 [dir=back]; 479072819 [label="Sequence"]; 479072819 -> 1913749440 [dir=back]; 1913749440 [label="serv2083644073"]; 479072819 -> 1285782848 [dir=back]; 1285782848 [label="Sequence"]; 1285782848 -> 1905282728 [dir=back]; 1905282728 [label="serv698276463"]; 1285782848 -> 493077795 [dir=back]; 493077795 [label="endNode"]; }

0 2582 114 0.41565212300353516 0.4791214267537637 0.4791214267537637 
1 475 70 0.4298763710730124 0.4804267446997066 0.4804267446997066 
2 433 60 0.43842111674667517 0.4804267446997066 0.4804267446997066 
3 407 61 0.44329225379921233 0.48410841840505225 0.48410841840505225 
4 287 64 0.44864056617807224 0.4960620292211644 0.4960620292211644 
5 284 52 0.4540180433733915 0.4839972748453138 0.4960620292211644 
6 294 55 0.4572714659697703 0.49389683452899624 0.4960620292211644 
7 242 60 0.4585797167976397 0.5027260094240182 0.5027260094240182 
8 289 47 0.4671426081652431 0.5661190702184367 0.5661190702184367 
9 269 46 0.4725527514846862 0.5856667896611756 0.5856667896611756 
10 270 41 0.4817582062365855 0.5831553026311339 0.5856667896611756 
11 154 40 0.4876934819123966 0.5644508970829784 0.5856667896611756 
12 239 39 0.49362309649743474 0.5972411702960911 0.5972411702960911 
13 187 37 0.501684590442132 0.5972411702960911 0.5972411702960911 
14 193 38 0.5116847827716553 0.5972411702960911 0.5972411702960911 
15 295 36 0.521268614140807 0.6318258679154567 0.6318258679154567 
16 298 35 0.5382611080418933 0.6598713835976912 0.6598713835976912 
17 243 36 0.5506363251854622 0.6365026358534672 0.6598713835976912 
18 78 25 0.5709480194036228 0.6802835319378836 0.6802835319378836 
19 229 27 0.5805043252230481 0.7183890722309239 0.7183890722309239 
20 192 25 0.5957755648082242 0.7183890722309239 0.7183890722309239 
21 281 27 0.6066402835522067 0.7196711235129751 0.7196711235129751 
22 209 20 0.625981007149785 0.7191827230245746 0.7196711235129751 
23 233 20 0.6408364795659698 0.7532105008023524 0.7532105008023524 
24 285 24 0.6472555899419504 0.7532105008023524 0.7532105008023524 
25 289 24 0.6598808588860489 0.7532105008023524 0.7532105008023524 
26 97 19 0.6851258731947846 0.7532105008023524 0.7532105008023524 
27 250 19 0.690521855718861 0.7532105008023524 0.7532105008023524 
28 348 22 0.6952160384154525 0.7532105008023524 0.7532105008023524 
29 371 26 0.7015948236730574 0.7532105008023524 0.7532105008023524 
0 2447 114 0.41678991029239 0.48337448983288556 0.48337448983288556 
1 563 68 0.43067942032121026 0.47371590725026574 0.48337448983288556 
2 349 57 0.44101775649299674 0.4707439516191274 0.48337448983288556 
3 452 52 0.4470537582658264 0.47736420835008975 0.48337448983288556 
4 273 53 0.45383302025903866 0.4790996727132544 0.48337448983288556 
5 267 39 0.4572747290600689 0.48660034285066855 0.48660034285066855 
6 463 48 0.457830791369822 0.5011574715182816 0.5011574715182816 
7 340 43 0.46284307801050995 0.49639119887993977 0.5011574715182816 
8 323 42 0.4667460850252403 0.5079474736841035 0.5079474736841035 
9 312 45 0.472317849854625 0.528916176493021 0.528916176493021 
10 310 41 0.4779034539597739 0.528916176493021 0.528916176493021 
11 300 37 0.4824806888700595 0.542802393464717 0.542802393464717 
12 272 34 0.4888807687457928 0.542802393464717 0.542802393464717 
13 245 34 0.4955650368230988 0.542802393464717 0.542802393464717 
14 228 33 0.503206063467582 0.5413865318058497 0.542802393464717 
15 364 37 0.504351029249839 0.5822651886989967 0.5822651886989967 
16 303 32 0.5125552853534677 0.5822651886989967 0.5822651886989967 
17 355 35 0.518626395081482 0.5765643830427244 0.5822651886989967 
18 340 38 0.5257900025123176 0.5765643830427244 0.5822651886989967 
19 243 34 0.5342173230319222 0.5765643830427244 0.5822651886989967 
20 217 30 0.5446650532431605 0.5788224953008366 0.5822651886989967 
21 298 33 0.5472810614082195 0.5798463490600058 0.5822651886989967 
22 283 31 0.5556626699575241 0.5816358695574411 0.5822651886989967 
23 311 33 0.5565586532377641 0.5816358695574411 0.5822651886989967 
24 314 30 0.5635784363791636 0.6011646318401944 0.6011646318401944 
25 312 36 0.5630091812521034 0.6107922922365339 0.6107922922365339 
26 459 36 0.5615351796411802 0.6107922922365339 0.6107922922365339 
27 385 34 0.568931181856263 0.6107922922365339 0.6107922922365339 
28 294 46 0.5729908345261786 0.6112427945715462 0.6112427945715462 
29 292 38 0.5777217634478674 0.6122812815475331 0.6122812815475331 
0 2509 115 0.41827048428775737 0.4744238731799367 0.4744238731799367 
1 536 75 0.42966614327584574 0.4758565366120946 0.4758565366120946 
2 355 64 0.4386693912066725 0.48015390365875055 0.48015390365875055 
3 347 63 0.447020797649508 0.48015390365875055 0.48015390365875055 
4 263 50 0.45240381611424824 0.49348358469300435 0.49348358469300435 
5 182 42 0.4593090822913745 0.4872766352308107 0.49348358469300435 
6 247 37 0.4640415494258911 0.4993916883886457 0.4993916883886457 
7 268 38 0.4671951143361213 0.509710688715102 0.509710688715102 
8 330 36 0.47302703435726945 0.5126202939009359 0.5126202939009359 
9 230 33 0.47934552169590006 0.5498228591458982 0.5498228591458982 
10 234 34 0.48506330996526276 0.5461548415420285 0.5498228591458982 
11 218 32 0.49474240772079603 0.5743706606148673 0.5743706606148673 
12 230 31 0.5036418020896563 0.6448459167801518 0.6448459167801518 
13 294 35 0.5156533417133037 0.6490209084551435 0.6490209084551435 
14 213 25 0.5320851781054821 0.6543887548944185 0.6543887548944185 
15 392 35 0.5398550896813528 0.6543887548944185 0.6543887548944185 
16 228 24 0.5649681388763379 0.7101975123724654 0.7101975123724654 
17 333 29 0.5733008004246031 0.7101975123724654 0.7101975123724654 
18 340 26 0.5903503770148993 0.7435811104534436 0.7435811104534436 
19 220 19 0.6063527793831692 0.7435811104534436 0.7435811104534436 
20 257 22 0.6220689799650923 0.7474833834801184 0.7474833834801184 
21 210 21 0.6415614169469493 0.7486761372515848 0.7486761372515848 
22 265 25 0.6544632992332076 0.7486761372515848 0.7486761372515848 
23 246 22 0.6657572854127386 0.7486761372515848 0.7486761372515848 
24 238 19 0.6825662991823106 0.7486761372515848 0.7486761372515848 
25 250 19 0.7000515180075879 0.752093832074936 0.752093832074936 
26 200 21 0.7105190649837809 0.752093832074936 0.752093832074936 
27 248 22 0.7140412167748813 0.752093832074936 0.752093832074936 
28 166 19 0.7273693268535665 0.752093832074936 0.752093832074936 
29 249 16 0.7268878062771492 0.752093832074936 0.752093832074936 
0 2479 114 0.4151516226609119 0.48204152550296264 0.48204152550296264 
1 482 66 0.4325689016721545 0.5164519215094473 0.5164519215094473 
2 405 54 0.4433178388708125 0.5028729790740998 0.5164519215094473 
3 413 57 0.4472410298068552 0.5028729790740998 0.5164519215094473 
4 304 48 0.45446792388652496 0.5038473238430874 0.5164519215094473 
5 349 49 0.45887923264379216 0.5138205125032842 0.5164519215094473 
6 268 47 0.46271821091982146 0.5138205125032842 0.5164519215094473 
7 282 48 0.46753727268032536 0.5138205125032842 0.5164519215094473 
8 121 44 0.4770718345815886 0.5186239175382347 0.5186239175382347 
9 261 50 0.4796245423920615 0.5239420945444556 0.5239420945444556 
10 169 44 0.48992047490413376 0.5322340706724353 0.5322340706724353 
11 118 47 0.496339143624198 0.544096750294854 0.544096750294854 
12 295 50 0.4988226742193961 0.54855827628968 0.54855827628968 
13 358 54 0.5042653837869957 0.5662080901261165 0.5662080901261165 
14 246 47 0.5100192682276827 0.5655815075605535 0.5662080901261165 
15 255 53 0.5128134181918204 0.5669142501791149 0.5669142501791149 
16 223 46 0.5222356049040228 0.5669142501791149 0.5669142501791149 
17 242 44 0.5287965363623532 0.5988872960509514 0.5988872960509514 
18 232 43 0.5356480848457426 0.6229703371366431 0.6229703371366431 
19 265 44 0.5446349376720747 0.6260066940344344 0.6260066940344344 
20 289 46 0.5545745159344745 0.6260066940344344 0.6260066940344344 
21 324 42 0.5613661183236013 0.630578066132906 0.630578066132906 
22 270 40 0.574711580337283 0.630578066132906 0.630578066132906 
23 284 39 0.5882098142505451 0.6313986913024895 0.6313986913024895 
24 224 33 0.6011595869149624 0.6313986913024895 0.6313986913024895 
25 183 29 0.6077042386570857 0.6735359654384616 0.6735359654384616 
26 201 33 0.6117543842291218 0.6743185162210124 0.6743185162210124 
27 308 33 0.6133383899922158 0.6739663683688645 0.6743185162210124 
28 243 31 0.6154943774293177 0.6743185162210124 0.6743185162210124 
29 165 28 0.6235898007881779 0.7326552895804163 0.7326552895804163 
0 2747 124 0.4158480412290636 0.47540750022279554 0.47540750022279554 
1 647 82 0.4284981910570901 0.47540750022279554 0.47540750022279554 
2 397 64 0.43990777194868996 0.47540750022279554 0.47540750022279554 
3 303 59 0.44738165135466934 0.4765503019678249 0.4765503019678249 
4 242 56 0.4552142236787106 0.49577278902515076 0.49577278902515076 
5 238 47 0.4588032137038458 0.49558425889330227 0.49577278902515076 
6 278 49 0.46071154894118643 0.5151556851729295 0.5151556851729295 
7 250 45 0.4655868276582198 0.5225101525501992 0.5225101525501992 
8 239 44 0.4693183247685731 0.530319279230945 0.530319279230945 
9 298 40 0.4760087338707185 0.5418702495005718 0.5418702495005718 
10 197 33 0.4855021279293769 0.5318188753178238 0.5418702495005718 
11 227 29 0.4916480463723863 0.5599233542101707 0.5599233542101707 
12 292 27 0.5012478317767666 0.5472546290605321 0.5599233542101707 
13 236 25 0.5104125372038542 0.5527966063060953 0.5599233542101707 
14 178 24 0.5186152215000086 0.5782684441759807 0.5782684441759807 
15 233 22 0.5283150673865227 0.6162048386561652 0.6162048386561652 
16 168 21 0.5365490244777561 0.6179581142267483 0.6179581142267483 
17 192 21 0.54615482799665 0.6586978659090424 0.6586978659090424 
18 317 29 0.5530891790452881 0.6586978659090424 0.6586978659090424 
19 241 23 0.5740450852290013 0.6861309724437115 0.6861309724437115 
20 310 25 0.5912941462002359 0.7167128327130717 0.7167128327130717 
21 219 26 0.6091031771512244 0.7170495330497721 0.7170495330497721 
22 236 25 0.6192420715083304 0.716918552335464 0.7170495330497721 
23 275 27 0.6346543997976937 0.716918552335464 0.7170495330497721 
24 305 25 0.644258157945938 0.716918552335464 0.7170495330497721 
25 318 22 0.6535593141159971 0.7176129967799084 0.7176129967799084 
26 232 24 0.6679666700606911 0.7176129967799084 0.7176129967799084 
27 289 18 0.6876248211560794 0.718029663446575 0.718029663446575 
28 246 19 0.6967713039800522 0.718029663446575 0.718029663446575 
29 222 17 0.7000403108927741 0.7181811785980903 0.7181811785980903 
0 2932 131 0.41344047757114916 0.4819314917227345 0.4819314917227345 
1 481 81 0.4299632071802197 0.4759528435288976 0.4819314917227345 
2 497 76 0.439445210427642 0.4748173644246685 0.4819314917227345 
3 406 68 0.44544404294138373 0.48113209443393157 0.4819314917227345 
4 241 64 0.44903483714831954 0.48113209443393157 0.4819314917227345 
5 396 59 0.45251161385848815 0.4853872912219175 0.4853872912219175 
6 403 60 0.45350193670517064 0.4853872912219175 0.4853872912219175 
7 293 50 0.45980119180739526 0.4831694857141711 0.4853872912219175 
8 274 47 0.4633868097331111 0.4916235307153657 0.4916235307153657 
9 215 44 0.465917390590296 0.4952310168772259 0.4952310168772259 
10 266 43 0.47108171719590564 0.5083115345971632 0.5083115345971632 
11 334 42 0.47482409301253997 0.5104517896608207 0.5104517896608207 
12 542 50 0.4758346782250768 0.5289502772054946 0.5289502772054946 
13 390 43 0.48345509505361933 0.5275059177642483 0.5289502772054946 
14 312 45 0.48833887284641003 0.5729270289542749 0.5729270289542749 
15 311 33 0.49991072327788144 0.5533429452935802 0.5729270289542749 
16 204 35 0.5051406485977951 0.5649876220204321 0.5729270289542749 
17 243 34 0.5112864587338437 0.5988570441024297 0.5988570441024297 
18 152 31 0.5220461125564829 0.5965561111651505 0.5988570441024297 
19 312 36 0.5254076115103044 0.6146932451192948 0.6146932451192948 
20 314 35 0.5324853516310307 0.6146932451192948 0.6146932451192948 
21 304 33 0.5442484504455267 0.6146932451192948 0.6146932451192948 
22 282 33 0.5533217843620044 0.6635166977240573 0.6635166977240573 
23 169 29 0.5679892392234591 0.6483740093420512 0.6635166977240573 
24 220 31 0.5744832824978758 0.6501071667113225 0.6635166977240573 
25 375 34 0.5789750993368492 0.6501071667113225 0.6635166977240573 
26 316 31 0.586325381180194 0.6501071667113225 0.6635166977240573 
27 330 35 0.5946628700976114 0.6513395395306977 0.6635166977240573 
28 291 32 0.6027188669944048 0.681446131086048 0.681446131086048 
29 258 35 0.608979712679406 0.6513395395306977 0.681446131086048 
0 2814 132 0.4134562922948347 0.49061848710681655 0.49061848710681655 
1 710 75 0.42748472988672814 0.5081940058893789 0.5081940058893789 
2 372 55 0.44191293099196427 0.509519565568304 0.509519565568304 
3 394 56 0.4464121118290034 0.49976571237059075 0.509519565568304 
4 433 54 0.45217828179860253 0.509519565568304 0.509519565568304 
5 337 47 0.4589953624554972 0.5123831882262846 0.5123831882262846 
6 238 40 0.469003958286721 0.514704277330715 0.514704277330715 
7 289 39 0.4750702654936017 0.5892758402748781 0.5892758402748781 
8 210 34 0.48554804741012736 0.588417431007378 0.5892758402748781 
9 173 29 0.4955783865789127 0.5602975334499141 0.5892758402748781 
10 221 31 0.5037407929146519 0.5730385187032995 0.5892758402748781 
11 207 32 0.5120038709928673 0.5730385187032995 0.5892758402748781 
12 202 29 0.5241366475707148 0.607653173145392 0.607653173145392 
13 227 29 0.535529418310769 0.6581587115745484 0.6581587115745484 
14 262 30 0.540646851754618 0.6140570489539414 0.6581587115745484 
15 130 24 0.5580786616582526 0.634342848036312 0.6581587115745484 
16 301 25 0.5671583781901638 0.6219761865980782 0.6581587115745484 
17 259 25 0.5784550134981788 0.6629958387331042 0.6629958387331042 
18 300 25 0.5886511795819921 0.7031625762520943 0.7031625762520943 
19 306 25 0.5970892293960689 0.6778068307418219 0.7031625762520943 
20 223 19 0.6153825873386564 0.6936620011823228 0.7031625762520943 
21 160 20 0.631279061175641 0.7234145031446462 0.7234145031446462 
22 230 18 0.6345261695042488 0.7234145031446462 0.7234145031446462 
23 330 24 0.6305814496585588 0.7234145031446462 0.7234145031446462 
24 198 19 0.6465371647661161 0.7234145031446462 0.7234145031446462 
25 204 18 0.6618705934764431 0.7358739187290617 0.7358739187290617 
26 382 21 0.6619556482267448 0.7577895031446462 0.7577895031446462 
27 261 21 0.6721004032373676 0.7577895031446462 0.7577895031446462 
28 203 23 0.6866751054396022 0.7894874489255493 0.7894874489255493 
29 199 17 0.6939059309244757 0.7894874489255493 0.7894874489255493 
0 2619 117 0.41280106946505923 0.48137705636855677 0.48137705636855677 
1 600 71 0.4319304401297424 0.5153229231958029 0.5153229231958029 
2 291 52 0.44599112989598944 0.5153229231958029 0.5153229231958029 
3 392 53 0.4523080256916717 0.5153229231958029 0.5153229231958029 
4 220 44 0.46254999842004113 0.5158925560737031 0.5158925560737031 
5 303 46 0.46882329086924535 0.5153229231958029 0.5158925560737031 
6 429 49 0.47391638372270223 0.5153229231958029 0.5158925560737031 
7 184 44 0.48334373419981497 0.5171625771719993 0.5171625771719993 
8 286 44 0.48928961025337875 0.5247570659006076 0.5247570659006076 
9 242 44 0.49497591790982914 0.5360249349148888 0.5360249349148888 
10 274 47 0.4976494588542079 0.5360249349148888 0.5360249349148888 
11 316 48 0.4994461582092523 0.5660911592291957 0.5660911592291957 
12 219 38 0.5091997253458086 0.5721560530949691 0.5721560530949691 
13 241 42 0.5142790643962981 0.5919301792405789 0.5919301792405789 
14 304 42 0.5216614397706072 0.5946349201793502 0.5946349201793502 
15 213 41 0.5299040554737418 0.5946349201793502 0.5946349201793502 
16 227 43 0.5353737939632971 0.6054800886175021 0.6054800886175021 
17 137 32 0.5519447456385279 0.6074167019380441 0.6074167019380441 
18 220 34 0.5600573161578409 0.6074167019380441 0.6074167019380441 
19 343 40 0.5630999463225501 0.6240124659257302 0.6240124659257302 
20 226 33 0.576608391195906 0.6216657936385818 0.6240124659257302 
21 201 31 0.5819875419995414 0.6126781736506828 0.6240124659257302 
22 283 29 0.5813110145772847 0.6154510518141859 0.6240124659257302 
23 198 27 0.5900793340893923 0.6519386743436261 0.6519386743436261 
24 236 29 0.5912173101224789 0.6519386743436261 0.6519386743436261 
25 249 27 0.5959043844330437 0.6519386743436261 0.6519386743436261 
26 222 28 0.5967341133606328 0.6529551578601096 0.6529551578601096 
27 216 28 0.5978543899849766 0.6529551578601096 0.6529551578601096 
28 134 25 0.6071692616678038 0.6528098356085167 0.6529551578601096 
29 175 29 0.6080505900482621 0.6796879247814644 0.6796879247814644 
0 2653 106 0.4152970593895388 0.47959639968197076 0.47959639968197076 
1 615 71 0.42778883551211705 0.473733376768456 0.47959639968197076 
2 313 56 0.43782251207886635 0.46833663303554895 0.47959639968197076 
3 288 57 0.4446838309117881 0.4696661309646192 0.47959639968197076 
4 268 47 0.44962235895521524 0.47621553854394827 0.47959639968197076 
5 343 46 0.45440753841130727 0.5028728296333007 0.5028728296333007 
6 340 50 0.4566649616832082 0.5028728296333007 0.5028728296333007 
7 265 46 0.4607966791984211 0.5028728296333007 0.5028728296333007 
8 271 45 0.46501554095738146 0.52137236306675 0.52137236306675 
9 219 45 0.46934975373916166 0.5263152558475216 0.5263152558475216 
10 289 41 0.47443162866067423 0.5330497494948138 0.5330497494948138 
11 259 44 0.4789563842289535 0.5682976877611994 0.5682976877611994 
12 310 45 0.4839841743064068 0.5662641704592064 0.5682976877611994 
13 246 35 0.4969204505215169 0.5889159557489312 0.5889159557489312 
14 269 37 0.5043477390297157 0.5862302018628193 0.5889159557489312 
15 178 26 0.518408273077839 0.6169886449345303 0.6169886449345303 
16 193 23 0.5318987993692322 0.618406435746003 0.618406435746003 
17 174 21 0.5491788457313823 0.6575756376288279 0.6575756376288279 
18 108 19 0.5652760240470819 0.7080225849528454 0.7080225849528454 
19 264 21 0.5789375603998966 0.7038559182861787 0.7080225849528454 
20 350 28 0.5890037986235581 0.7071892516195121 0.7080225849528454 
21 342 29 0.6014183672277956 0.7118736607061369 0.7118736607061369 
22 235 24 0.6223302636415401 0.7118736607061369 0.7118736607061369 
23 178 21 0.6433229965934845 0.7080225849528454 0.7118736607061369 
24 193 23 0.6526619958759263 0.7086178230480835 0.7118736607061369 
25 267 24 0.6660521640390015 0.7118736607061369 0.7118736607061369 
26 220 23 0.6740023215210843 0.7133022321347083 0.7133022321347083 
27 207 23 0.6832882834849496 0.7133022321347083 0.7133022321347083 
28 237 22 0.6837509789742812 0.713748660706137 0.713748660706137 
29 187 21 0.6922786123620271 0.713748660706137 0.713748660706137 
0 2562 117 0.4119208991306206 0.4873841783531111 0.4873841783531111 
1 464 64 0.4291114839156397 0.4904622729753355 0.4904622729753355 
2 491 58 0.4378043095839802 0.4881564715361185 0.4904622729753355 
3 349 44 0.4465380605442018 0.4870377886317214 0.4904622729753355 
4 273 55 0.4531883637878451 0.4870377886317214 0.4904622729753355 
5 290 42 0.4571682926808775 0.4960270174327931 0.4960270174327931 
6 463 39 0.4623024783048507 0.5201849148449378 0.5201849148449378 
7 292 36 0.46794325604021336 0.5201849148449378 0.5201849148449378 
8 254 33 0.47377387877286753 0.5201849148449378 0.5201849148449378 
9 305 29 0.47983758802143534 0.528828642417497 0.528828642417497 
10 280 26 0.48551369096349745 0.5266827428150561 0.528828642417497 
11 210 23 0.49526008696707263 0.5603841860050086 0.5603841860050086 
12 357 29 0.5025003803163868 0.6063712091195429 0.6063712091195429 
13 153 21 0.5151571135952431 0.6063712091195429 0.6063712091195429 
14 209 21 0.5247134166970779 0.6230710505420998 0.6230710505420998 
15 332 22 0.5338975193191352 0.6248223746148525 0.6248223746148525 
16 229 28 0.5448824958511626 0.6382706776139366 0.6382706776139366 
17 220 18 0.559408299133397 0.6450544382481438 0.6450544382481438 
18 299 23 0.5657886435457834 0.646478708422414 0.646478708422414 
19 446 22 0.5795926818883818 0.6626711097710652 0.6626711097710652 
20 262 20 0.5910734057010294 0.6635424028298583 0.6635424028298583 
21 197 16 0.6064625496754031 0.679879653542109 0.679879653542109 
22 105 15 0.6207742752984011 0.679243079468035 0.679879653542109 
23 329 19 0.6221176957253207 0.679879653542109 0.679879653542109 
24 287 17 0.6310708754731266 0.679879653542109 0.679879653542109 
25 234 19 0.6380802721825298 0.679879653542109 0.679879653542109 
26 240 17 0.6440418204047609 0.679879653542109 0.679879653542109 
27 137 14 0.6556738419773681 0.679879653542109 0.679879653542109 
28 345 23 0.6513409130923281 0.6803889128013683 0.6803889128013683 
29 341 18 0.6548841098974187 0.6803889128013683 0.6803889128013683 
0 2792 135 0.41097324336734475 0.4941989052925694 0.4941989052925694 
1 619 74 0.4288942932932316 0.4941989052925694 0.4941989052925694 
2 327 62 0.4383748678422093 0.4941989052925694 0.4941989052925694 
3 319 55 0.44591775008931217 0.4837672061592274 0.4941989052925694 
4 334 65 0.45087246953145466 0.48483722772307086 0.4941989052925694 
5 367 59 0.45227650361958693 0.48483788624033447 0.4941989052925694 
6 306 54 0.45719554131306395 0.4910261975079865 0.4941989052925694 
7 252 50 0.46386800267450334 0.49728884545395957 0.49728884545395957 
8 396 54 0.46289826447232857 0.5026148208692406 0.5026148208692406 
9 269 43 0.47127594305426734 0.5219399312571916 0.5219399312571916 
10 370 45 0.4753786425143989 0.558795498748266 0.558795498748266 
11 191 39 0.48588361528565294 0.5617439970092641 0.5617439970092641 
12 254 37 0.4943030841315869 0.5702505471539979 0.5702505471539979 
13 199 31 0.5038619758893069 0.5923098955927408 0.5923098955927408 
14 414 44 0.5047864876204394 0.5964357321404524 0.5964357321404524 
15 227 30 0.5182703183894655 0.5890092263545716 0.5964357321404524 
16 246 28 0.5295316067395724 0.5894969135805401 0.5964357321404524 
17 236 29 0.5354882702733575 0.6049919665640888 0.6049919665640888 
18 157 19 0.5510259395401724 0.6306813801556317 0.6306813801556317 
19 356 28 0.5523868667729267 0.6306813801556317 0.6306813801556317 
20 156 20 0.5657564414387326 0.6241844265883656 0.6306813801556317 
21 279 21 0.5697308689503924 0.6241844265883656 0.6306813801556317 
22 214 23 0.5762818364875835 0.6475511268523872 0.6475511268523872 
23 188 21 0.580768217520148 0.6756968096767906 0.6756968096767906 
24 217 23 0.5859922498758524 0.6511728027954918 0.6756968096767906 
25 191 20 0.596044062885823 0.6658237768214659 0.6756968096767906 
26 211 27 0.5983615223116989 0.6863911269336078 0.6863911269336078 
27 177 20 0.6099617999534704 0.690227944082776 0.690227944082776 
28 214 21 0.6171842462717835 0.690870604993294 0.690870604993294 
29 215 23 0.625359652586742 0.690870604993294 0.690870604993294 
0 2730 119 0.41293441555410054 0.47467327929656156 0.47467327929656156 
1 643 77 0.4253329826547139 0.47434763446130535 0.47467327929656156 
2 293 66 0.43494461569619575 0.47434763446130535 0.47467327929656156 
3 468 61 0.44059215715971556 0.47234813656336994 0.47467327929656156 
4 408 52 0.4461904519575757 0.4807194812625839 0.4807194812625839 
5 475 53 0.4505410268184326 0.4822876438871355 0.4822876438871355 
6 333 48 0.4550897721300121 0.4881626336056639 0.4881626336056639 
7 250 50 0.45891936556998125 0.4881626336056639 0.4881626336056639 
8 275 47 0.46273362364013926 0.4881626336056639 0.4881626336056639 
9 326 44 0.4658632109840214 0.4967347977181503 0.4967347977181503 
10 478 51 0.46768314175671705 0.5054122724618622 0.5054122724618622 
11 392 43 0.4743352416134665 0.5109772104545206 0.5109772104545206 
12 338 41 0.47859416860599 0.5070487658474904 0.5109772104545206 
13 386 38 0.4838461395672121 0.5351020825713361 0.5351020825713361 
14 461 36 0.48782091449335324 0.5351020825713361 0.5351020825713361 
15 282 31 0.4950505709184225 0.548944198390991 0.548944198390991 
16 278 32 0.4997428047261685 0.5373979579922115 0.548944198390991 
17 208 31 0.5075056003808348 0.5481340132058058 0.548944198390991 
18 351 36 0.5102382151543899 0.5496386428354354 0.5496386428354354 
19 323 34 0.5165307963633371 0.5496386428354354 0.5496386428354354 
20 326 34 0.521429288585998 0.5508297131879587 0.5508297131879587 
21 209 30 0.5305300730687226 0.5656790639033265 0.5656790639033265 
22 194 29 0.5335812388987565 0.5663941131972168 0.5663941131972168 
23 154 28 0.5391594621349359 0.5849081275398106 0.5849081275398106 
24 227 30 0.5417487996204584 0.5856279943859986 0.5856279943859986 
25 90 28 0.5502437347773135 0.586303375649615 0.586303375649615 
26 112 28 0.5567682181289326 0.5864370917986867 0.5864370917986867 
27 123 28 0.5616724127070313 0.5864370917986867 0.5864370917986867 
28 227 32 0.563905885573303 0.587177817710652 0.587177817710652 
29 162 29 0.5728818559754568 0.5874944026779723 0.5874944026779723 
0 2623 126 0.41396359470497457 0.47558247238185625 0.47558247238185625 
1 465 65 0.4302980451708159 0.4777919459148592 0.4777919459148592 
2 358 51 0.4428994558597173 0.48415847032612613 0.48415847032612613 
3 529 56 0.44715446752319443 0.4731081561964996 0.48415847032612613 
4 369 53 0.45359017240876726 0.4799344617726708 0.48415847032612613 
5 366 57 0.4544700891627512 0.49887518559967814 0.49887518559967814 
6 284 50 0.4607560630902268 0.5003542913612842 0.5003542913612842 
7 389 52 0.4641430737015871 0.5087147863123137 0.5087147863123137 
8 235 42 0.47242082881195757 0.5356477441423177 0.5356477441423177 
9 390 48 0.4750408429026746 0.5356477441423177 0.5356477441423177 
10 299 47 0.4848038994822658 0.573206133944292 0.573206133944292 
11 283 53 0.49142188042724155 0.573206133944292 0.573206133944292 
12 356 47 0.5019177200655771 0.608842300407572 0.608842300407572 
13 212 39 0.518667952491051 0.6088423004075719 0.608842300407572 
14 233 41 0.5236118174548801 0.6088423004075719 0.608842300407572 
15 293 43 0.5327761294245917 0.606818973925807 0.608842300407572 
16 279 36 0.5425064136894374 0.6088423004075719 0.608842300407572 
17 321 40 0.5522948116663523 0.608842300407572 0.608842300407572 
18 301 42 0.56094016339669 0.7953405524757042 0.7953405524757042 
19 286 39 0.5714763266540936 0.7285854586112352 0.7953405524757042 
20 312 35 0.5852754493961677 0.7649090048566566 0.7953405524757042 
21 234 32 0.5991354520638267 0.7649090048566566 0.7953405524757042 
22 200 34 0.615786164657472 0.7649090048566566 0.7953405524757042 
23 278 26 0.6352357642610043 0.7967294413645931 0.7967294413645931 
24 111 19 0.6599177422041282 0.7961738858090376 0.7967294413645931 
25 239 14 0.682935437289533 0.774854441364593 0.7967294413645931 
26 165 8 0.7101781275051856 0.7961738858090376 0.7967294413645931 
27 127 5 0.7219779155985145 0.7961738858090376 0.7967294413645931 
28 91 5 0.7291781214747022 0.7961738858090376 0.7967294413645931 
29 99 5 0.7405557855238682 0.7961738858090376 0.7967294413645931 
0 2614 113 0.41538215970071724 0.4901830225247238 0.4901830225247238 
1 592 74 0.4302714792885445 0.4901830225247238 0.4901830225247238 
2 361 57 0.44236005538331413 0.4996464511722043 0.4996464511722043 
3 347 55 0.45010718639790476 0.4901830225247238 0.4996464511722043 
4 241 49 0.45751595800807054 0.4901830225247238 0.4996464511722043 
5 304 53 0.4620881697545085 0.5129824874807981 0.5129824874807981 
6 232 45 0.4685510620740707 0.5154643606794278 0.5154643606794278 
7 255 42 0.47317190275378357 0.5268199757802825 0.5268199757802825 
8 150 36 0.4802587919800781 0.534589536773882 0.534589536773882 
9 259 36 0.48760178464102943 0.5395122383659774 0.5395122383659774 
10 241 33 0.49489867061448095 0.5582520192717313 0.5582520192717313 
11 204 30 0.5043017143176017 0.5729080505507134 0.5729080505507134 
12 287 33 0.5122471303248316 0.5922347435065567 0.5922347435065567 
13 224 29 0.5245061273607452 0.6074380491798331 0.6074380491798331 
14 225 31 0.5388094847673325 0.601970740473999 0.6074380491798331 
15 179 28 0.5514627626759935 0.6266206890233122 0.6266206890233122 
16 258 29 0.5618854174028433 0.6266206890233122 0.6266206890233122 
17 211 29 0.5753058470132657 0.6513098719600093 0.6513098719600093 
18 186 27 0.5840715604357984 0.6522209445372129 0.6522209445372129 
19 138 24 0.5942318044730017 0.6521650773606693 0.6522209445372129 
20 257 27 0.6009627906519149 0.6701851851577036 0.6701851851577036 
21 228 26 0.6100543222307826 0.6683588864564048 0.6701851851577036 
22 231 26 0.6221364333659004 0.7528494022862101 0.7528494022862101 
23 242 29 0.6277154385933441 0.7514208308576387 0.7528494022862101 
24 239 27 0.6374814652094908 0.7514208308576387 0.7528494022862101 
25 195 27 0.6472365515101985 0.7528494022862101 0.7528494022862101 
26 206 26 0.6597849104587064 0.7532958308576387 0.7532958308576387 
27 214 27 0.6718698336972647 0.7876708308576387 0.7876708308576387 
28 290 27 0.6734459696347515 0.7876708308576387 0.7876708308576387 
29 239 25 0.6878510836725461 0.7876708308576387 0.7876708308576387 