0 435 2 0.7979255323360404 0.9330258696994154 0.9330258696994154 
1 123 0 0.8400038674165987 0.9330258696994154 0.9330258696994154 
2 42 1 0.8725472464446551 0.9330258696994154 0.9330258696994154 
3 47 0 0.8965694237612329 0.9330258696994154 0.9330258696994154 
4 130 0 0.9073448095505156 0.9330258696994154 0.9330258696994154 
5 16 1 0.9116026279886205 0.9330258696994154 0.9330258696994154 
6 29 0 0.9209365656592116 0.9330258696994154 0.9330258696994154 
7 49 0 0.9204984367210407 0.9330258696994154 0.9330258696994154 
8 25 1 0.917294306203794 0.9330258696994154 0.9330258696994154 
9 15 1 0.9189150585840057 0.9330258696994154 0.9330258696994154 
10 47 0 0.9097981513352768 0.9330258696994154 0.9330258696994154 
11 25 0 0.9195469411391107 0.9330258696994154 0.9330258696994154 
12 24 3 0.9122511232279428 0.9330258696994154 0.9330258696994154 
13 34 0 0.9212878791597727 0.9330258696994154 0.9330258696994154 
14 10 0 0.9233624517389933 0.9330258696994154 0.9330258696994154 
15 19 0 0.9218715168413313 0.9330258696994154 0.9330258696994154 
16 33 0 0.9213223895610433 0.9330258696994154 0.9330258696994154 
17 100 0 0.9187637620918835 0.9330258696994154 0.9330258696994154 
18 23 0 0.9228606320984091 0.9330258696994154 0.9330258696994154 
19 66 0 0.9190906417780359 0.9330258696994154 0.9330258696994154 
20 6 0 0.9282254872125548 0.9330258696994154 0.9330258696994154 
21 63 0 0.9166083441870859 0.9330258696994154 0.9330258696994154 
22 162 0 0.9173403938397775 0.9330258696994154 0.9330258696994154 
23 29 0 0.9182620409153887 0.9330258696994154 0.9330258696994154 
24 40 0 0.9157788376423369 0.9330258696994154 0.9330258696994154 
25 14 1 0.9197793806225038 0.9330258696994154 0.9330258696994154 
26 21 0 0.9227871888011586 0.9330258696994154 0.9330258696994154 
27 41 0 0.9171989887717099 0.9330258696994154 0.9330258696994154 
28 20 1 0.9209400775771084 0.9330258696994154 0.9330258696994154 
29 53 0 0.917163095983047 0.9330258696994154 0.9330258696994154 
0 336 1 0.7965036370502233 0.9330258696994154 0.9330258696994154 
1 193 1 0.8323245960486999 0.9330258696994154 0.9330258696994154 
2 191 0 0.8669898465934187 0.9330258696994154 0.9330258696994154 
3 307 1 0.8912050527293925 0.9330258696994154 0.9330258696994154 
4 341 0 0.9102169057593096 0.9330258696994154 0.9330258696994154 
5 31 1 0.9204908273823892 0.9330258696994154 0.9330258696994154 
6 42 0 0.9116871484497904 0.9330258696994154 0.9330258696994154 
7 36 1 0.917314701726322 0.9330258696994154 0.9330258696994154 
8 96 0 0.9063324132379222 0.9330258696994154 0.9330258696994154 
9 25 1 0.9162272521611433 0.9330258696994154 0.9330258696994154 
10 18 0 0.9207724329236794 0.9330258696994154 0.9330258696994154 
11 51 1 0.9197127534846841 0.9330258696994154 0.9330258696994154 
12 36 2 0.915810332643837 0.9330258696994154 0.9330258696994154 
13 83 0 0.9190600521856852 0.9330258696994154 0.9330258696994154 
14 22 0 0.9199133787656258 0.9330258696994154 0.9330258696994154 
15 36 0 0.9163531860801507 0.9330258696994154 0.9330258696994154 
16 36 0 0.9157004042158234 0.9330258696994154 0.9330258696994154 
17 22 1 0.9210030392063508 0.9330258696994154 0.9330258696994154 
18 22 0 0.9208184307372824 0.9330258696994154 0.9330258696994154 
19 25 1 0.91840179290883 0.9330258696994154 0.9330258696994154 
20 23 0 0.922525161431013 0.9330258696994154 0.9330258696994154 
21 25 1 0.9208460232456889 0.9330258696994154 0.9330258696994154 
22 18 0 0.9196063572775743 0.9330258696994154 0.9330258696994154 
23 21 0 0.9158289357963412 0.9330258696994154 0.9330258696994154 
24 51 1 0.9145999458540642 0.9330258696994154 0.9330258696994154 
25 17 1 0.919979548338393 0.9330258696994154 0.9330258696994154 
26 14 0 0.9175587066843879 0.9330258696994154 0.9330258696994154 
27 26 0 0.9246950883449756 0.9330258696994154 0.9330258696994154 
28 28 0 0.923936764080878 0.9330258696994154 0.9330258696994154 
29 19 1 0.9213077005899961 0.9330258696994154 0.9330258696994154 
0 340 2 0.8034765176105134 0.9330258696994154 0.9330258696994154 
1 279 1 0.8399994021908591 0.9330258696994154 0.9330258696994154 
2 414 0 0.8670389818357126 0.9330258696994154 0.9330258696994154 
3 511 0 0.8908190349483628 0.9330258696994154 0.9330258696994154 
4 44 0 0.9091267649436703 0.9330258696994154 0.9330258696994154 
5 18 0 0.9169303568944122 0.9330258696994154 0.9330258696994154 
6 141 0 0.9088337120629661 0.9330258696994154 0.9330258696994154 
7 17 0 0.9166179779842416 0.9330258696994154 0.9330258696994154 
8 112 0 0.9137266660846296 0.9330258696994154 0.9330258696994154 
9 13 0 0.918855621191599 0.9330258696994154 0.9330258696994154 
10 14 0 0.9174401674209867 0.9330258696994154 0.9330258696994154 
11 14 0 0.9194419844330278 0.9330258696994154 0.9330258696994154 
12 24 2 0.9179694282448443 0.9330258696994154 0.9330258696994154 
13 43 1 0.9224562252917902 0.9330258696994154 0.9330258696994154 
14 13 0 0.9193509315269077 0.9330258696994154 0.9330258696994154 
15 23 0 0.912374275025507 0.9330258696994154 0.9330258696994154 
16 31 1 0.9151588859044769 0.9330258696994154 0.9330258696994154 
17 22 1 0.9171229383803532 0.9330258696994154 0.9330258696994154 
18 36 0 0.921297626642074 0.9330258696994154 0.9330258696994154 
19 33 0 0.9178374833262367 0.9330258696994154 0.9330258696994154 
20 68 0 0.914030807486234 0.9330258696994154 0.9330258696994154 
21 25 0 0.9154942350095656 0.9330258696994154 0.9330258696994154 
22 10 1 0.917443530984663 0.9330258696994154 0.9330258696994154 
23 7 0 0.9191937521843373 0.9330258696994154 0.9330258696994154 
24 24 0 0.9188113246175006 0.9330258696994154 0.9330258696994154 
25 19 1 0.9178243276630351 0.9330258696994154 0.9330258696994154 
26 37 0 0.910151836622694 0.9330258696994154 0.9330258696994154 
27 20 0 0.921890212934342 0.9330258696994154 0.9330258696994154 
28 25 0 0.920280928682925 0.9330258696994154 0.9330258696994154 
29 17 1 0.9218082846648988 0.9330258696994154 0.9330258696994154 
0 361 2 0.7940420228088265 0.9330258696994154 0.9330258696994154 
1 68 1 0.8398897893411772 0.9330258696994154 0.9330258696994154 
2 375 0 0.8780072388090158 0.9330258696994154 0.9330258696994154 
3 878 0 0.8960180298186292 0.9330258696994154 0.9330258696994154 
4 354 0 0.9037302806985532 0.9330258696994154 0.9330258696994154 
5 37 0 0.9207987740492217 0.9330258696994154 0.9330258696994154 
6 241 1 0.9134243212843436 0.9330258696994154 0.9330258696994154 
7 24 1 0.9166382268901517 0.9330258696994154 0.9330258696994154 
8 8 1 0.9175700334479534 0.9330258696994154 0.9330258696994154 
9 41 0 0.916093388749209 0.9330258696994154 0.9330258696994154 
10 27 0 0.9110875254279149 0.9330258696994154 0.9330258696994154 
11 10 0 0.9194055693227325 0.9330258696994154 0.9330258696994154 
12 5 2 0.9224027525629702 0.9330258696994154 0.9330258696994154 
13 24 0 0.9196151409430717 0.9330258696994154 0.9330258696994154 
14 37 0 0.9211051251393902 0.9330258696994154 0.9330258696994154 
15 60 0 0.9195599056892516 0.9330258696994154 0.9330258696994154 
16 6 0 0.9245828565351385 0.9330258696994154 0.9330258696994154 
17 48 0 0.9168242702187049 0.9330258696994154 0.9330258696994154 
18 13 1 0.9206872553026291 0.9330258696994154 0.9330258696994154 
19 9 1 0.9206707039170858 0.9330258696994154 0.9330258696994154 
20 35 0 0.916915017609202 0.9330258696994154 0.9330258696994154 
21 16 0 0.9202046184569785 0.9330258696994154 0.9330258696994154 
22 35 1 0.9207321072691912 0.9330258696994154 0.9330258696994154 
23 58 0 0.9218903743009365 0.9330258696994154 0.9330258696994154 
24 14 0 0.9214562367990392 0.9330258696994154 0.9330258696994154 
25 42 1 0.9175377064699564 0.9330258696994154 0.9330258696994154 
26 51 1 0.9236876504932016 0.9330258696994154 0.9330258696994154 
27 18 0 0.9218852476251804 0.9330258696994154 0.9330258696994154 
28 17 1 0.922034278438245 0.9330258696994154 0.9330258696994154 
29 37 0 0.9199077034997352 0.9330258696994154 0.9330258696994154 
0 267 1 0.7944186243818762 0.9330258696994154 0.9330258696994154 
1 289 0 0.8353417168728017 0.9330258696994154 0.9330258696994154 
2 701 0 0.8696216722900577 0.9330258696994154 0.9330258696994154 
3 99 0 0.8895049096954938 0.9330258696994154 0.9330258696994154 
4 34 0 0.9025847730897767 0.9330258696994154 0.9330258696994154 
5 26 0 0.9135028722971628 0.9330258696994154 0.9330258696994154 
6 36 0 0.9155237734208602 0.9330258696994154 0.9330258696994154 
7 24 0 0.9248091078706824 0.9330258696994154 0.9330258696994154 
8 15 0 0.9192823735408665 0.9330258696994154 0.9330258696994154 
9 14 0 0.9200810956164399 0.9330258696994154 0.9330258696994154 
10 13 0 0.9202253588402715 0.9330258696994154 0.9330258696994154 
11 33 0 0.9191520831452469 0.9330258696994154 0.9330258696994154 
12 32 2 0.9173033959365183 0.9330258696994154 0.9330258696994154 
13 78 1 0.9153508088860309 0.9330258696994154 0.9330258696994154 
14 22 0 0.9165299929087892 0.9330258696994154 0.9330258696994154 
15 23 1 0.9133138032626554 0.9330258696994154 0.9330258696994154 
16 54 0 0.9197948766654371 0.9330258696994154 0.9330258696994154 
17 15 0 0.9136060089045027 0.9330258696994154 0.9330258696994154 
18 15 0 0.9215790360115755 0.9330258696994154 0.9330258696994154 
19 11 0 0.9232336675676933 0.9330258696994154 0.9330258696994154 
20 59 0 0.9103567051971345 0.9330258696994154 0.9330258696994154 
21 39 0 0.9147044312704844 0.9330258696994154 0.9330258696994154 
22 40 1 0.9191267899357797 0.9330258696994154 0.9330258696994154 
23 71 0 0.918927205354361 0.9330258696994154 0.9330258696994154 
24 25 0 0.9196309098239902 0.9330258696994154 0.9330258696994154 
25 24 0 0.9157511083801237 0.9330258696994154 0.9330258696994154 
26 27 0 0.9164702515526506 0.9330258696994154 0.9330258696994154 
27 22 0 0.9215512783108195 0.9330258696994154 0.9330258696994154 
28 87 0 0.9143334021102042 0.9330258696994154 0.9330258696994154 
29 30 1 0.9111647653974082 0.9330258696994154 0.9330258696994154 
0 366 2 0.790152635714046 0.9330258696994154 0.9330258696994154 
1 133 0 0.8375611371202174 0.9330258696994154 0.9330258696994154 
2 255 1 0.8646807815801124 0.9330258696994154 0.9330258696994154 
3 110 0 0.9001620504603184 0.9330258696994154 0.9330258696994154 
4 37 0 0.9167805102683307 0.9330258696994154 0.9330258696994154 
5 137 0 0.9143939420235181 0.9330258696994154 0.9330258696994154 
6 54 0 0.9140553823141222 0.9330258696994154 0.9330258696994154 
7 39 0 0.9190544862455781 0.9330258696994154 0.9330258696994154 
8 11 1 0.9191449884252806 0.9330258696994154 0.9330258696994154 
9 58 0 0.9103110120613215 0.9330258696994154 0.9330258696994154 
10 12 0 0.9229314452213783 0.9330258696994154 0.9330258696994154 
11 16 1 0.9190372901778028 0.9330258696994154 0.9330258696994154 
12 10 2 0.9221721467416759 0.9330258696994154 0.9330258696994154 
13 20 0 0.9234135131951446 0.9330258696994154 0.9330258696994154 
14 12 0 0.9188966298654985 0.9330258696994154 0.9330258696994154 
15 70 0 0.9139563938874268 0.9330258696994154 0.9330258696994154 
16 43 0 0.9214399689843185 0.9330258696994154 0.9330258696994154 
17 16 1 0.9180173232107031 0.9330258696994154 0.9330258696994154 
18 25 0 0.9152285273869474 0.9330258696994154 0.9330258696994154 
19 28 0 0.918823270052089 0.9330258696994154 0.9330258696994154 
20 45 1 0.9123417086937 0.9330258696994154 0.9330258696994154 
21 9 0 0.9225412433593039 0.9330258696994154 0.9330258696994154 
22 20 1 0.9178732017745965 0.9330258696994154 0.9330258696994154 
23 18 1 0.912999290664843 0.9330258696994154 0.9330258696994154 
24 64 0 0.9150135676905907 0.9330258696994154 0.9330258696994154 
25 258 0 0.9167881010603617 0.9330258696994154 0.9330258696994154 
26 176 0 0.922730943521835 0.9330258696994154 0.9330258696994154 
27 11 0 0.9196363299178593 0.9330258696994154 0.9330258696994154 
28 10 0 0.9270498526183912 0.9330258696994154 0.9330258696994154 
29 39 0 0.914555865553051 0.9330258696994154 0.9330258696994154 
0 328 1 0.7907023170403141 0.9330258696994154 0.9330258696994154 
1 274 1 0.8299701471819609 0.9330258696994154 0.9330258696994154 
2 709 1 0.8639126769540773 0.9330258696994154 0.9330258696994154 
3 396 0 0.8876609421354155 0.9330258696994154 0.9330258696994154 
4 201 0 0.902974356242758 0.9330258696994154 0.9330258696994154 
5 200 0 0.9121802622110521 0.9330258696994154 0.9330258696994154 
6 57 0 0.9189178472230389 0.9330258696994154 0.9330258696994154 
7 41 0 0.918033009045829 0.9330258696994154 0.9330258696994154 
8 46 0 0.9112238547743694 0.9330258696994154 0.9330258696994154 
9 51 0 0.9235510797763596 0.9330258696994154 0.9330258696994154 
10 14 0 0.9224059732004775 0.9330258696994154 0.9330258696994154 
11 25 1 0.9165683442391209 0.9330258696994154 0.9330258696994154 
12 87 2 0.9178046641417926 0.9330258696994154 0.9330258696994154 
13 18 0 0.9099807128417012 0.9330258696994154 0.9330258696994154 
14 49 0 0.9124814458133895 0.9330258696994154 0.9330258696994154 
15 39 1 0.9121687125338239 0.9330258696994154 0.9330258696994154 
16 15 1 0.9226893091961201 0.9330258696994154 0.9330258696994154 
17 8 0 0.9222956134760589 0.9330258696994154 0.9330258696994154 
18 21 0 0.9180721762535657 0.9330258696994154 0.9330258696994154 
19 59 0 0.9167069910267567 0.9330258696994154 0.9330258696994154 
20 11 0 0.923844095709609 0.9330258696994154 0.9330258696994154 
21 21 0 0.9185675900129412 0.9330258696994154 0.9330258696994154 
22 18 1 0.9256081521359719 0.9330258696994154 0.9330258696994154 
23 11 0 0.9237562431362134 0.9330258696994154 0.9330258696994154 
24 19 1 0.9184967785339258 0.9330258696994154 0.9330258696994154 
25 21 1 0.9170634671594634 0.9330258696994154 0.9330258696994154 
26 12 0 0.918173914305268 0.9330258696994154 0.9330258696994154 
27 27 0 0.918246450852768 0.9330258696994154 0.9330258696994154 
28 25 0 0.9210972917113064 0.9330258696994154 0.9330258696994154 
29 60 0 0.918351598859677 0.9330258696994154 0.9330258696994154 
0 274 1 0.7932513042901773 0.9330258696994154 0.9330258696994154 
1 143 0 0.8346370003680086 0.9330258696994154 0.9330258696994154 
2 212 0 0.8677162231385668 0.9330258696994154 0.9330258696994154 
3 288 0 0.8837567704864376 0.9330258696994154 0.9330258696994154 
4 326 1 0.9052074537584589 0.9330258696994154 0.9330258696994154 
5 52 0 0.9141337269927499 0.9330258696994154 0.9330258696994154 
6 7 0 0.9225964825070336 0.9330258696994154 0.9330258696994154 
7 9 1 0.9211931643449431 0.9330258696994154 0.9330258696994154 
8 32 0 0.9235469217486338 0.9330258696994154 0.9330258696994154 
9 30 0 0.9188439456609783 0.9330258696994154 0.9330258696994154 
10 35 0 0.9192573154990218 0.9330258696994154 0.9330258696994154 
11 8 0 0.9242864805775152 0.9330258696994154 0.9330258696994154 
12 18 2 0.9172183061893847 0.9330258696994154 0.9330258696994154 
13 12 0 0.9211593719595382 0.9330258696994154 0.9330258696994154 
14 18 0 0.9180081903339715 0.9330258696994154 0.9330258696994154 
15 15 1 0.9188545201482519 0.9330258696994154 0.9330258696994154 
16 30 0 0.9188371839582312 0.9330258696994154 0.9330258696994154 
17 33 0 0.91473481682775 0.9330258696994154 0.9330258696994154 
18 28 0 0.9196113731989286 0.9330258696994154 0.9330258696994154 
19 30 0 0.9200423456241651 0.9330258696994154 0.9330258696994154 
20 9 0 0.9139862039685877 0.9330258696994154 0.9330258696994154 
21 29 1 0.9186833402784051 0.9330258696994154 0.9330258696994154 
22 2 0 0.9247035283649022 0.9330258696994154 0.9330258696994154 
23 23 0 0.9131936030774805 0.9330258696994154 0.9330258696994154 
24 50 0 0.9172886405001465 0.9330258696994154 0.9330258696994154 
25 6 1 0.9200780887518201 0.9330258696994154 0.9330258696994154 
26 28 1 0.921785426162197 0.9330258696994154 0.9330258696994154 
27 29 0 0.9146703316561525 0.9330258696994154 0.9330258696994154 
28 14 0 0.9210786304693785 0.9330258696994154 0.9330258696994154 
29 13 0 0.9189785532641821 0.9330258696994154 0.9330258696994154 
0 351 2 0.8073028022969392 0.9330258696994154 0.9330258696994154 
1 251 0 0.8571993125315837 0.9330258696994154 0.9330258696994154 
2 427 1 0.8875319199824189 0.9330258696994154 0.9330258696994154 
3 104 1 0.9075200947494159 0.9330258696994154 0.9330258696994154 
4 787 1 0.9151401253028212 0.9330258696994154 0.9330258696994154 
5 22 0 0.9193255795327074 0.9330258696994154 0.9330258696994154 
6 18 0 0.9154519725435825 0.9330258696994154 0.9330258696994154 
7 22 0 0.92070657793174 0.9330258696994154 0.9330258696994154 
8 50 1 0.916056555741428 0.9330258696994154 0.9330258696994154 
9 20 0 0.9156526495907079 0.9330258696994154 0.9330258696994154 
10 33 1 0.9177900060207398 0.9330258696994154 0.9330258696994154 
11 46 0 0.9103703941897353 0.9330258696994154 0.9330258696994154 
12 46 2 0.918883373884572 0.9330258696994154 0.9330258696994154 
13 27 0 0.9202388326043405 0.9330258696994154 0.9330258696994154 
14 19 0 0.9169053293194991 0.9330258696994154 0.9330258696994154 
15 13 0 0.9164078362614231 0.9330258696994154 0.9330258696994154 
16 16 0 0.9199791886616149 0.9330258696994154 0.9330258696994154 
17 22 1 0.922371824528359 0.9330258696994154 0.9330258696994154 
18 72 0 0.9162810348471515 0.9330258696994154 0.9330258696994154 
19 56 1 0.9143836579013351 0.9330258696994154 0.9330258696994154 
20 28 1 0.9238715078333521 0.9330258696994154 0.9330258696994154 
21 38 1 0.9250104777024157 0.9330258696994154 0.9330258696994154 
22 20 1 0.9196625057091814 0.9330258696994154 0.9330258696994154 
23 16 1 0.9222108506650861 0.9330258696994154 0.9330258696994154 
24 38 0 0.9200075683123659 0.9330258696994154 0.9330258696994154 
25 26 1 0.9135273611043051 0.9330258696994154 0.9330258696994154 
26 19 0 0.919568864641268 0.9330258696994154 0.9330258696994154 
27 41 1 0.9169562234326237 0.9330258696994154 0.9330258696994154 
28 38 0 0.9213828008494385 0.9330258696994154 0.9330258696994154 
29 22 0 0.9201158661837144 0.9330258696994154 0.9330258696994154 
0 334 1 0.7952610085517652 0.9330258696994154 0.9330258696994154 
1 489 1 0.8345507776892341 0.9330258696994154 0.9330258696994154 
2 802 0 0.8605800670204573 0.9330258696994154 0.9330258696994154 
3 89 1 0.8868522362272974 0.9330258696994154 0.9330258696994154 
4 361 0 0.9037028814711111 0.9330258696994154 0.9330258696994154 
5 173 0 0.907246272525302 0.9330258696994154 0.9330258696994154 
6 56 0 0.9149261360936173 0.9330258696994154 0.9330258696994154 
7 16 0 0.9221607257155193 0.9330258696994154 0.9330258696994154 
8 40 0 0.920446833214095 0.9330258696994154 0.9330258696994154 
9 16 0 0.9178374364760847 0.9330258696994154 0.9330258696994154 
10 22 0 0.9224937093930968 0.9330258696994154 0.9330258696994154 
11 8 0 0.921021754218256 0.9330258696994154 0.9330258696994154 
12 17 2 0.9141339789612651 0.9330258696994154 0.9330258696994154 
13 17 1 0.9187436921420022 0.9330258696994154 0.9330258696994154 
14 40 0 0.9209463984179392 0.9330258696994154 0.9330258696994154 
15 24 0 0.9160770136632027 0.9330258696994154 0.9330258696994154 
16 182 0 0.9199394893049767 0.9330258696994154 0.9330258696994154 
17 6 0 0.9254369966948631 0.9330258696994154 0.9330258696994154 
18 23 0 0.9200524826180135 0.9330258696994154 0.9330258696994154 
19 14 1 0.9232929362384356 0.9330258696994154 0.9330258696994154 
20 21 1 0.9201059302902109 0.9330258696994154 0.9330258696994154 
21 35 0 0.9140251200501727 0.9330258696994154 0.9330258696994154 
22 38 0 0.9149731931426769 0.9330258696994154 0.9330258696994154 
23 6 0 0.9206375466530057 0.9330258696994154 0.9330258696994154 
24 30 1 0.9187098332465368 0.9330258696994154 0.9330258696994154 
25 42 1 0.9136688101502329 0.9330258696994154 0.9330258696994154 
26 17 0 0.9132386613435958 0.9330258696994154 0.9330258696994154 
27 106 1 0.9194838194599413 0.9330258696994154 0.9330258696994154 
28 17 0 0.9218741914553473 0.9330258696994154 0.9330258696994154 
29 32 1 0.9195329815330835 0.9330258696994154 0.9330258696994154 
0 527 1 0.7880563034969318 0.9330258696994154 0.9330258696994154 
1 196 1 0.8281638062606053 0.9330258696994154 0.9330258696994154 
2 102 0 0.8546384841722994 0.9330258696994154 0.9330258696994154 
3 291 1 0.877192914015713 0.9330258696994154 0.9330258696994154 
4 69 0 0.9032017614706456 0.9330258696994154 0.9330258696994154 
5 13 0 0.9214860814203811 0.9330258696994154 0.9330258696994154 
6 21 0 0.9209414235270905 0.9330258696994154 0.9330258696994154 
7 46 1 0.9160083658705289 0.9330258696994154 0.9330258696994154 
8 18 0 0.9160351589649116 0.9330258696994154 0.9330258696994154 
9 37 0 0.9139412307176943 0.9330258696994154 0.9330258696994154 
10 28 0 0.9183024437701485 0.9330258696994154 0.9330258696994154 
11 35 1 0.9194474916864606 0.9330258696994154 0.9330258696994154 
12 24 3 0.9160453983807955 0.9330258696994154 0.9330258696994154 
13 21 0 0.920154936845829 0.9330258696994154 0.9330258696994154 
14 17 0 0.9192064865423393 0.9330258696994154 0.9330258696994154 
15 9 0 0.9193831354687245 0.9330258696994154 0.9330258696994154 
16 13 0 0.9251182423659011 0.9330258696994154 0.9330258696994154 
17 23 1 0.9208213383737711 0.9330258696994154 0.9330258696994154 
18 18 0 0.9168036524288332 0.9330258696994154 0.9330258696994154 
19 28 0 0.923323033848281 0.9330258696994154 0.9330258696994154 
20 19 0 0.9189876210054768 0.9330258696994154 0.9330258696994154 
21 124 0 0.9251674857305296 0.9330258696994154 0.9330258696994154 
22 26 1 0.92265071341186 0.9330258696994154 0.9330258696994154 
23 20 0 0.9226840037153526 0.9330258696994154 0.9330258696994154 
24 57 0 0.9200222577986242 0.9330258696994154 0.9330258696994154 
25 20 0 0.9256259087221507 0.9330258696994154 0.9330258696994154 
26 24 1 0.9182207837523622 0.9330258696994154 0.9330258696994154 
27 24 1 0.9241239528769312 0.9330258696994154 0.9330258696994154 
28 19 0 0.918555221525097 0.9330258696994154 0.9330258696994154 
29 28 0 0.916469056213876 0.9330258696994154 0.9330258696994154 
0 360 2 0.7956759189630553 0.9330258696994154 0.9330258696994154 
1 109 0 0.8377357417728052 0.9330258696994154 0.9330258696994154 
2 369 0 0.862584347182968 0.9330258696994154 0.9330258696994154 
3 361 0 0.8929547091990958 0.9330258696994154 0.9330258696994154 
4 164 1 0.9065512449732483 0.9330258696994154 0.9330258696994154 
5 26 1 0.9182110237938234 0.9330258696994154 0.9330258696994154 
6 37 0 0.9240511484607723 0.9330258696994154 0.9330258696994154 
7 17 0 0.9192338587595029 0.9330258696994154 0.9330258696994154 
8 34 0 0.9134198090838153 0.9330258696994154 0.9330258696994154 
9 22 0 0.9227333700186986 0.9330258696994154 0.9330258696994154 
10 9 0 0.9181080048810226 0.9330258696994154 0.9330258696994154 
11 31 0 0.9197589193201375 0.9330258696994154 0.9330258696994154 
12 26 2 0.9238286783755224 0.9330258696994154 0.9330258696994154 
13 16 1 0.9219983203445085 0.9330258696994154 0.9330258696994154 
14 18 0 0.9234301074137918 0.9330258696994154 0.9330258696994154 
15 13 0 0.9197345265664346 0.9330258696994154 0.9330258696994154 
16 26 1 0.9205879745099051 0.9330258696994154 0.9330258696994154 
17 26 0 0.9215710664551315 0.9330258696994154 0.9330258696994154 
18 52 0 0.9162803640458173 0.9330258696994154 0.9330258696994154 
19 35 0 0.921756287964693 0.9330258696994154 0.9330258696994154 
20 13 0 0.923558752424037 0.9330258696994154 0.9330258696994154 
21 17 0 0.9190942239160919 0.9330258696994154 0.9330258696994154 
22 28 0 0.9167174044368929 0.9330258696994154 0.9330258696994154 
23 68 0 0.9078300935496967 0.9330258696994154 0.9330258696994154 
24 8 0 0.9229673859304434 0.9330258696994154 0.9330258696994154 
25 16 1 0.9223854863371358 0.9330258696994154 0.9330258696994154 
26 52 0 0.9211025138386701 0.9330258696994154 0.9330258696994154 
27 22 1 0.9168306936361178 0.9330258696994154 0.9330258696994154 
28 16 0 0.9225625265502204 0.9330258696994154 0.9330258696994154 
29 51 0 0.9208937403052139 0.9330258696994154 0.9330258696994154 
0 515 1 0.7844106662369513 0.9330258696994154 0.9330258696994154 
1 408 0 0.830499186365022 0.9330258696994154 0.9330258696994154 
2 708 0 0.8619358499371086 0.9330258696994154 0.9330258696994154 
3 553 0 0.8794593269229768 0.9330258696994154 0.9330258696994154 
4 381 0 0.8994314582977517 0.9330258696994154 0.9330258696994154 
5 71 1 0.9099672193461527 0.9330258696994154 0.9330258696994154 
6 20 0 0.9231364942761796 0.9330258696994154 0.9330258696994154 
7 26 0 0.9222968433574756 0.9330258696994154 0.9330258696994154 
8 33 1 0.9172971525774045 0.9330258696994154 0.9330258696994154 
9 19 0 0.9191506495769698 0.9330258696994154 0.9330258696994154 
10 56 1 0.9092880480853878 0.9330258696994154 0.9330258696994154 
11 10 0 0.9155029433370313 0.9330258696994154 0.9330258696994154 
12 42 2 0.9180915916470689 0.9330258696994154 0.9330258696994154 
13 48 1 0.9174525134108877 0.9330258696994154 0.9330258696994154 
14 8 0 0.919684506917838 0.9330258696994154 0.9330258696994154 
15 36 0 0.9171859922775414 0.9330258696994154 0.9330258696994154 
16 15 0 0.9171585601272318 0.9330258696994154 0.9330258696994154 
17 11 0 0.9206108765364387 0.9330258696994154 0.9330258696994154 
18 18 0 0.9150010277938307 0.9330258696994154 0.9330258696994154 
19 39 0 0.9120330867179132 0.9330258696994154 0.9330258696994154 
20 30 1 0.9125884079803691 0.9330258696994154 0.9330258696994154 
21 8 0 0.9191563147216325 0.9330258696994154 0.9330258696994154 
22 10 1 0.9179031101993215 0.9330258696994154 0.9330258696994154 
23 30 1 0.916583169224797 0.9330258696994154 0.9330258696994154 
24 60 1 0.9160182944976721 0.9330258696994154 0.9330258696994154 
25 21 1 0.9194864522467289 0.9330258696994154 0.9330258696994154 
26 17 0 0.9234612095292717 0.9330258696994154 0.9330258696994154 
27 16 0 0.9189739547352782 0.9330258696994154 0.9330258696994154 
28 9 0 0.9159390088142504 0.9330258696994154 0.9330258696994154 
29 30 0 0.9154339737206156 0.9330258696994154 0.9330258696994154 
0 298 1 0.8015592768356308 0.9330258696994154 0.9330258696994154 
1 571 1 0.8415070220445813 0.9330258696994154 0.9330258696994154 
2 377 0 0.8722484897866423 0.9330258696994154 0.9330258696994154 
3 281 1 0.8898885028376019 0.9330258696994154 0.9330258696994154 
4 257 0 0.909391391826587 0.9330258696994154 0.9330258696994154 
5 219 0 0.9125393671807228 0.9330258696994154 0.9330258696994154 
6 38 0 0.9190463884522247 0.9330258696994154 0.9330258696994154 
7 17 0 0.9242015401470425 0.9330258696994154 0.9330258696994154 
8 12 0 0.9202555704175326 0.9330258696994154 0.9330258696994154 
9 34 0 0.9131343397167119 0.9330258696994154 0.9330258696994154 
10 54 0 0.9145526995938114 0.9330258696994154 0.9330258696994154 
11 79 0 0.9192876943376114 0.9330258696994154 0.9330258696994154 
12 13 0 0.9245156641869947 0.9330258696994154 0.9330258696994154 
13 24 1 0.9121850385978028 0.9330258696994154 0.9330258696994154 
14 44 0 0.9127144914661052 0.9330258696994154 0.9330258696994154 
15 53 0 0.9151356444671659 0.9330258696994154 0.9330258696994154 
16 38 0 0.9183261985987486 0.9330258696994154 0.9330258696994154 
17 20 0 0.9204060325256226 0.9330258696994154 0.9330258696994154 
18 21 1 0.9175524802342275 0.9330258696994154 0.9330258696994154 
19 33 1 0.916328413639212 0.9330258696994154 0.9330258696994154 
20 49 0 0.9099061082512431 0.9330258696994154 0.9330258696994154 
21 36 0 0.9131187582844521 0.9330258696994154 0.9330258696994154 
22 26 0 0.9117379814762788 0.9330258696994154 0.9330258696994154 
23 19 1 0.9191803275734115 0.9330258696994154 0.9330258696994154 
24 5 0 0.9213828621263371 0.9330258696994154 0.9330258696994154 
25 15 1 0.9214357879807502 0.9330258696994154 0.9330258696994154 
26 19 0 0.9247856921219306 0.9330258696994154 0.9330258696994154 
27 15 0 0.9187803469534334 0.9330258696994154 0.9330258696994154 
28 29 0 0.9154111839475825 0.9330258696994154 0.9330258696994154 
29 20 0 0.9203139084868723 0.9330258696994154 0.9330258696994154 
0 427 2 0.8012673562688147 0.9330258696994154 0.9330258696994154 
1 221 1 0.8468404731114983 0.9330258696994154 0.9330258696994154 
2 22 0 0.8793130272983588 0.9330258696994154 0.9330258696994154 
3 76 0 0.908257417781499 0.9330258696994154 0.9330258696994154 
4 37 1 0.9127467652314054 0.9330258696994154 0.9330258696994154 
5 32 0 0.9155407230729307 0.9330258696994154 0.9330258696994154 
6 31 0 0.9175523694501928 0.9330258696994154 0.9330258696994154 
7 38 1 0.9204722449310395 0.9330258696994154 0.9330258696994154 
8 26 1 0.91774200608808 0.9330258696994154 0.9330258696994154 
9 50 0 0.9155983694918838 0.9330258696994154 0.9330258696994154 
10 18 0 0.9191790834965087 0.9330258696994154 0.9330258696994154 
11 28 0 0.9185459801768167 0.9330258696994154 0.9330258696994154 
12 16 2 0.9153107112302464 0.9330258696994154 0.9330258696994154 
13 45 0 0.91311093771685 0.9330258696994154 0.9330258696994154 
14 37 0 0.9160654634947398 0.9330258696994154 0.9330258696994154 
15 54 0 0.9163132960956039 0.9330258696994154 0.9330258696994154 
16 9 0 0.9236997324856553 0.9330258696994154 0.9330258696994154 
17 27 0 0.9143293844929496 0.9330258696994154 0.9330258696994154 
18 8 1 0.9220741333626497 0.9330258696994154 0.9330258696994154 
19 30 0 0.9217084554837734 0.9330258696994154 0.9330258696994154 
20 11 1 0.914293739722154 0.9330258696994154 0.9330258696994154 
21 31 0 0.9254252179251425 0.9330258696994154 0.9330258696994154 
22 48 0 0.9191895356889225 0.9330258696994154 0.9330258696994154 
23 65 0 0.9155590854390465 0.9330258696994154 0.9330258696994154 
24 20 0 0.9171454455808778 0.9330258696994154 0.9330258696994154 
25 6 1 0.919792841820181 0.9330258696994154 0.9330258696994154 
26 30 1 0.923030146464264 0.9330258696994154 0.9330258696994154 
27 39 0 0.9155040501993671 0.9330258696994154 0.9330258696994154 
28 16 0 0.9207004893850691 0.9330258696994154 0.9330258696994154 
29 31 0 0.9196125293114763 0.9330258696994154 0.9330258696994154 
0 264 1 0.7975349883820876 0.9330258696994154 0.9330258696994154 
1 176 1 0.8397270850746494 0.9330258696994154 0.9330258696994154 
2 261 1 0.8801806687363124 0.9330258696994154 0.9330258696994154 
3 511 0 0.9071324789671202 0.9330258696994154 0.9330258696994154 
4 192 1 0.9118245534554893 0.9330258696994154 0.9330258696994154 
5 41 0 0.9161887398568261 0.9330258696994154 0.9330258696994154 
6 41 0 0.9099363618978795 0.9330258696994154 0.9330258696994154 
7 8 0 0.9204383307980586 0.9330258696994154 0.9330258696994154 
8 17 0 0.9219104997617668 0.9330258696994154 0.9330258696994154 
9 18 0 0.921083904465927 0.9330258696994154 0.9330258696994154 
10 13 0 0.9183884405904692 0.9330258696994154 0.9330258696994154 
11 18 0 0.9193873450885411 0.9330258696994154 0.9330258696994154 
12 13 3 0.9091159141857359 0.9330258696994154 0.9330258696994154 
13 26 0 0.9173216267308186 0.9330258696994154 0.9330258696994154 
14 20 0 0.9237381582851504 0.9330258696994154 0.9330258696994154 
15 10 1 0.9201870058031626 0.9330258696994154 0.9330258696994154 
16 26 1 0.9142147731121562 0.9330258696994154 0.9330258696994154 
17 15 0 0.917533302406773 0.9330258696994154 0.9330258696994154 
18 26 0 0.9189088642857616 0.9330258696994154 0.9330258696994154 
19 15 0 0.921452662998074 0.9330258696994154 0.9330258696994154 
20 29 0 0.9139878327225752 0.9330258696994154 0.9330258696994154 
21 11 0 0.9140106768528404 0.9330258696994154 0.9330258696994154 
22 15 0 0.9240838950087196 0.9330258696994154 0.9330258696994154 
23 37 0 0.9165047624056741 0.9330258696994154 0.9330258696994154 
24 12 0 0.9244854119522601 0.9330258696994154 0.9330258696994154 
25 26 0 0.924667766059657 0.9330258696994154 0.9330258696994154 
26 103 0 0.9142204415256728 0.9330258696994154 0.9330258696994154 
27 69 1 0.9138780844054026 0.9330258696994154 0.9330258696994154 
28 48 0 0.9115628781280593 0.9330258696994154 0.9330258696994154 
29 19 1 0.9186599431425749 0.9330258696994154 0.9330258696994154 
0 500 1 0.7915597807832354 0.9330258696994154 0.9330258696994154 
1 234 1 0.8318152889871426 0.9330258696994154 0.9330258696994154 
2 143 0 0.8743408128556998 0.9330258696994154 0.9330258696994154 
3 257 0 0.8921896537967435 0.9330258696994154 0.9330258696994154 
4 114 1 0.906904699932251 0.9330258696994154 0.9330258696994154 
5 16 0 0.9133982070651089 0.9330258696994154 0.9330258696994154 
6 16 0 0.9212992220497682 0.9330258696994154 0.9330258696994154 
7 18 0 0.9185123612321369 0.9330258696994154 0.9330258696994154 
8 27 1 0.9163798100023276 0.9330258696994154 0.9330258696994154 
9 18 0 0.9153500181701889 0.9330258696994154 0.9330258696994154 
10 34 0 0.9194223136551993 0.9330258696994154 0.9330258696994154 
11 12 1 0.920284131348598 0.9330258696994154 0.9330258696994154 
12 34 2 0.9190970611299671 0.9330258696994154 0.9330258696994154 
13 11 0 0.9199131055759528 0.9330258696994154 0.9330258696994154 
14 16 1 0.9174625943504389 0.9330258696994154 0.9330258696994154 
15 23 0 0.9117796063620602 0.9330258696994154 0.9330258696994154 
16 21 0 0.921974419143153 0.9330258696994154 0.9330258696994154 
17 51 1 0.9199738747714686 0.9330258696994154 0.9330258696994154 
18 20 1 0.9210340467132336 0.9330258696994154 0.9330258696994154 
19 17 0 0.9210854626010871 0.9330258696994154 0.9330258696994154 
20 20 1 0.9139920801916358 0.9330258696994154 0.9330258696994154 
21 41 1 0.9158142626241619 0.9330258696994154 0.9330258696994154 
22 21 1 0.916621522820606 0.9330258696994154 0.9330258696994154 
23 32 0 0.9161768036293314 0.9330258696994154 0.9330258696994154 
24 16 0 0.9168680328925116 0.9330258696994154 0.9330258696994154 
25 22 1 0.9148696999929367 0.9330258696994154 0.9330258696994154 
26 43 0 0.916147581163906 0.9330258696994154 0.9330258696994154 
27 38 0 0.9186874176898522 0.9330258696994154 0.9330258696994154 
28 33 0 0.9157743053536984 0.9330258696994154 0.9330258696994154 
29 22 0 0.9179122386708705 0.9330258696994154 0.9330258696994154 
0 371 2 0.7899389565265834 0.9330258696994154 0.9330258696994154 
1 1149 1 0.837217450358836 0.9330258696994154 0.9330258696994154 
2 276 1 0.8587296698691389 0.9330258696994154 0.9330258696994154 
3 517 0 0.8855004282816772 0.9330258696994154 0.9330258696994154 
4 209 1 0.9023430877011829 0.9330258696994154 0.9330258696994154 
5 135 0 0.9174310444371462 0.9330258696994154 0.9330258696994154 
6 31 0 0.9249760828118286 0.9330258696994154 0.9330258696994154 
7 10 0 0.9214753369654284 0.9330258696994154 0.9330258696994154 
8 19 0 0.9247745678312387 0.9330258696994154 0.9330258696994154 
9 5 0 0.9232155900379065 0.9330258696994154 0.9330258696994154 
10 37 0 0.910257442186159 0.9330258696994154 0.9330258696994154 
11 112 0 0.9128640465311335 0.9330258696994154 0.9330258696994154 
12 15 2 0.9184322248607049 0.9330258696994154 0.9330258696994154 
13 14 0 0.91921436028744 0.9330258696994154 0.9330258696994154 
14 7 0 0.9232703088288622 0.9330258696994154 0.9330258696994154 
15 9 0 0.9190448694259018 0.9330258696994154 0.9330258696994154 
16 217 1 0.9207049658241941 0.9330258696994154 0.9330258696994154 
17 31 0 0.9153894258869582 0.9330258696994154 0.9330258696994154 
18 19 0 0.9187150737568206 0.9330258696994154 0.9330258696994154 
19 16 0 0.9220548986443349 0.9330258696994154 0.9330258696994154 
20 21 1 0.916009351590897 0.9330258696994154 0.9330258696994154 
21 20 0 0.9189331234757897 0.9330258696994154 0.9330258696994154 
22 3 1 0.9273404589445662 0.9330258696994154 0.9330258696994154 
23 10 0 0.9216891505801972 0.9330258696994154 0.9330258696994154 
24 47 0 0.9162717674451339 0.9330258696994154 0.9330258696994154 
25 13 0 0.9154664948718998 0.9330258696994154 0.9330258696994154 
26 22 0 0.9182618665984073 0.9330258696994154 0.9330258696994154 
27 7 0 0.9225252702682348 0.9330258696994154 0.9330258696994154 
28 12 0 0.9187957400649317 0.9330258696994154 0.9330258696994154 
29 8 0 0.9157159023452714 0.9330258696994154 0.9330258696994154 
0 505 1 0.7962061525119366 0.9330258696994154 0.9330258696994154 
1 1149 1 0.8357377340765195 0.9330258696994154 0.9330258696994154 
2 232 1 0.8642134739313149 0.9330258696994154 0.9330258696994154 
3 586 0 0.8921108702070834 0.9330258696994154 0.9330258696994154 
4 558 0 0.8992984257713672 0.9330258696994154 0.9330258696994154 
5 836 0 0.9004442528899662 0.9330258696994154 0.9330258696994154 
6 573 0 0.9026079879341125 0.9330258696994154 0.9330258696994154 
7 378 0 0.908726105974942 0.9330258696994154 0.9330258696994154 
8 265 0 0.9177091745997583 0.9330258696994154 0.9330258696994154 
9 206 0 0.9245386986635583 0.9330258696994154 0.9330258696994154 
10 14 0 0.9211941892308656 0.9330258696994154 0.9330258696994154 
11 19 1 0.9209892927456538 0.9330258696994154 0.9330258696994154 
12 9 2 0.9140169845424669 0.9330258696994154 0.9330258696994154 
13 19 0 0.9153054347523409 0.9330258696994154 0.9330258696994154 
14 20 0 0.9216251327239803 0.9330258696994154 0.9330258696994154 
15 25 1 0.9156947614281837 0.9330258696994154 0.9330258696994154 
16 67 0 0.9134190806059505 0.9330258696994154 0.9330258696994154 
17 8 0 0.9197310516146551 0.9330258696994154 0.9330258696994154 
18 27 1 0.916139250146618 0.9330258696994154 0.9330258696994154 
19 25 0 0.9210710074057683 0.9330258696994154 0.9330258696994154 
20 12 0 0.9160816789956963 0.9330258696994154 0.9330258696994154 
21 27 0 0.9167753635541389 0.9330258696994154 0.9330258696994154 
22 21 0 0.9151101198700369 0.9330258696994154 0.9330258696994154 
23 21 0 0.9221529635933073 0.9330258696994154 0.9330258696994154 
24 11 0 0.9218228552930675 0.9330258696994154 0.9330258696994154 
25 15 0 0.9194048169156326 0.9330258696994154 0.9330258696994154 
26 24 0 0.9205020364355566 0.9330258696994154 0.9330258696994154 
27 8 1 0.9192223824686576 0.9330258696994154 0.9330258696994154 
28 9 0 0.9217208629571181 0.9330258696994154 0.9330258696994154 
29 35 0 0.9201621474002105 0.9330258696994154 0.9330258696994154 
0 353 1 0.7999823550514161 0.9330258696994154 0.9330258696994154 
1 388 1 0.8419995324993268 0.9330258696994154 0.9330258696994154 
2 185 1 0.8661372607083573 0.9330258696994154 0.9330258696994154 
3 964 0 0.8808995303998328 0.9330258696994154 0.9330258696994154 
4 703 1 0.9045378632310368 0.9330258696994154 0.9330258696994154 
5 241 0 0.9156216654335304 0.9330258696994154 0.9330258696994154 
6 82 0 0.9168250246327402 0.9330258696994154 0.9330258696994154 
7 27 0 0.9218524764062563 0.9330258696994154 0.9330258696994154 
8 37 0 0.9225599161762936 0.9330258696994154 0.9330258696994154 
9 13 0 0.919886642049865 0.9330258696994154 0.9330258696994154 
10 6 0 0.9243031096608537 0.9330258696994154 0.9330258696994154 
11 42 0 0.9159322000278991 0.9330258696994154 0.9330258696994154 
12 19 1 0.9168067242954591 0.9330258696994154 0.9330258696994154 
13 346 0 0.9217794484707084 0.9330258696994154 0.9330258696994154 
14 4 1 0.9275463548649434 0.9330258696994154 0.9330258696994154 
15 18 0 0.9182228703167101 0.9330258696994154 0.9330258696994154 
16 15 0 0.9209060488303668 0.9330258696994154 0.9330258696994154 
17 37 0 0.9160646804985398 0.9330258696994154 0.9330258696994154 
18 46 0 0.9164309603915342 0.9330258696994154 0.9330258696994154 
19 11 0 0.9161632889830933 0.9330258696994154 0.9330258696994154 
20 33 0 0.9166870955336366 0.9330258696994154 0.9330258696994154 
21 5 0 0.9256739366495403 0.9330258696994154 0.9330258696994154 
22 21 0 0.9207329646199212 0.9330258696994154 0.9330258696994154 
23 7 0 0.9225803793388283 0.9330258696994154 0.9330258696994154 
24 47 0 0.9156731893888906 0.9330258696994154 0.9330258696994154 
25 28 0 0.9191112579152607 0.9330258696994154 0.9330258696994154 
26 16 0 0.9225264544370961 0.9330258696994154 0.9330258696994154 
27 16 1 0.9144404299455944 0.9330258696994154 0.9330258696994154 
28 7 1 0.9226665784972882 0.9330258696994154 0.9330258696994154 
29 26 0 0.9144541956992187 0.9330258696994154 0.9330258696994154 
0 329 2 0.8054805792180414 0.9330258696994154 0.9330258696994154 
1 126 1 0.8484320735714044 0.9330258696994154 0.9330258696994154 
2 396 1 0.878044536285631 0.9330258696994154 0.9330258696994154 
3 453 0 0.8910601811736153 0.9330258696994154 0.9330258696994154 
4 67 0 0.9058455960403434 0.9330258696994154 0.9330258696994154 
5 358 0 0.9182160487554819 0.9330258696994154 0.9330258696994154 
6 14 0 0.920644823467271 0.9330258696994154 0.9330258696994154 
7 32 0 0.91319013884347 0.9330258696994154 0.9330258696994154 
8 23 0 0.9159877464671798 0.9330258696994154 0.9330258696994154 
9 26 0 0.9147522742182614 0.9330258696994154 0.9330258696994154 
10 45 0 0.9216548639899144 0.9330258696994154 0.9330258696994154 
11 33 0 0.9221957729690234 0.9330258696994154 0.9330258696994154 
12 52 2 0.9233819018959137 0.9330258696994154 0.9330258696994154 
13 30 1 0.9153512747068061 0.9330258696994154 0.9330258696994154 
14 13 0 0.9194438624721198 0.9330258696994154 0.9330258696994154 
15 20 0 0.9208056159230906 0.9330258696994154 0.9330258696994154 
16 27 0 0.9171129003883344 0.9330258696994154 0.9330258696994154 
17 64 0 0.9117360231006957 0.9330258696994154 0.9330258696994154 
18 28 0 0.9184204142750503 0.9330258696994154 0.9330258696994154 
19 7 0 0.9231090349653625 0.9330258696994154 0.9330258696994154 
20 34 1 0.9213076841612536 0.9330258696994154 0.9330258696994154 
21 14 0 0.9173217844629323 0.9330258696994154 0.9330258696994154 
22 15 0 0.9176491276942342 0.9330258696994154 0.9330258696994154 
23 5 0 0.9249096143804695 0.9330258696994154 0.9330258696994154 
24 68 0 0.913098811465549 0.9330258696994154 0.9330258696994154 
25 89 0 0.9200546460672245 0.9330258696994154 0.9330258696994154 
26 15 0 0.9193769595384704 0.9330258696994154 0.9330258696994154 
27 22 0 0.9206680717891684 0.9330258696994154 0.9330258696994154 
28 21 0 0.9218023068361094 0.9330258696994154 0.9330258696994154 
29 30 0 0.9152365639333669 0.9330258696994154 0.9330258696994154 
0 294 1 0.7979463747660404 0.9330258696994154 0.9330258696994154 
1 606 1 0.8401140105311589 0.9330258696994154 0.9330258696994154 
2 532 0 0.8649622522698714 0.9330258696994154 0.9330258696994154 
3 77 0 0.8923314805470234 0.9330258696994154 0.9330258696994154 
4 267 0 0.9092751020671289 0.9330258696994154 0.9330258696994154 
5 161 0 0.9190871487121045 0.9330258696994154 0.9330258696994154 
6 14 0 0.9161895966922076 0.9330258696994154 0.9330258696994154 
7 12 0 0.9182514843214452 0.9330258696994154 0.9330258696994154 
8 36 0 0.9155659022250362 0.9330258696994154 0.9330258696994154 
9 15 1 0.9216393322534462 0.9330258696994154 0.9330258696994154 
10 9 1 0.9198812996399363 0.9330258696994154 0.9330258696994154 
11 18 0 0.9171476619350999 0.9330258696994154 0.9330258696994154 
12 43 3 0.9182963281020784 0.9330258696994154 0.9330258696994154 
13 11 0 0.918979908019995 0.9330258696994154 0.9330258696994154 
14 19 1 0.9247537978827208 0.9330258696994154 0.9330258696994154 
15 10 0 0.9252370361331365 0.9330258696994154 0.9330258696994154 
16 72 0 0.9230243744526331 0.9330258696994154 0.9330258696994154 
17 45 1 0.919969556334065 0.9330258696994154 0.9330258696994154 
18 19 1 0.9160647496806574 0.9330258696994154 0.9330258696994154 
19 69 0 0.9227564559877888 0.9330258696994154 0.9330258696994154 
20 33 1 0.9179330354086715 0.9330258696994154 0.9330258696994154 
21 36 0 0.9203077391801321 0.9330258696994154 0.9330258696994154 
22 5 0 0.9253085430580836 0.9330258696994154 0.9330258696994154 
23 19 1 0.9171014139220811 0.9330258696994154 0.9330258696994154 
24 13 0 0.9220440293507285 0.9330258696994154 0.9330258696994154 
25 36 0 0.920791449361971 0.9330258696994154 0.9330258696994154 
26 16 0 0.9165487367078754 0.9330258696994154 0.9330258696994154 
27 33 0 0.9211262043055242 0.9330258696994154 0.9330258696994154 
28 39 0 0.912263462230197 0.9330258696994154 0.9330258696994154 
29 16 0 0.919442860584543 0.9330258696994154 0.9330258696994154 
0 372 2 0.7832879796651864 0.9330258696994154 0.9330258696994154 
1 752 0 0.8269121991582545 0.9330258696994154 0.9330258696994154 
2 346 1 0.8618984520144738 0.9330258696994154 0.9330258696994154 
3 510 0 0.8928051966057958 0.9330258696994154 0.9330258696994154 
4 558 0 0.9055914283723719 0.9330258696994154 0.9330258696994154 
5 322 0 0.916122786994795 0.9330258696994154 0.9330258696994154 
6 23 0 0.9160893386347646 0.9330258696994154 0.9330258696994154 
7 18 1 0.9184187506759599 0.9330258696994154 0.9330258696994154 
8 17 0 0.9199842759312874 0.9330258696994154 0.9330258696994154 
9 12 0 0.9209402879597526 0.9330258696994154 0.9330258696994154 
10 63 1 0.914786302735774 0.9330258696994154 0.9330258696994154 
11 47 0 0.9126181742689835 0.9330258696994154 0.9330258696994154 
12 12 3 0.9181605350862502 0.9330258696994154 0.9330258696994154 
13 19 1 0.9222121274407623 0.9330258696994154 0.9330258696994154 
14 28 0 0.9175322492324176 0.9330258696994154 0.9330258696994154 
15 30 0 0.9141558396019461 0.9330258696994154 0.9330258696994154 
16 18 0 0.9171461650619115 0.9330258696994154 0.9330258696994154 
17 24 0 0.9129925511115964 0.9330258696994154 0.9330258696994154 
18 31 0 0.9181550368029189 0.9330258696994154 0.9330258696994154 
19 12 0 0.9195003375088369 0.9330258696994154 0.9330258696994154 
20 20 0 0.9180832494771216 0.9330258696994154 0.9330258696994154 
21 32 0 0.9203613264090273 0.9330258696994154 0.9330258696994154 
22 29 0 0.9148682192495035 0.9330258696994154 0.9330258696994154 
23 26 1 0.9182882639662534 0.9330258696994154 0.9330258696994154 
24 42 0 0.9168737609956077 0.9330258696994154 0.9330258696994154 
25 19 0 0.918178275433825 0.9330258696994154 0.9330258696994154 
26 31 0 0.9228822548715694 0.9330258696994154 0.9330258696994154 
27 20 0 0.9209566494955014 0.9330258696994154 0.9330258696994154 
28 18 0 0.9205992896991135 0.9330258696994154 0.9330258696994154 
29 29 0 0.9206809753756515 0.9330258696994154 0.9330258696994154 
0 299 2 0.7903970370544785 0.9330258696994154 0.9330258696994154 
1 51 1 0.8314294292416297 0.9330258696994154 0.9330258696994154 
2 514 0 0.8564656391122811 0.9330258696994154 0.9330258696994154 
3 346 0 0.8871916132567672 0.9330258696994154 0.9330258696994154 
4 143 0 0.8942726608262892 0.9330258696994154 0.9330258696994154 
5 723 0 0.909152942050292 0.9330258696994154 0.9330258696994154 
6 464 0 0.9119857808597557 0.9330258696994154 0.9330258696994154 
7 11 0 0.9206505021794991 0.9330258696994154 0.9330258696994154 
8 25 0 0.9213676751553921 0.9330258696994154 0.9330258696994154 
9 23 0 0.9186974970274753 0.9330258696994154 0.9330258696994154 
10 13 1 0.9179580876147274 0.9330258696994154 0.9330258696994154 
11 35 0 0.9174370376203607 0.9330258696994154 0.9330258696994154 
12 24 2 0.9206775454814085 0.9330258696994154 0.9330258696994154 
13 26 1 0.9151794070916308 0.9330258696994154 0.9330258696994154 
14 7 0 0.9227507724820582 0.9330258696994154 0.9330258696994154 
15 36 0 0.9203782819390134 0.9330258696994154 0.9330258696994154 
16 4 0 0.9241356364220151 0.9330258696994154 0.9330258696994154 
17 16 0 0.9204185778554139 0.9330258696994154 0.9330258696994154 
18 45 1 0.9142575239271928 0.9330258696994154 0.9330258696994154 
19 19 0 0.9168430203021123 0.9330258696994154 0.9330258696994154 
20 28 0 0.9154637603646587 0.9330258696994154 0.9330258696994154 
21 30 1 0.9189669784649361 0.9330258696994154 0.9330258696994154 
22 33 0 0.9229608098558884 0.9330258696994154 0.9330258696994154 
23 89 0 0.9201151729257152 0.9330258696994154 0.9330258696994154 
24 33 0 0.9219319473761702 0.9330258696994154 0.9330258696994154 
25 11 0 0.9212478620484685 0.9330258696994154 0.9330258696994154 
26 14 0 0.9231710638707951 0.9330258696994154 0.9330258696994154 
27 10 0 0.9200921533147554 0.9330258696994154 0.9330258696994154 
28 7 0 0.9205389367893971 0.9330258696994154 0.9330258696994154 
29 19 0 0.9194240097799593 0.9330258696994154 0.9330258696994154 
0 436 1 0.8000176206749283 0.9330258696994154 0.9330258696994154 
1 456 0 0.8479750184681089 0.9330258696994154 0.9330258696994154 
2 339 0 0.8737912195994859 0.9330258696994154 0.9330258696994154 
3 431 0 0.9087909259681143 0.9330258696994154 0.9330258696994154 
4 147 1 0.9175682833318998 0.9330258696994154 0.9330258696994154 
5 19 0 0.9220838859485034 0.9330258696994154 0.9330258696994154 
6 371 1 0.9105557372841687 0.9330258696994154 0.9330258696994154 
7 49 0 0.9143102543198449 0.9330258696994154 0.9330258696994154 
8 29 1 0.9107146799933736 0.9330258696994154 0.9330258696994154 
9 17 0 0.9249567909878847 0.9330258696994154 0.9330258696994154 
10 25 0 0.920297608774506 0.9330258696994154 0.9330258696994154 
11 23 0 0.9214941187544058 0.9330258696994154 0.9330258696994154 
12 18 2 0.9159831946753242 0.9330258696994154 0.9330258696994154 
13 29 1 0.9196661108744155 0.9330258696994154 0.9330258696994154 
14 34 1 0.919722528678243 0.9330258696994154 0.9330258696994154 
15 17 0 0.9158436998819356 0.9330258696994154 0.9330258696994154 
16 31 0 0.9224402257488736 0.9330258696994154 0.9330258696994154 
17 25 0 0.9222304288427575 0.9330258696994154 0.9330258696994154 
18 87 0 0.9142385119910599 0.9330258696994154 0.9330258696994154 
19 14 0 0.9159860460014606 0.9330258696994154 0.9330258696994154 
20 128 0 0.9136935169409911 0.9330258696994154 0.9330258696994154 
21 28 0 0.9080434147356076 0.9330258696994154 0.9330258696994154 
22 11 0 0.9201323099881126 0.9330258696994154 0.9330258696994154 
23 18 0 0.9231221401036634 0.9330258696994154 0.9330258696994154 
24 18 1 0.9242303988495979 0.9330258696994154 0.9330258696994154 
25 18 0 0.9188667131201097 0.9330258696994154 0.9330258696994154 
26 11 0 0.9186254572306283 0.9330258696994154 0.9330258696994154 
27 15 1 0.9230302880136676 0.9330258696994154 0.9330258696994154 
28 9 0 0.924417204584173 0.9330258696994154 0.9330258696994154 
29 9 0 0.9235565774866029 0.9330258696994154 0.9330258696994154 
0 428 1 0.7904999352325582 0.9330258696994154 0.9330258696994154 
1 385 1 0.8358824180919098 0.9330258696994154 0.9330258696994154 
2 291 1 0.880726929081126 0.9330258696994154 0.9330258696994154 
3 1212 0 0.8952144380285632 0.9330258696994154 0.9330258696994154 
4 696 0 0.9040283374754599 0.9330258696994154 0.9330258696994154 
5 20 1 0.9167230297407803 0.9330258696994154 0.9330258696994154 
6 25 1 0.9136973305122331 0.9330258696994154 0.9330258696994154 
7 8 1 0.9194913869471876 0.9330258696994154 0.9330258696994154 
8 9 0 0.9194622949395712 0.9330258696994154 0.9330258696994154 
9 8 1 0.9195244114566282 0.9330258696994154 0.9330258696994154 
10 15 1 0.915868104424304 0.9330258696994154 0.9330258696994154 
11 49 0 0.9176522575524341 0.9330258696994154 0.9330258696994154 
12 14 2 0.9219408057648818 0.9330258696994154 0.9330258696994154 
13 13 0 0.9184319912169896 0.9330258696994154 0.9330258696994154 
14 22 0 0.9165004380596108 0.9330258696994154 0.9330258696994154 
15 32 0 0.9169499840453189 0.9330258696994154 0.9330258696994154 
16 48 0 0.9190593722600088 0.9330258696994154 0.9330258696994154 
17 38 0 0.9146021296267222 0.9330258696994154 0.9330258696994154 
18 5 0 0.9158416751377239 0.9330258696994154 0.9330258696994154 
19 88 0 0.9177002968318689 0.9330258696994154 0.9330258696994154 
20 22 1 0.9206989803043822 0.9330258696994154 0.9330258696994154 
21 48 1 0.9147220759520713 0.9330258696994154 0.9330258696994154 
22 9 0 0.920838920710064 0.9330258696994154 0.9330258696994154 
23 4 0 0.9237806688359099 0.9330258696994154 0.9330258696994154 
24 51 0 0.9195517121195687 0.9330258696994154 0.9330258696994154 
25 40 0 0.9186564050764768 0.9330258696994154 0.9330258696994154 
26 5 0 0.9270557201359911 0.9330258696994154 0.9330258696994154 
27 8 0 0.9152126959202911 0.9330258696994154 0.9330258696994154 
28 29 0 0.9190428543899835 0.9330258696994154 0.9330258696994154 
29 30 0 0.9208107997570391 0.9330258696994154 0.9330258696994154 
0 407 1 0.7926137267683668 0.9330258696994154 0.9330258696994154 
1 122 0 0.8231467289421449 0.9330258696994154 0.9330258696994154 
2 266 1 0.8619625437541574 0.9330258696994154 0.9330258696994154 
3 125 0 0.8846240157140072 0.9330258696994154 0.9330258696994154 
4 159 0 0.8999524921803024 0.9330258696994154 0.9330258696994154 
5 325 0 0.9099465384497549 0.9330258696994154 0.9330258696994154 
6 676 0 0.9022644277908458 0.9330258696994154 0.9330258696994154 
7 94 0 0.9097773023294877 0.9330258696994154 0.9330258696994154 
8 16 0 0.9180846614275723 0.9330258696994154 0.9330258696994154 
9 8 0 0.9212294733713168 0.9330258696994154 0.9330258696994154 
10 19 1 0.9170321687321293 0.9330258696994154 0.9330258696994154 
11 22 0 0.9204595132192809 0.9330258696994154 0.9330258696994154 
12 22 2 0.9209066562633609 0.9330258696994154 0.9330258696994154 
13 19 0 0.9187334952250271 0.9330258696994154 0.9330258696994154 
14 30 0 0.9155396609807217 0.9330258696994154 0.9330258696994154 
15 7 1 0.9221631411247857 0.9330258696994154 0.9330258696994154 
16 21 0 0.9135288542153471 0.9330258696994154 0.9330258696994154 
17 14 0 0.9201643084220079 0.9330258696994154 0.9330258696994154 
18 39 1 0.9232936747590401 0.9330258696994154 0.9330258696994154 
19 36 0 0.9191777358897995 0.9330258696994154 0.9330258696994154 
20 23 0 0.9185506340728545 0.9330258696994154 0.9330258696994154 
21 86 0 0.9147406838586832 0.9330258696994154 0.9330258696994154 
22 13 1 0.9176656239314527 0.9330258696994154 0.9330258696994154 
23 19 0 0.9222816723711038 0.9330258696994154 0.9330258696994154 
24 20 0 0.91722104735506 0.9330258696994154 0.9330258696994154 
25 13 0 0.9226154897675306 0.9330258696994154 0.9330258696994154 
26 30 0 0.9227092546251842 0.9330258696994154 0.9330258696994154 
27 33 0 0.9179453536603559 0.9330258696994154 0.9330258696994154 
28 15 1 0.9167809112702142 0.9330258696994154 0.9330258696994154 
29 12 0 0.9236233823152117 0.9330258696994154 0.9330258696994154 
0 381 1 0.7909891891309401 0.9330258696994154 0.9330258696994154 
1 225 1 0.832326266128287 0.9330258696994154 0.9330258696994154 
2 377 0 0.8629203622040836 0.9330258696994154 0.9330258696994154 
3 72 1 0.898785472911518 0.9330258696994154 0.9330258696994154 
4 144 0 0.9083782142075659 0.9330258696994154 0.9330258696994154 
5 66 0 0.9094846973660597 0.9330258696994154 0.9330258696994154 
6 19 0 0.9164444294813029 0.9330258696994154 0.9330258696994154 
7 70 0 0.9093880828598772 0.9330258696994154 0.9330258696994154 
8 18 1 0.9247595405238873 0.9330258696994154 0.9330258696994154 
9 21 0 0.9191519539346829 0.9330258696994154 0.9330258696994154 
10 21 1 0.9213385820656963 0.9330258696994154 0.9330258696994154 
11 16 0 0.9212465287304387 0.9330258696994154 0.9330258696994154 
12 32 3 0.9197963149827432 0.9330258696994154 0.9330258696994154 
13 27 0 0.924963001908793 0.9330258696994154 0.9330258696994154 
14 158 0 0.9163983227873598 0.9330258696994154 0.9330258696994154 
15 13 0 0.9202432864048834 0.9330258696994154 0.9330258696994154 
16 71 0 0.9183966366145563 0.9330258696994154 0.9330258696994154 
17 35 0 0.9230451589063335 0.9330258696994154 0.9330258696994154 
18 9 0 0.9240163750896204 0.9330258696994154 0.9330258696994154 
19 23 1 0.9234022457440396 0.9330258696994154 0.9330258696994154 
20 16 0 0.9173866348188128 0.9330258696994154 0.9330258696994154 
21 12 1 0.9237206360817486 0.9330258696994154 0.9330258696994154 
22 6 0 0.9198533215337078 0.9330258696994154 0.9330258696994154 
23 27 0 0.917016915619845 0.9330258696994154 0.9330258696994154 
24 15 0 0.9193368627371094 0.9330258696994154 0.9330258696994154 
25 36 1 0.915912122684812 0.9330258696994154 0.9330258696994154 
26 10 0 0.9193857964168072 0.9330258696994154 0.9330258696994154 
27 71 0 0.919755514899467 0.9330258696994154 0.9330258696994154 
28 8 0 0.9225009660698325 0.9330258696994154 0.9330258696994154 
29 5 0 0.9249477917897714 0.9330258696994154 0.9330258696994154 
0 429 2 0.7975268884451232 0.9330258696994154 0.9330258696994154 
1 446 1 0.8403742289392203 0.9330258696994154 0.9330258696994154 
2 84 1 0.8826012836291659 0.9330258696994154 0.9330258696994154 
3 189 0 0.9007850273800467 0.9330258696994154 0.9330258696994154 
4 300 1 0.9112334436948282 0.9330258696994154 0.9330258696994154 
5 25 0 0.9187477154861569 0.9330258696994154 0.9330258696994154 
6 575 1 0.9195894480321206 0.9330258696994154 0.9330258696994154 
7 55 0 0.9198183200275478 0.9330258696994154 0.9330258696994154 
8 24 0 0.9204706960427519 0.9330258696994154 0.9330258696994154 
9 5 0 0.9237560204255024 0.9330258696994154 0.9330258696994154 
10 84 1 0.919070443245325 0.9330258696994154 0.9330258696994154 
11 59 0 0.9143291984518853 0.9330258696994154 0.9330258696994154 
12 22 3 0.9196842747899532 0.9330258696994154 0.9330258696994154 
13 27 0 0.9130051076730191 0.9330258696994154 0.9330258696994154 
14 8 1 0.9216667821198334 0.9330258696994154 0.9330258696994154 
15 36 1 0.9188945433104866 0.9330258696994154 0.9330258696994154 
16 8 0 0.9223579205190501 0.9330258696994154 0.9330258696994154 
17 18 0 0.9197863986110408 0.9330258696994154 0.9330258696994154 
18 27 0 0.9152039225927133 0.9330258696994154 0.9330258696994154 
19 14 0 0.9189754010571508 0.9330258696994154 0.9330258696994154 
20 7 1 0.9239380886070125 0.9330258696994154 0.9330258696994154 
21 58 0 0.9175394087386549 0.9330258696994154 0.9330258696994154 
22 18 0 0.9169633306103908 0.9330258696994154 0.9330258696994154 
23 18 0 0.9217196151758849 0.9330258696994154 0.9330258696994154 
24 63 0 0.9214098618275114 0.9330258696994154 0.9330258696994154 
25 17 1 0.9199506094102228 0.9330258696994154 0.9330258696994154 
26 59 0 0.918262145177999 0.9330258696994154 0.9330258696994154 
27 131 0 0.9203800327171043 0.9330258696994154 0.9330258696994154 
28 15 0 0.9173075561835182 0.9330258696994154 0.9330258696994154 
29 14 0 0.9174354215256969 0.9330258696994154 0.9330258696994154 
0 322 1 0.7915806433004174 0.9330258696994154 0.9330258696994154 
1 192 1 0.8427396214755596 0.9330258696994154 0.9330258696994154 
2 319 0 0.8744301221997773 0.9330258696994154 0.9330258696994154 
3 209 1 0.9008990082249981 0.9330258696994154 0.9330258696994154 
4 417 0 0.9148374575670856 0.9330258696994154 0.9330258696994154 
5 26 0 0.9188186195038888 0.9330258696994154 0.9330258696994154 
6 43 1 0.9125094097896495 0.9330258696994154 0.9330258696994154 
7 19 0 0.9200235606449192 0.9330258696994154 0.9330258696994154 
8 21 0 0.9197051564137382 0.9330258696994154 0.9330258696994154 
9 7 1 0.9198520258353783 0.9330258696994154 0.9330258696994154 
10 12 0 0.9182940746078938 0.9330258696994154 0.9330258696994154 
11 46 0 0.9213103227272889 0.9330258696994154 0.9330258696994154 
12 43 3 0.9173828609007111 0.9330258696994154 0.9330258696994154 
13 20 0 0.9153396944001166 0.9330258696994154 0.9330258696994154 
14 98 0 0.9183029344212108 0.9330258696994154 0.9330258696994154 
15 18 0 0.9223269320748311 0.9330258696994154 0.9330258696994154 
16 39 0 0.917113388703245 0.9330258696994154 0.9330258696994154 
17 32 0 0.9158252678948662 0.9330258696994154 0.9330258696994154 
18 15 1 0.9230733803939664 0.9330258696994154 0.9330258696994154 
19 33 0 0.9229438119066287 0.9330258696994154 0.9330258696994154 
20 49 1 0.9168382075249437 0.9330258696994154 0.9330258696994154 
21 23 1 0.9190815273712174 0.9330258696994154 0.9330258696994154 
22 19 1 0.9165073269148798 0.9330258696994154 0.9330258696994154 
23 28 1 0.9182678907484345 0.9330258696994154 0.9330258696994154 
24 7 0 0.9223831539674571 0.9330258696994154 0.9330258696994154 
25 39 0 0.9155077109854708 0.9330258696994154 0.9330258696994154 
26 24 0 0.9124461685655787 0.9330258696994154 0.9330258696994154 
27 28 1 0.9206885930540537 0.9330258696994154 0.9330258696994154 
28 16 0 0.9249648184029188 0.9330258696994154 0.9330258696994154 
29 24 1 0.9277931144448273 0.9330258696994154 0.9330258696994154 
