0 40828 688 0.04087305741247136 0.46288455170377873 0.46288455170377873 
1 2607 31 0.3147494647550804 0.46297985728159685 0.46297985728159685 
2 1710 13 0.4144130395254155 0.4634938493703808 0.4634938493703808 
3 431 7 0.446107908523261 0.4627356808465416 0.4634938493703808 
4 943 6 0.45464199500878016 0.4632456008589563 0.4634938493703808 
5 906 9 0.4572066121949518 0.46327826099060937 0.4634938493703808 
6 692 13 0.45928411828796356 0.46414674474450224 0.46414674474450224 
7 896 18 0.46070511924535784 0.4656831110832673 0.4656831110832673 
8 1872 26 0.46114317011937567 0.4662478539139793 0.4662478539139793 
9 1074 30 0.46438661669556114 0.46805838581790726 0.46805838581790726 
10 1744 65 0.4541789395753859 0.46869826873258147 0.46869826873258147 
11 590 38 0.4662630939518609 0.46918207235017906 0.46918207235017906 
12 962 40 0.46626457373448404 0.4696718377443181 0.4696718377443181 
13 1671 38 0.4675488942261676 0.47007509594409097 0.47007509594409097 
14 869 38 0.4684760888671651 0.47042485582572036 0.47042485582572036 
15 2128 39 0.468251374706308 0.470509048001346 0.470509048001346 
16 985 44 0.46116974037592084 0.47090790680982464 0.47090790680982464 
17 594 50 0.46132678721789305 0.4710008649513865 0.4710008649513865 
18 2169 54 0.4691760080664935 0.47099232184937295 0.4710008649513865 
19 1566 83 0.4646783904510432 0.471076993819202 0.471076993819202 
20 1900 58 0.47023332848475946 0.47110364028685636 0.47110364028685636 
21 1952 61 0.4707283908568749 0.4712259701089424 0.4712259701089424 
22 1319 64 0.4690052807864493 0.4715064453557267 0.4715064453557267 
23 1936 69 0.47145428527761174 0.471840380404098 0.471840380404098 
24 565 68 0.47168583620293153 0.4719407028300605 0.4719407028300605 
25 2527 74 0.4685701015440024 0.472051330287829 0.472051330287829 
26 2165 80 0.471566848004289 0.4721429816546948 0.4721429816546948 
27 1033 84 0.4712386807459207 0.47215563387018106 0.47215563387018106 
28 769 86 0.47181748877062624 0.47207982426084955 0.47215563387018106 
29 1533 92 0.47126395004264976 0.47206598998588395 0.47215563387018106 
0 36054 132 -0.032684029915434995 0.4621490759124227 0.4621490759124227 
1 2138 40 0.303628000764569 0.4619043418642015 0.4621490759124227 
2 1862 22 0.38868846262190454 0.4626730922550222 0.4626730922550222 
3 1044 10 0.4406900684395377 0.46190346137840266 0.4626730922550222 
4 374 10 0.45173936399185716 0.46268353176897226 0.46268353176897226 
5 1611 11 0.4556932375387753 0.46496380307837043 0.46496380307837043 
6 1685 16 0.4588072378416221 0.46507302880714196 0.46507302880714196 
7 1733 21 0.460350026925447 0.4660043458618594 0.4660043458618594 
8 1097 26 0.4625928405472407 0.46674878757995664 0.46674878757995664 
9 1589 32 0.46280281714604327 0.4671396665815938 0.4671396665815938 
10 844 35 0.46560865533367507 0.46739001561805066 0.46739001561805066 
11 822 35 0.46661105524044283 0.46829048317957417 0.46829048317957417 
12 2181 41 0.4632734993541079 0.468677811260372 0.468677811260372 
13 1703 52 0.46790146205066185 0.4691728800783753 0.4691728800783753 
14 1145 56 0.4662066093919011 0.4695886203285202 0.4695886203285202 
15 312 62 0.4687397373534454 0.4696290959317292 0.4696290959317292 
16 1589 68 0.46632485263283685 0.47022175286789636 0.47022175286789636 
17 1536 77 0.4688897535286822 0.4704802571408926 0.4704802571408926 
18 1544 74 0.4693857508716595 0.4708797860753463 0.4708797860753463 
19 1739 80 0.4699973560917277 0.47102839018111864 0.47102839018111864 
20 1070 86 0.4642710400866512 0.4711751269994339 0.4711751269994339 
21 555 90 0.4709452082312629 0.47148403682802703 0.47148403682802703 
22 1242 90 0.4689889221363919 0.47154822609923047 0.47154822609923047 
23 1314 96 0.4686920239630584 0.47167073099286616 0.47167073099286616 
24 1876 97 0.4710722348352565 0.4717964556038902 0.4717964556038902 
25 398 99 0.4715449743700663 0.47182855838933546 0.47182855838933546 
26 804 100 0.47175911660166464 0.4723692750074294 0.4723692750074294 
27 2183 107 0.4708118357022428 0.472411797256049 0.472411797256049 
28 1538 113 0.4720264414094095 0.4726796182587166 0.4726796182587166 
29 1226 119 0.47117076899055277 0.47278094936919257 0.47278094936919257 
0 43419 612 -0.03731443208080642 0.4636165918589612 0.4636165918589612 
1 3431 48 0.23217552110144937 0.4636305576603763 0.4636305576603763 
2 2828 30 0.3411923767185101 0.46248717490056235 0.4636305576603763 
3 1859 15 0.40737110138128135 0.4618056566599702 0.4636305576603763 
4 1086 10 0.44484901484766065 0.4630215632109911 0.4636305576603763 
5 872 10 0.4554420476013805 0.46342361808971216 0.4636305576603763 
6 1139 14 0.4577083191620253 0.4642725801251125 0.4642725801251125 
7 805 21 0.4582389084025047 0.4639991433144839 0.4642725801251125 
8 2128 25 0.45994976408549654 0.46468372841853467 0.46468372841853467 
9 621 29 0.4625953912258221 0.4657449826195631 0.4657449826195631 
10 995 33 0.46346475693240663 0.4661020550473986 0.4661020550473986 
11 1905 35 0.461477581550762 0.4663999509322959 0.4663999509322959 
12 1024 36 0.4648650931258866 0.4667186296351704 0.4667186296351704 
13 1987 39 0.46573403209263153 0.46765628347495963 0.46765628347495963 
14 1865 42 0.4639851456480482 0.4680337768631759 0.4680337768631759 
15 1891 49 0.46696056820702325 0.4681428368099422 0.4681428368099422 
16 1151 52 0.46754049415308857 0.46880510173271006 0.46880510173271006 
17 2168 56 0.4676609883740167 0.46907312040058435 0.46907312040058435 
18 1315 59 0.4683622918961885 0.46934781798677305 0.46934781798677305 
19 1536 61 0.4687453907096081 0.4693833486174469 0.4693833486174469 
20 2386 64 0.4689923911910161 0.4699166779463512 0.4699166779463512 
21 1797 66 0.46974865862188847 0.47050287956848874 0.47050287956848874 
22 1557 69 0.4698229754738294 0.4707658645381211 0.4707658645381211 
23 725 70 0.4704261664300692 0.47088034886540314 0.47088034886540314 
24 735 71 0.4706350022827433 0.4713524348644673 0.4713524348644673 
25 1331 76 0.4692386947536031 0.47119908214048545 0.4713524348644673 
26 1612 81 0.46982636459844 0.4713150348690329 0.4713524348644673 
27 2579 89 0.47049048266917076 0.47122758573957396 0.4713524348644673 
28 1882 139 0.46722360961743525 0.4713510064646107 0.4713524348644673 
29 1509 100 0.47108788990239736 0.4715017998164417 0.4715017998164417 
0 39330 110 0.050239373370552155 0.4611194311789256 0.4611194311789256 
1 2346 39 0.265889417187684 0.4627598062842242 0.4627598062842242 
2 1313 20 0.3767315570187846 0.4623718083122908 0.4627598062842242 
3 894 13 0.4317715772109401 0.4619992726133445 0.4627598062842242 
4 1198 8 0.45282597483904163 0.46211339564098264 0.4627598062842242 
5 883 9 0.45748809302110566 0.4638658218165522 0.4638658218165522 
6 655 11 0.45972603213248514 0.46406941094425 0.46406941094425 
7 664 13 0.4605401257840953 0.46443216395923625 0.46443216395923625 
8 2028 16 0.46068962490241305 0.46654067897543117 0.46654067897543117 
9 1427 23 0.4631256403319353 0.46732352314392067 0.46732352314392067 
10 1645 35 0.45712169549193754 0.46787184240033164 0.46787184240033164 
11 1112 28 0.4663917668893172 0.46818268189635004 0.46818268189635004 
12 1858 32 0.4663305242911374 0.4691236198822551 0.4691236198822551 
13 630 33 0.4672568169324702 0.46913197831532644 0.46913197831532644 
14 844 35 0.46695467113793687 0.4694419803567362 0.4694419803567362 
15 1313 38 0.46671499368930286 0.47001915322824495 0.47001915322824495 
16 1796 41 0.468139407359495 0.47015463213103853 0.47015463213103853 
17 2076 45 0.469435065388023 0.47091731918381297 0.47091731918381297 
18 1769 48 0.4681941972902689 0.4713906636659264 0.4713906636659264 
19 1190 51 0.4697657778235375 0.47137012157195735 0.4713906636659264 
20 812 52 0.4706079365249734 0.4712481237437547 0.4713906636659264 
21 707 52 0.4710108631498248 0.47155526501063716 0.47155526501063716 
22 1101 60 0.4568511700660287 0.4717679974838388 0.4717679974838388 
23 1120 62 0.47121646350786817 0.47178753332321793 0.47178753332321793 
24 1081 63 0.47150750153432974 0.4720593469598222 0.4720593469598222 
25 1179 64 0.4717132160252677 0.47226411613951197 0.47226411613951197 
26 1356 66 0.47210149963866743 0.4724578640992697 0.4724578640992697 
27 406 64 0.47235742545778764 0.4725769539702551 0.4725769539702551 
28 2156 66 0.4724730801846282 0.4729303288624567 0.4729303288624567 
29 1363 68 0.47278501912886434 0.4731355096695343 0.4731355096695343 
0 36287 638 0.017340815371837456 0.46196908471631504 0.46196908471631504 
1 877 36 0.319730427759219 0.46208903598561135 0.46208903598561135 
2 1334 20 0.4055679772297057 0.46194597377259106 0.46208903598561135 
3 186 9 0.4467827946503102 0.4631260072174226 0.4631260072174226 
4 1012 9 0.45464233968206136 0.4621564527684081 0.4631260072174226 
5 835 11 0.45731449955389214 0.46294780795022 0.4631260072174226 
6 1103 16 0.45896326711733687 0.4640013188352431 0.4640013188352431 
7 893 21 0.46140834507183953 0.464920868859579 0.464920868859579 
8 1581 26 0.4632775979622602 0.46567561826365894 0.46567561826365894 
9 1464 29 0.4646896978888267 0.46644634314696587 0.46644634314696587 
10 1684 32 0.4653073041470194 0.46684806517177246 0.46684806517177246 
11 1252 50 0.458006842801659 0.4675300657449938 0.4675300657449938 
12 290 37 0.4672791634309782 0.46793905545174963 0.46793905545174963 
13 831 39 0.46772345692111594 0.4683661180759586 0.4683661180759586 
14 595 67 0.4604055555474118 0.46882794812879613 0.46882794812879613 
15 876 40 0.4686883345801877 0.4696737214867978 0.4696737214867978 
16 1037 44 0.4690229732486042 0.46989625461861045 0.46989625461861045 
17 898 43 0.4695383826312585 0.47017316285559874 0.47017316285559874 
18 712 47 0.46986694338451995 0.47179682677462675 0.47179682677462675 
19 1665 50 0.46831067900500534 0.472105360669505 0.472105360669505 
20 1674 62 0.46651137622546424 0.4718351449700345 0.472105360669505 
21 1079 68 0.47036768904029463 0.47212828698501746 0.47212828698501746 
22 823 66 0.4709072007597369 0.47231554193438463 0.47231554193438463 
23 1287 70 0.47151690039221156 0.47260700685015944 0.47260700685015944 
24 1152 78 0.4707367171666034 0.4728162183303142 0.4728162183303142 
25 1422 76 0.46994810825984223 0.4728190311890316 0.4728190311890316 
26 2550 121 0.46743769365608023 0.4728449911360178 0.4728449911360178 
27 1939 141 0.4664908193800163 0.4728658556064193 0.4728658556064193 
28 1884 269 0.45330473190536275 0.4728859149483621 0.4728859149483621 
29 1509 138 0.462370555864157 0.47273930321719754 0.4728859149483621 
0 37782 145 0.006110162029003814 0.4609981410169176 0.4609981410169176 
1 2474 52 0.26203328152946903 0.4606449215281456 0.4609981410169176 
2 1658 28 0.373120458605227 0.4615517083505184 0.4615517083505184 
3 1065 15 0.42722576719235084 0.4606745307307991 0.4615517083505184 
4 1292 11 0.44737167815161416 0.4609470337602277 0.4615517083505184 
5 1733 13 0.4506533164179571 0.46068603461780183 0.4615517083505184 
6 1679 17 0.4577442598028367 0.4624556158648618 0.4624556158648618 
7 1555 25 0.460117128879091 0.46418974580816275 0.46418974580816275 
8 1046 28 0.46175737774959474 0.46496809193763267 0.46496809193763267 
9 753 34 0.4633539975654631 0.46574093478042256 0.46574093478042256 
10 786 39 0.46423437499102715 0.4668880862286544 0.4668880862286544 
11 1226 44 0.46533028871884446 0.46742391683891416 0.46742391683891416 
12 1655 50 0.46419808559646447 0.4676087342571885 0.4676087342571885 
13 1396 59 0.4562372079179018 0.4674181960786252 0.4676087342571885 
14 508 62 0.4663941305437424 0.4677996305735831 0.4677996305735831 
15 1911 65 0.4666833723496092 0.4681416943320986 0.4681416943320986 
16 1645 71 0.46650520239763293 0.46852395698133453 0.46852395698133453 
17 446 70 0.46771070860677233 0.468408734751771 0.46852395698133453 
18 1317 76 0.4625415334673548 0.469363226038492 0.469363226038492 
19 1314 80 0.461096459708725 0.4693866342301332 0.4693866342301332 
20 2357 84 0.46790109912431754 0.46934086876222103 0.4693866342301332 
21 1802 98 0.4660975485366105 0.46923255475691994 0.4693866342301332 
22 835 90 0.4679846719968142 0.46938096685104175 0.4693866342301332 
23 1254 92 0.46858336807710854 0.4697187997113953 0.4697187997113953 
24 1932 95 0.46858275892559886 0.46990506686505895 0.46990506686505895 
25 1187 98 0.46909722004602167 0.47029635427660166 0.47029635427660166 
26 923 133 0.46600870148537976 0.4703046232108784 0.4703046232108784 
27 1128 98 0.4691198232878373 0.47013653819799545 0.4703046232108784 
28 1464 106 0.46269744669207546 0.4701481141632925 0.4703046232108784 
29 981 108 0.46988925065745574 0.4703181417486978 0.4703181417486978 
0 41563 101 0.03213553324763763 0.4617828564406925 0.4617828564406925 
1 2091 35 0.2668107355084988 0.46255723086077905 0.46255723086077905 
2 986 19 0.3720535471305205 0.46292627044254975 0.46292627044254975 
3 1715 10 0.42644024902487837 0.46366502017526157 0.46366502017526157 
4 1238 8 0.45281418062157713 0.4617831334413689 0.46366502017526157 
5 1873 15 0.4438634512498954 0.462254161392633 0.46366502017526157 
6 997 14 0.45888611525917566 0.46348153329750597 0.46366502017526157 
7 1624 19 0.4613447327868475 0.4650827201301828 0.4650827201301828 
8 921 22 0.46300829436140595 0.46545195940612794 0.46545195940612794 
9 1646 24 0.46444548125156 0.4664739017194164 0.4664739017194164 
10 615 26 0.46538735958601907 0.4671664506910722 0.4671664506910722 
11 1218 29 0.465117925582304 0.4674890789261623 0.4674890789261623 
12 846 31 0.4659027276149776 0.46736561219886164 0.4674890789261623 
13 2260 35 0.463851475027788 0.46779562322308144 0.46779562322308144 
14 689 42 0.46696499961776816 0.4676695169563722 0.46779562322308144 
15 2210 47 0.4673950118629545 0.46901442026758644 0.46901442026758644 
16 249 52 0.468310161387376 0.4699139946497695 0.4699139946497695 
17 1576 54 0.4683981637994608 0.4702305518324137 0.4702305518324137 
18 2402 52 0.4688658647444738 0.4705709556924811 0.4705709556924811 
19 1742 51 0.4695624909076722 0.4708574156175477 0.4708574156175477 
20 1709 51 0.46990145453464643 0.4714162943682543 0.4714162943682543 
21 1343 52 0.470575216577826 0.47168151700270844 0.47168151700270844 
22 1152 64 0.46093016612703575 0.4717721101038429 0.4717721101038429 
23 2414 97 0.4642624965325095 0.4715794892600961 0.4717721101038429 
24 967 57 0.4714103282542635 0.4723479468868105 0.4723479468868105 
25 2130 58 0.4716634701564382 0.47285994881884436 0.47285994881884436 
26 1931 64 0.4698768298399212 0.4727531677043487 0.47285994881884436 
27 1868 75 0.46309151223282785 0.47263069198420393 0.47285994881884436 
28 1541 72 0.4626946176645521 0.47238228833393436 0.47285994881884436 
29 1286 76 0.470001041548595 0.47201485413071964 0.47285994881884436 
0 45833 646 -0.014006184470076573 0.4659151758815291 0.4659151758815291 
1 2634 35 0.3095903627972958 0.4641257452628125 0.4659151758815291 
2 1652 17 0.40509696173803034 0.46383788977764573 0.4659151758815291 
3 1285 11 0.4384296684200114 0.4631250776904927 0.4659151758815291 
4 1374 9 0.4495609730735983 0.4622826678495763 0.4659151758815291 
5 1408 10 0.4560983756707347 0.4632029561412051 0.4659151758815291 
6 2084 14 0.45646448436069514 0.46357165655074445 0.4659151758815291 
7 1537 19 0.4602999276098354 0.46449023100145614 0.4659151758815291 
8 1343 23 0.4619848030057537 0.4649490199456501 0.4659151758815291 
9 3392 29 0.4591382257091957 0.46514893992015693 0.4659151758815291 
10 2227 31 0.46367714674763655 0.46535170475908616 0.4659151758815291 
11 1944 34 0.4644281640606996 0.46630742347659815 0.46630742347659815 
12 920 36 0.465083949012069 0.4666051666242821 0.4666051666242821 
13 1497 38 0.4655005730253929 0.46699266156205277 0.46699266156205277 
14 2154 42 0.465603216057206 0.4683935995612343 0.4683935995612343 
15 1559 51 0.46722130149057306 0.4684732016289548 0.4684732016289548 
16 877 54 0.46807817198606033 0.4688211831024165 0.4688211831024165 
17 821 54 0.46859038163722877 0.4693131623000347 0.4693131623000347 
18 1773 57 0.46706028031393765 0.4696813809255955 0.4696813809255955 
19 2217 60 0.4689155120417668 0.4697346735019241 0.4697346735019241 
20 713 61 0.4692913828003478 0.47009739060410405 0.47009739060410405 
21 1891 64 0.46951409417567364 0.4703899677413589 0.4703899677413589 
22 1622 67 0.46959903210056203 0.47057367651506565 0.47057367651506565 
23 1540 73 0.467286419185217 0.4707680518464486 0.4707680518464486 
24 1536 79 0.469394580969095 0.4708284737555468 0.4708284737555468 
25 1045 81 0.47042376905363426 0.47106545836861724 0.47106545836861724 
26 813 93 0.47009012604280914 0.47130636545708804 0.47130636545708804 
27 2858 89 0.4695777865470905 0.4710768282880921 0.47130636545708804 
28 1750 90 0.4685168201685068 0.4710571167386659 0.47130636545708804 
29 1469 94 0.47046149515352864 0.47109620605840935 0.47130636545708804 
0 41128 642 -0.06508725295557846 0.4625640982847286 0.4625640982847286 
1 2059 54 0.25880072834004364 0.46242864694293184 0.4625640982847286 
2 1035 23 0.3905531985780561 0.4628546227132225 0.4628546227132225 
3 1511 16 0.41966810693079304 0.46067891572417063 0.4628546227132225 
4 1039 11 0.4480047515670678 0.46253862529507145 0.4628546227132225 
5 866 12 0.4545057305619949 0.4632113406070778 0.4632113406070778 
6 1052 18 0.45669688547861303 0.46368352771024085 0.46368352771024085 
7 523 23 0.4595977655939686 0.46380336027497837 0.46380336027497837 
8 1643 37 0.46056261152563616 0.46453223700599494 0.46453223700599494 
9 365 40 0.46230154568780735 0.4648420492342893 0.4648420492342893 
10 777 48 0.4617320971640858 0.46600738492736976 0.46600738492736976 
11 1693 61 0.4640139217048318 0.4663748970620988 0.4663748970620988 
12 1426 70 0.45783600503889815 0.46690356416948287 0.46690356416948287 
13 555 74 0.46543745933995284 0.46746686095945406 0.46746686095945406 
14 645 75 0.46624552009852543 0.46786519932106946 0.46786519932106946 
15 1079 80 0.46653625959008466 0.46885506008406497 0.46885506008406497 
16 1292 84 0.4674772503290109 0.4690827129500057 0.4690827129500057 
17 1814 188 0.4567664826907796 0.4696486069303992 0.4696486069303992 
18 868 86 0.4683170094290911 0.4694501861438813 0.4696486069303992 
19 1610 87 0.46861654215963483 0.4699298873963157 0.4699298873963157 
20 1183 89 0.4690212299283803 0.4700052632527887 0.4700052632527887 
21 931 91 0.469473237463597 0.47026662372560574 0.47026662372560574 
22 1738 95 0.4687542780089195 0.4705238627890107 0.4705238627890107 
23 1625 98 0.4701639490362534 0.47065315476989966 0.47065315476989966 
24 1521 103 0.47012377523856635 0.4708266303876626 0.4708266303876626 
25 1537 110 0.4666677610472951 0.4708819475087999 0.4708819475087999 
26 1109 118 0.4705541350684589 0.47089895532416953 0.47089895532416953 
27 1223 116 0.4707139204379685 0.47105338748350833 0.47105338748350833 
28 867 122 0.4657586459886761 0.47106045801485164 0.47106045801485164 
29 1256 133 0.47000510175261945 0.4709658496548085 0.47106045801485164 
0 37910 158 -4.171607168033692E-4 0.4635608467824512 0.4635608467824512 
1 2814 38 0.28146063316455744 0.46278413279849817 0.4635608467824512 
2 1290 18 0.39596250094632346 0.46268899512536255 0.4635608467824512 
3 1399 8 0.4435839024682612 0.46235320702136695 0.4635608467824512 
4 1616 8 0.45667455472650353 0.46416523495263773 0.46416523495263773 
5 1194 10 0.45416290405919646 0.4651466712352032 0.4651466712352032 
6 1606 13 0.4605999503836062 0.4655741148976296 0.4655741148976296 
7 503 17 0.4631553601150597 0.46607917373729424 0.46607917373729424 
8 1791 24 0.44957979502792833 0.4663792898438961 0.4663792898438961 
9 792 30 0.46583547291915006 0.4671393318583703 0.4671393318583703 
10 1252 28 0.466126921561416 0.46764187832119486 0.46764187832119486 
11 876 28 0.46720701959556243 0.468212848706282 0.468212848706282 
12 1799 33 0.46726681190735925 0.46844962058133777 0.46844962058133777 
13 2148 36 0.4668187500660286 0.46833455314147826 0.46844962058133777 
14 869 37 0.46790810219548135 0.46862904747787504 0.46862904747787504 
15 2041 51 0.45881701922900936 0.4688217213525553 0.4688217213525553 
16 841 42 0.46841321323692836 0.4692270104477404 0.4692270104477404 
17 1220 57 0.46440271860294635 0.4694948039810265 0.4694948039810265 
18 2453 46 0.46897369734029576 0.4698826086506828 0.4698826086506828 
19 769 49 0.46936696161142666 0.4706339855605718 0.4706339855605718 
20 1396 1097 0.3307659900866394 0.4710700770585088 0.4710700770585088 
21 2132 52 0.4690102046466436 0.47096349810065136 0.4710700770585088 
22 1978 53 0.47002868474033976 0.4712420484600227 0.4712420484600227 
23 1938 55 0.4697758725117898 0.47139108176070177 0.47139108176070177 
24 698 56 0.47047818452710055 0.47156905579431985 0.47156905579431985 
25 1847 57 0.4709394990124043 0.4718044003688234 0.4718044003688234 
26 964 60 0.4713730833920256 0.4720416214089088 0.4720416214089088 
27 2398 62 0.47051069469333023 0.47215625701984726 0.47215625701984726 
28 508 64 0.47182559542732944 0.47215001767012843 0.47215625701984726 
29 569 64 0.4718970298942041 0.472441308225099 0.472441308225099 
0 40809 501 0.0978371356814413 0.4646224050415887 0.4646224050415887 
1 1307 33 0.31414565022946755 0.46439697623970666 0.4646224050415887 
2 866 23 0.40126690761385786 0.4634717213195638 0.4646224050415887 
3 2437 9 0.4434158191074953 0.46219132019692616 0.4646224050415887 
4 510 8 0.45396458724810657 0.461195286466364 0.4646224050415887 
5 1547 10 0.45847795702563077 0.46320449112492157 0.4646224050415887 
6 1243 12 0.460219015492911 0.4649430932736268 0.4649430932736268 
7 2216 30 0.44998572753853977 0.46454460222335153 0.4649430932736268 
8 1161 23 0.46354724824416677 0.4655336464715619 0.4655336464715619 
9 1144 28 0.46436359399609545 0.4665228322896465 0.4665228322896465 
10 1207 30 0.46506112156914753 0.4679954771858302 0.4679954771858302 
11 1125 33 0.4659622916194337 0.46887232155008196 0.46887232155008196 
12 1287 36 0.4667545826170801 0.46897257632967304 0.46897257632967304 
13 806 38 0.467706442428208 0.4701214213617158 0.4701214213617158 
14 1736 39 0.4687971927929673 0.47082298682358087 0.47082298682358087 
15 1364 51 0.46743911503628205 0.4715787595863447 0.4715787595863447 
16 1256 50 0.4700213271515025 0.47158773589631336 0.47158773589631336 
17 1655 63 0.45956796542267175 0.4716359531658817 0.4716359531658817 
18 656 63 0.46932645929922706 0.47178222464672814 0.47178222464672814 
19 612 65 0.4711688135219938 0.47213454828518064 0.47213454828518064 
20 1019 68 0.47041497126853116 0.47231976055389663 0.47231976055389663 
21 887 73 0.47095665264045905 0.47220625972476415 0.47231976055389663 
22 1166 76 0.4714142527658794 0.47245463541695965 0.47245463541695965 
23 1696 78 0.4718668119393574 0.4727449999232245 0.4727449999232245 
24 1477 120 0.4068471507739112 0.47271721190365773 0.4727449999232245 
25 678 91 0.4721877096905759 0.4727090963848868 0.4727449999232245 
26 1575 276 0.45431326689427753 0.47267897650639734 0.4727449999232245 
27 2183 101 0.47141648757323545 0.47267354951479557 0.4727449999232245 
28 1478 97 0.4721701185276228 0.4727776914066113 0.4727776914066113 
29 1241 98 0.47227582431244464 0.472684602513814 0.4727776914066113 
0 36503 97 0.03924467158992487 0.4617746116235935 0.4617746116235935 
1 2212 36 0.2619797338237974 0.4609618226311463 0.4617746116235935 
2 2093 18 0.3694940357132734 0.46164672223897596 0.4617746116235935 
3 1444 9 0.4379663651076583 0.46024985869935275 0.4617746116235935 
4 1180 8 0.45192277626152516 0.46066453504151017 0.4617746116235935 
5 2526 12 0.4461828966334139 0.4616748541916711 0.4617746116235935 
6 1209 16 0.4573386890602795 0.46272506683877646 0.46272506683877646 
7 1286 26 0.45985838108494326 0.4645633081350367 0.4645633081350367 
8 2383 27 0.4619390023268466 0.4653038121480545 0.4653038121480545 
9 1321 130 0.44568732598568367 0.4662666135447364 0.4662666135447364 
10 1595 49 0.4597412181943769 0.46689358689771265 0.46689358689771265 
11 1238 38 0.4639037364918455 0.4675795229771168 0.4675795229771168 
12 842 42 0.4653311919337916 0.46790540945454745 0.46790540945454745 
13 1074 45 0.4655567392815884 0.4685209216400018 0.4685209216400018 
14 688 45 0.46632098744309614 0.4687666705884486 0.4687666705884486 
15 1919 49 0.46571820342993847 0.4694886928544093 0.4694886928544093 
16 1301 50 0.46801857365651345 0.4701561626181375 0.4701561626181375 
17 1858 53 0.4683832747856433 0.4704677789701609 0.4704677789701609 
18 1442 54 0.4691137729654142 0.4703372683936011 0.4704677789701609 
19 2065 58 0.4685793547954036 0.4708221686366396 0.4708221686366396 
20 1463 63 0.46293130974321434 0.47068326224848933 0.4708221686366396 
21 1026 161 0.4319125018778155 0.4705818645388067 0.4708221686366396 
22 1736 68 0.4699993784382951 0.47079884885988266 0.4708221686366396 
23 1894 157 0.4535506363952993 0.47096728712568237 0.47096728712568237 
24 583 73 0.46987562097286883 0.4710531089559984 0.4710531089559984 
25 946 68 0.47058273174906895 0.47110375789959813 0.47110375789959813 
26 695 71 0.47095320749361247 0.47123025065596835 0.47123025065596835 
27 991 72 0.47100011715696793 0.4715237702468326 0.4715237702468326 
28 1289 72 0.4711750721572833 0.4715337810930794 0.4715337810930794 
29 2186 5223 0.06012426272752669 0.4717267078380899 0.4717267078380899 
0 40967 135 0.009406796972294131 0.46334817378152027 0.46334817378152027 
1 2369 39 0.2841388575314266 0.46401525984119174 0.46401525984119174 
2 2091 17 0.4002963056033682 0.4629208664860558 0.46401525984119174 
3 1007 8 0.44563557850470936 0.4630667959597835 0.46401525984119174 
4 2171 9 0.45224364339959794 0.46372448910118647 0.46401525984119174 
5 1583 11 0.45881880752309373 0.4640769253363486 0.4640769253363486 
6 1160 15 0.4613003406639467 0.4650694450093632 0.4650694450093632 
7 1256 20 0.46288492499089046 0.4654181060909456 0.4654181060909456 
8 1252 22 0.46403806294842037 0.46646913021376846 0.46646913021376846 
9 1970 24 0.46475582834251006 0.4672331919836814 0.4672331919836814 
10 1422 26 0.46592484824247754 0.46789740961970944 0.46789740961970944 
11 1368 27 0.46542834369303365 0.4683947332471894 0.4683947332471894 
12 1422 308 0.3474335500908524 0.4687430142500578 0.4687430142500578 
13 2070 31 0.4659261233197637 0.4692053160057309 0.4692053160057309 
14 1959 31 0.4680611007627236 0.4696815145654488 0.4696815145654488 
15 1450 39 0.46165725184876194 0.46981793620765605 0.46981793620765605 
16 1604 44 0.46882443119432454 0.47007725541796086 0.47007725541796086 
17 804 45 0.4694684517854109 0.47032254501845044 0.47032254501845044 
18 1559 46 0.46650960668088126 0.47117997093975517 0.47117997093975517 
19 1559 66 0.4651985116430841 0.47122555849406905 0.47122555849406905 
20 936 59 0.47086199191431954 0.47174043542201094 0.47174043542201094 
21 1710 74 0.4665330303474596 0.4720746960605534 0.4720746960605534 
22 1567 56 0.4715145064208035 0.4725035985043086 0.4725035985043086 
23 1084 60 0.4673583391093874 0.4725672587837014 0.4725672587837014 
24 558 62 0.47174722352247384 0.47238609182166486 0.4725672587837014 
25 1082 63 0.47185884993868016 0.47248331664156584 0.4725672587837014 
26 1771 64 0.47184953280152386 0.47254786990326647 0.4725672587837014 
27 1056 68 0.4722724558798939 0.47283144520104786 0.47283144520104786 
28 1880 771 0.41463603023120876 0.4729491001446686 0.4729491001446686 
29 1338 67 0.4728515783889177 0.4732494258418841 0.4732494258418841 
0 41831 161 -0.00673039339100892 0.46023969306020107 0.46023969306020107 
1 2209 49 0.22167898481732767 0.4599074646303947 0.46023969306020107 
2 1064 26 0.35445155053677363 0.4596106573309216 0.46023969306020107 
3 2037 12 0.42408224343102885 0.46010526602630963 0.46023969306020107 
4 1441 10 0.4503006312837814 0.4602385897156518 0.46023969306020107 
5 1954 15 0.432502009838947 0.46085858254905665 0.46085858254905665 
6 723 13 0.45727887819579344 0.461591724225936 0.461591724225936 
7 1537 16 0.4593605916639407 0.46319634344695415 0.46319634344695415 
8 714 19 0.4612303206092563 0.46448073827154646 0.46448073827154646 
9 446 20 0.4628432898691035 0.46524553775652366 0.46524553775652366 
10 1577 22 0.4641463154046376 0.4665319847519681 0.4665319847519681 
11 1067 23 0.4647869281681771 0.46665954119906966 0.46665954119906966 
12 1168 26 0.465489621471692 0.46699357720901635 0.46699357720901635 
13 1297 30 0.46576643913579213 0.4673889756091241 0.4673889756091241 
14 2112 31 0.46654324528106644 0.4678429379808003 0.4678429379808003 
15 1042 36 0.4671672378508535 0.46827651351762983 0.46827651351762983 
16 1151 39 0.4669227590764919 0.4685110973186312 0.4685110973186312 
17 1593 46 0.4680473095996781 0.4688728326416707 0.4688728326416707 
18 1371 53 0.4661908770819661 0.46963068066914115 0.46963068066914115 
19 1407 58 0.4686077476595697 0.469805068835479 0.469805068835479 
20 950 60 0.469406440165006 0.4698122909622536 0.4698122909622536 
21 442 61 0.4697038848952814 0.47007377898949787 0.47007377898949787 
22 1113 64 0.4676819831789546 0.470293794379484 0.470293794379484 
23 749 66 0.4702083670820374 0.47063207379385574 0.47063207379385574 
24 1408 70 0.47057618535157736 0.47091336827179087 0.47091336827179087 
25 980 71 0.47064506232650016 0.47121309264864786 0.47121309264864786 
26 1388 73 0.4700629015656148 0.47126659241575486 0.47126659241575486 
27 1639 76 0.4709487398637055 0.4714497468872916 0.4714497468872916 
28 1087 78 0.471436780270595 0.471651602182732 0.471651602182732 
29 1204 81 0.47153256060501936 0.4718570724863296 0.4718570724863296 
0 38043 137 0.008706953118301145 0.4624629822817907 0.4624629822817907 
1 3821 32 0.2799199465850794 0.4624629822817907 0.4624629822817907 
2 1835 17 0.3837300186070119 0.46044303016474875 0.4624629822817907 
3 1216 8 0.43818423699111153 0.46011333795488757 0.4624629822817907 
4 1807 7 0.4543582787582609 0.46011333795488757 0.4624629822817907 
5 1128 8 0.4565481873425819 0.4613334199617559 0.4624629822817907 
6 464 10 0.4588085186858199 0.4629120259381104 0.4629120259381104 
7 2506 13 0.4602230505635966 0.46400340982934185 0.46400340982934185 
8 788 18 0.46184788932164095 0.46463451347929846 0.46463451347929846 
9 2054 20 0.4634046795044818 0.46564098705602586 0.46564098705602586 
10 815 22 0.46440182469298014 0.46610088741776556 0.46610088741776556 
11 2253 24 0.46546624326218766 0.4681337483779722 0.4681337483779722 
12 2533 26 0.46536634501291735 0.4693890094544513 0.4693890094544513 
13 974 28 0.46596729303350004 0.46996820577004855 0.46996820577004855 
14 457 29 0.4677478598159482 0.4704396207619549 0.4704396207619549 
15 1522 30 0.46841837820912124 0.47115882028817274 0.47115882028817274 
16 1409 31 0.466503414760423 0.47163549530142235 0.47163549530142235 
17 1645 36 0.44572810278676384 0.47177293328628755 0.47177293328628755 
18 1883 38 0.4672069154005568 0.4714964434779963 0.47177293328628755 
19 671 42 0.4702450931578471 0.4713771667742508 0.47177293328628755 
20 723 44 0.47083863633162926 0.47203824049655696 0.47203824049655696 
21 1366 45 0.47100823168078015 0.47196485365515295 0.47203824049655696 
22 2112 50 0.469351030409752 0.4720036596809322 0.47203824049655696 
23 2130 54 0.4707115187260669 0.47198295052187855 0.47203824049655696 
24 1030 55 0.4713202977553954 0.4724668706196693 0.4724668706196693 
25 2291 88 0.461883226222972 0.47250345337680677 0.47250345337680677 
26 1273 57 0.47187665821257363 0.4723134685904714 0.47250345337680677 
27 1029 58 0.4720972591863152 0.4724769489898274 0.47250345337680677 
28 1587 60 0.46869087246590735 0.47258339064391264 0.47258339064391264 
29 595 63 0.47224228957655534 0.47262788188791327 0.47262788188791327 
0 42419 603 0.010198911480662109 0.4620174064113322 0.4620174064113322 
1 6259 49 0.23262634915567484 0.4613892032716146 0.4620174064113322 
2 1784 23 0.3714926661961096 0.46113994809968606 0.4620174064113322 
3 2102 14 0.41879012569199753 0.46019365998521466 0.4620174064113322 
4 1210 9 0.4491975543932284 0.46223102362564483 0.46223102362564483 
5 753 10 0.4570764933040724 0.4634143725111017 0.4634143725111017 
6 1535 13 0.4589336620757154 0.46362680428600433 0.46362680428600433 
7 2504 16 0.45994624109480525 0.46487743175154284 0.46487743175154284 
8 1193 21 0.461820693589148 0.465537985264961 0.465537985264961 
9 2171 25 0.46365324333411573 0.4664167220051356 0.4664167220051356 
10 764 27 0.46481950414363743 0.4669618079419483 0.4669618079419483 
11 1853 29 0.463507441767127 0.46786517652265913 0.46786517652265913 
12 964 32 0.4667009315266273 0.4689115945373231 0.4689115945373231 
13 796 33 0.46735889535366776 0.4689625531547602 0.4689625531547602 
14 1098 36 0.4674079243289593 0.46922749080858445 0.46922749080858445 
15 1385 37 0.4684376868020137 0.4699490649089121 0.4699490649089121 
16 2673 37 0.4685628401135559 0.471020480858233 0.471020480858233 
17 650 40 0.4696663031214219 0.4711983649879566 0.4711983649879566 
18 1622 41 0.46773996686740277 0.4712174264387117 0.4712174264387117 
19 1263 45 0.4696933530096433 0.47148292586910245 0.47148292586910245 
20 998 46 0.4708003657318535 0.4716855306579514 0.4716855306579514 
21 1294 50 0.4691312612316954 0.4718543178322695 0.4718543178322695 
22 1350 51 0.4708034539100576 0.47201808734053574 0.47201808734053574 
23 700 55 0.46953070310619455 0.47202003533440895 0.47202003533440895 
24 1160 56 0.470737893748311 0.4722597080820111 0.4722597080820111 
25 1653 63 0.4705325588404825 0.4722803144132529 0.4722803144132529 
26 1637 65 0.4611605695438403 0.47240934982218674 0.47240934982218674 
27 2343 67 0.4715329923818456 0.4722801435915017 0.47240934982218674 
28 2050 68 0.47157575047486994 0.47235806473989767 0.47240934982218674 
29 1601 69 0.4718804930392951 0.4724560051546798 0.4724560051546798 
0 39351 138 0.009568375937923475 0.4617136591452854 0.4617136591452854 
1 3935 39 0.2787682499541536 0.4616609007425494 0.4617136591452854 
2 2035 20 0.38669774630993364 0.46091999651055104 0.4617136591452854 
3 1216 9 0.4368668025442786 0.4611301478187334 0.4617136591452854 
4 1075 8 0.4506742038132892 0.4612583452182094 0.4617136591452854 
5 1287 11 0.4550230729602874 0.46232246605041305 0.46232246605041305 
6 594 16 0.4576868184965522 0.4637177247478521 0.4637177247478521 
7 1056 20 0.459488799747308 0.4643914046960684 0.4643914046960684 
8 1341 24 0.4598871304444905 0.4646856478779191 0.4646856478779191 
9 1257 28 0.46156066344509356 0.4650166241923921 0.4650166241923921 
10 507 31 0.4629729140482045 0.4654253257725459 0.4654253257725459 
11 2167 35 0.46329079334016393 0.4667840135445525 0.4667840135445525 
12 2579 46 0.46091568721942944 0.46730109250132834 0.46730109250132834 
13 841 51 0.4661829829867735 0.46802414342133986 0.46802414342133986 
14 723 51 0.4666427061248136 0.4681566508406608 0.4681566508406608 
15 2179 54 0.46618897606523535 0.4682706306637035 0.4682706306637035 
16 982 55 0.4668878039867962 0.46825233184625076 0.4682706306637035 
17 1126 68 0.43311877248172825 0.4682653398372799 0.4682706306637035 
18 626 65 0.467745682205289 0.468157614958494 0.4682706306637035 
19 1628 70 0.4673322360500367 0.4684127557895901 0.4684127557895901 
20 1943 76 0.4665401236210375 0.46847710541002724 0.46847710541002724 
21 831 75 0.46827302407764165 0.4685474840147569 0.4685474840147569 
22 1271 77 0.46707114260035226 0.4687231633949595 0.4687231633949595 
23 2006 82 0.46863081687628877 0.4690755666238416 0.4690755666238416 
24 895 86 0.46906986795877886 0.4693368777669642 0.4693368777669642 
25 847 89 0.4693658837248028 0.4695282285624461 0.4695282285624461 
26 964 91 0.469387548261112 0.46964826243272156 0.46964826243272156 
27 1284 106 0.46826216298194645 0.46990680945403795 0.46990680945403795 
28 1295 101 0.46921189575114064 0.47006318918087797 0.47006318918087797 
29 1122 104 0.46974115584562237 0.47017572650666895 0.47017572650666895 
0 38021 717 0.01200365446075158 0.4640553783798623 0.4640553783798623 
1 4007 63 0.21404502980094273 0.4643086316230476 0.4643086316230476 
2 1341 29 0.3692415761951777 0.4628747858502854 0.4643086316230476 
3 1289 14 0.43257821626411186 0.4626999371438443 0.4643086316230476 
4 1504 13 0.45273001031947563 0.46298348856004157 0.4643086316230476 
5 2378 27 0.43086715481795695 0.4640125084810415 0.4643086316230476 
6 1644 33 0.459528509085171 0.4651933430259522 0.4651933430259522 
7 1158 45 0.4621910416848053 0.46563563754146986 0.46563563754146986 
8 1567 53 0.46306702726346183 0.466287292970533 0.466287292970533 
9 1894 61 0.4631016484462967 0.4666941740768922 0.4666941740768922 
10 1381 64 0.46374748125229837 0.46769832336271167 0.46769832336271167 
11 1593 68 0.4655733632610759 0.46875431304640125 0.46875431304640125 
12 1437 73 0.46622240793526737 0.4694647565576855 0.4694647565576855 
13 1532 77 0.46697125234510495 0.46966851140056454 0.46966851140056454 
14 906 77 0.4673685722826428 0.4704853277944342 0.4704853277944342 
15 645 76 0.46828395678174883 0.4705263168651843 0.4705263168651843 
16 1568 79 0.46790356242952796 0.47157064206261545 0.47157064206261545 
17 1527 84 0.4653322752493321 0.4716780895129737 0.4716780895129737 
18 1375 86 0.4696758529792969 0.471541321835211 0.4716780895129737 
19 2719 99 0.46368438300239956 0.47159620821906023 0.4716780895129737 
20 1061 107 0.4693226843297528 0.47149570039011035 0.4716780895129737 
21 1150 190 0.46334028103619074 0.4716979099185386 0.4716979099185386 
22 1661 323 0.4398089013113543 0.4717442481690465 0.4717442481690465 
23 813 118 0.47076283845511524 0.47160032586454 0.4717442481690465 
24 805 117 0.4710746587786243 0.47175103474420166 0.47175103474420166 
25 912 120 0.47126888702956565 0.4719504730752429 0.4719504730752429 
26 1125 122 0.47144180346923953 0.4720815216463074 0.4720815216463074 
27 2191 124 0.4714673476183595 0.47221720878830464 0.47221720878830464 
28 802 123 0.47178233235963224 0.47247846552480355 0.47247846552480355 
29 1382 124 0.472047475308803 0.47265372412441375 0.47265372412441375 
0 39562 546 0.003182501783542445 0.4594068338941604 0.4594068338941604 
1 1958 44 0.22540874997126611 0.4591872856214938 0.4594068338941604 
2 1184 18 0.3905643356725809 0.46043858391807696 0.46043858391807696 
3 2196 10 0.43701686057259637 0.4602337433176351 0.46043858391807696 
4 1503 8 0.45123815101186165 0.4606952148656838 0.4606952148656838 
5 2064 9 0.4527829733287244 0.46155146322755536 0.46155146322755536 
6 2041 12 0.45610056710660635 0.4620470217938881 0.4620470217938881 
7 1596 16 0.45899737487771863 0.4629603679157951 0.4629603679157951 
8 1057 22 0.4609121357842302 0.4645420333089455 0.4645420333089455 
9 779 23 0.4621084628111862 0.46542372515123887 0.46542372515123887 
10 938 26 0.46336027893744514 0.4659889761941408 0.4659889761941408 
11 1882 28 0.4633251936484673 0.4663187513785335 0.4663187513785335 
12 2233 29 0.4639272122713451 0.46638263931038126 0.46638263931038126 
13 1057 31 0.4648299677674291 0.4672569379550594 0.4672569379550594 
14 1051 36 0.46379317692500144 0.46693454408190294 0.4672569379550594 
15 1913 42 0.4639968434985507 0.46760230654362755 0.46760230654362755 
16 1976 45 0.4646357324616693 0.4680388837684294 0.4680388837684294 
17 1000 47 0.46736762140899657 0.4686204894420941 0.4686204894420941 
18 1087 51 0.4668767441792086 0.4694064348815231 0.4694064348815231 
19 1088 48 0.468381935613491 0.46962944711570676 0.46962944711570676 
20 2094 50 0.4681834223360758 0.46977114828892874 0.46977114828892874 
21 1375 52 0.46786648389320573 0.46972245602159446 0.46977114828892874 
22 1123 54 0.4688227087675559 0.46980125080492974 0.46980125080492974 
23 1364 55 0.4692879083388645 0.4700675887342507 0.4700675887342507 
24 1527 56 0.46874123530373313 0.47017580348467747 0.47017580348467747 
25 1368 57 0.4694805204759032 0.4703120320682604 0.4703120320682604 
26 974 57 0.4699290357847565 0.470508711838108 0.470508711838108 
27 755 56 0.4702238950296785 0.47074488563582617 0.47074488563582617 
28 485 58 0.4704457130940329 0.4709071343040415 0.4709071343040415 
29 1566 59 0.4706607191700869 0.4709761461107922 0.4709761461107922 
0 41859 122 -0.019131270706595312 0.46177838149847605 0.46177838149847605 
1 2407 43 0.2587817926965333 0.4625978548854428 0.4625978548854428 
2 2952 27 0.3550076832239815 0.46286174715772405 0.46286174715772405 
3 2858 12 0.4328484700119678 0.46274945831664643 0.46286174715772405 
4 1638 9 0.4509680123686558 0.46309889649603186 0.46309889649603186 
5 1027 11 0.4552419425113139 0.4630795242691833 0.46309889649603186 
6 1311 16 0.4571882710759765 0.4635954174359497 0.4635954174359497 
7 1070 19 0.4609570142406137 0.4649311064783087 0.4649311064783087 
8 1762 79 0.44235055873654233 0.46548650932506364 0.46548650932506364 
9 2254 34 0.463916195037962 0.466196766779257 0.466196766779257 
10 1418 83 0.4158742796376269 0.4663346000408672 0.4663346000408672 
11 1078 39 0.4652587091836803 0.46698243603232337 0.46698243603232337 
12 1224 41 0.46588092588504254 0.4677899878155273 0.4677899878155273 
13 837 42 0.46659659178421514 0.468218852712464 0.468218852712464 
14 2266 45 0.46420068685488575 0.4688606585738982 0.4688606585738982 
15 1721 49 0.4663625226466358 0.4689429710442534 0.4689429710442534 
16 2426 53 0.4673305786739923 0.4704697172424347 0.4704697172424347 
17 2468 56 0.4677330055272595 0.4708556236971 0.4708556236971 
18 1126 56 0.4695605071311201 0.4710154398276468 0.4710154398276468 
19 3026 57 0.4696540166383701 0.4716710279564369 0.4716710279564369 
20 1158 60 0.47001731741205105 0.47181226078262417 0.47181226078262417 
21 1406 59 0.47076038874581627 0.4727946106540406 0.4727946106540406 
22 896 58 0.471639587246402 0.4730769067553454 0.4730769067553454 
23 1767 61 0.4714921395625109 0.47331937060615803 0.47331937060615803 
24 1185 65 0.4717770085650363 0.47346000748605116 0.47346000748605116 
25 1862 66 0.4723213220991452 0.47377305225441524 0.47377305225441524 
26 1596 138 0.46777806643162534 0.4738558063545246 0.4738558063545246 
27 584 73 0.47368163369691807 0.474060101287617 0.474060101287617 
28 1228 75 0.47384633720784863 0.47422428827216756 0.47422428827216756 
29 1303 76 0.4741747161495599 0.47436465901965064 0.47436465901965064 
0 38656 162 -0.1003471817933025 0.46331336635340414 0.46331336635340414 
1 2200 46 0.253164968472783 0.4628408325499307 0.46331336635340414 
2 1148 20 0.3815746019639185 0.4628408325499307 0.46331336635340414 
3 991 9 0.4389279808782576 0.4629937690467175 0.46331336635340414 
4 1688 7 0.4521084448945274 0.4631205260839655 0.46331336635340414 
5 1975 9 0.4558494546801949 0.46239836519578426 0.46331336635340414 
6 1607 10 0.4589790464919167 0.46439290075423534 0.46439290075423534 
7 1224 13 0.45810375096001266 0.46501975984505284 0.46501975984505284 
8 866 19 0.46295190588632407 0.4677181189499949 0.4677181189499949 
9 601 23 0.46373899319446416 0.46836251275898605 0.46836251275898605 
10 979 26 0.4654240908245304 0.47041452409112744 0.47041452409112744 
11 1377 28 0.46662546607424155 0.4706111292240868 0.4706111292240868 
12 1366 28 0.46786950066559024 0.47089896008362164 0.47089896008362164 
13 2346 31 0.46835127388221787 0.4711574597876368 0.4711574597876368 
14 1602 33 0.4693079847360736 0.4717631230908548 0.4717631230908548 
15 565 35 0.46981689817728955 0.4721579730186104 0.4721579730186104 
16 1356 40 0.4706228790244628 0.47241306026845337 0.47241306026845337 
17 1334 42 0.4699858494677623 0.47254160395296196 0.47254160395296196 
18 1303 46 0.4717679128342421 0.47260789563769134 0.47260789563769134 
19 1236 47 0.471895392402014 0.4727676117180716 0.4727676117180716 
20 917 49 0.47259226256824394 0.4733236167722193 0.4733236167722193 
21 624 50 0.4729537766072392 0.47367442895470513 0.47367442895470513 
22 1002 52 0.4728775187382752 0.47357662278650026 0.47367442895470513 
23 1215 54 0.47299487037765864 0.47372610855289926 0.47372610855289926 
24 2005 60 0.46770947576601885 0.4735521590554512 0.47372610855289926 
25 1389 60 0.47285599226823655 0.47340430345520557 0.47372610855289926 
26 687 61 0.4729790295560361 0.4736024729695466 0.47372610855289926 
27 1170 63 0.4733710611099039 0.4737925592312527 0.4737925592312527 
28 1143 64 0.4732165999684485 0.4738862463128925 0.4738862463128925 
29 1032 64 0.47365793099814857 0.4738872727711868 0.4738872727711868 
0 40884 109 0.047388480137146825 0.46121924492458866 0.46121924492458866 
1 2043 36 0.295386801798546 0.46272163969554864 0.46272163969554864 
2 1760 16 0.4001087895425446 0.4624061746110347 0.46272163969554864 
3 1410 9 0.4410868600056186 0.46148975513464446 0.46272163969554864 
4 830 7 0.45313896790179514 0.45967724973075563 0.46272163969554864 
5 1048 12 0.4494013965281896 0.4622162273995686 0.46272163969554864 
6 2939 13 0.4554631703656721 0.46286636711168483 0.46286636711168483 
7 2070 19 0.45873294730871783 0.4630750163947626 0.4630750163947626 
8 1372 21 0.46069043580987473 0.4647480187887007 0.4647480187887007 
9 868 22 0.4623206800795414 0.4655402917359155 0.4655402917359155 
10 1737 25 0.4633477552901508 0.46645833392819963 0.46645833392819963 
11 1660 27 0.4637682775897061 0.46730164421812337 0.46730164421812337 
12 1468 29 0.46405320783949633 0.46709616587920544 0.46730164421812337 
13 974 31 0.46580089898009425 0.46764178996317163 0.46764178996317163 
14 1032 33 0.4663860544659565 0.46815279656596887 0.46815279656596887 
15 1325 37 0.4662235548742407 0.46801825427152427 0.46815279656596887 
16 2322 38 0.46645051937245574 0.4683298011390682 0.4683298011390682 
17 643 39 0.4678826345857254 0.46875225781944774 0.46875225781944774 
18 1497 39 0.4683834280419203 0.46924663197869654 0.46924663197869654 
19 1853 54 0.4638978881487846 0.4701934334790536 0.4701934334790536 
20 1062 41 0.46917260123605087 0.47039097138325625 0.47039097138325625 
21 590 39 0.46954967649471646 0.4709176874356632 0.4709176874356632 
22 958 39 0.4697131418439893 0.4712372031473573 0.4712372031473573 
23 829 37 0.47041634681511185 0.47152040094901476 0.47152040094901476 
24 779 38 0.4709379477173909 0.47217347447960256 0.47217347447960256 
25 1305 40 0.4713687988144958 0.4728575661150618 0.4728575661150618 
26 1126 42 0.47183690266832934 0.47326266869227307 0.47326266869227307 
27 1471 44 0.47227875219241144 0.4736255933605925 0.4736255933605925 
28 1075 45 0.47285478860487645 0.47428844444777973 0.47428844444777973 
29 1871 47 0.4731946687410198 0.4746520476217444 0.4746520476217444 
0 35691 154 -0.06810342476671875 0.46498647845429064 0.46498647845429064 
1 2330 34 0.2720034479505871 0.4629162833857742 0.46498647845429064 
2 1496 16 0.38519665661806785 0.46181213640228985 0.46498647845429064 
3 666 10 0.4306629960879025 0.4617624588360938 0.46498647845429064 
4 946 8 0.4473404672019957 0.4604488343173615 0.46498647845429064 
5 1262 12 0.45515864624262903 0.4625954886491169 0.46498647845429064 
6 1459 18 0.456444119480225 0.46347849485039727 0.46498647845429064 
7 2356 27 0.4607093102783545 0.46372621956083165 0.46498647845429064 
8 1447 30 0.46242862903691145 0.46456133817357337 0.46498647845429064 
9 1267 37 0.4630929528083986 0.46561117681999775 0.46561117681999775 
10 2140 35 0.4643910092058426 0.4674170805977327 0.4674170805977327 
11 597 38 0.46532108855744875 0.4675306060454616 0.4675306060454616 
12 746 39 0.4661257635130348 0.4686765685468001 0.4686765685468001 
13 1444 40 0.46685998807527357 0.4684295774738374 0.4686765685468001 
14 1092 40 0.46731113414343717 0.4690008509965337 0.4690008509965337 
15 630 41 0.4680382753723559 0.4705320394290411 0.4705320394290411 
16 719 43 0.46862564016261443 0.47095562689827547 0.47095562689827547 
17 1371 45 0.4689445377704874 0.4717316605647108 0.4717316605647108 
18 1884 47 0.4697236212966782 0.4721253356453865 0.4721253356453865 
19 643 50 0.4704264070112163 0.47240364158591486 0.47240364158591486 
20 2140 51 0.46870360922190857 0.4725898282743354 0.4725898282743354 
21 741 51 0.47142608682922993 0.47268382842073253 0.47268382842073253 
22 906 51 0.47203495202367735 0.4732257392261865 0.4732257392261865 
23 1320 53 0.47266343737696076 0.47400696605551207 0.47400696605551207 
24 806 52 0.47282762857755606 0.4741003053964956 0.4741003053964956 
25 1548 65 0.46972590787444723 0.474248934708848 0.474248934708848 
26 1034 55 0.47338984565812736 0.47452565635216304 0.47452565635216304 
27 743 56 0.4737903639578753 0.4747093614108585 0.4747093614108585 
28 968 91 0.46950533955454027 0.47479263954866974 0.47479263954866974 
29 1053 57 0.47416020956714455 0.47474340392955594 0.47479263954866974 
0 37930 158 0.013835415598459879 0.46115648485273886 0.46115648485273886 
1 4718 42 0.3110526040545173 0.4614593559677674 0.4614593559677674 
2 802 21 0.4048933008782207 0.46247238288797876 0.46247238288797876 
3 1439 12 0.4438394821969427 0.4621332817949136 0.46247238288797876 
4 1086 12 0.4498724530974917 0.4628957799015072 0.4628957799015072 
5 2647 18 0.45596524184490045 0.4645166789199332 0.4645166789199332 
6 1317 24 0.46124589752732076 0.4659784003487269 0.4659784003487269 
7 1040 33 0.4626590158212441 0.46716336912814743 0.46716336912814743 
8 3834 1260 0.3320937365340326 0.46742761185732373 0.46742761185732373 
9 1277 621 0.36734315545066787 0.4674580244578599 0.4674580244578599 
10 1374 53 0.46613512346886493 0.46802326827805996 0.46802326827805996 
11 1311 59 0.466035328624911 0.46847945874297237 0.46847945874297237 
12 1068 59 0.4658959985875123 0.46879032510071644 0.46879032510071644 
13 1647 152 0.45533664270185265 0.4689205048610741 0.4689205048610741 
14 415 65 0.4678116338597742 0.46935783012981913 0.46935783012981913 
15 893 66 0.46835695401532457 0.46968350746455173 0.46968350746455173 
16 958 67 0.46843386446027524 0.4702798671416761 0.4702798671416761 
17 698 67 0.46938620740769843 0.4705849081623432 0.4705849081623432 
18 1600 68 0.4691791973390339 0.4710845769007954 0.4710845769007954 
19 1698 72 0.47002633528066184 0.47116258030366803 0.47116258030366803 
20 1689 86 0.4526710539155334 0.47133356717778563 0.47133356717778563 
21 733 84 0.4704020459801664 0.47117440085854756 0.47133356717778563 
22 1623 87 0.470502915654191 0.4712435291242436 0.47133356717778563 
23 851 90 0.46769297434880014 0.4715637924615008 0.4715637924615008 
24 507 90 0.471103981661859 0.4717678510713747 0.4717678510713747 
25 1692 92 0.4696029035275125 0.47190916073279193 0.47190916073279193 
26 949 106 0.46939554166190306 0.47172285039785367 0.47190916073279193 
27 1560 107 0.47106703138677103 0.47171839775812313 0.47190916073279193 
28 1833 117 0.47039630861102766 0.47186158621929464 0.47190916073279193 
29 803 113 0.4665180616928029 0.4719032216808446 0.47190916073279193 
0 35269 105 0.042988909073130285 0.4612606961037063 0.4612606961037063 
1 2857 36 0.251015087394691 0.46022940530658285 0.4612606961037063 
2 1312 18 0.3763235764080386 0.46067227690242496 0.4612606961037063 
3 659 8 0.4416528836629128 0.46059295579062026 0.4612606961037063 
4 1168 7 0.45080110365515474 0.4628499119071656 0.4628499119071656 
5 1521 8 0.4549689018035467 0.46417466574318417 0.46417466574318417 
6 1204 11 0.45768810063176163 0.46611839518158826 0.46611839518158826 
7 873 14 0.46085304210111144 0.4663180372234011 0.4663180372234011 
8 1256 18 0.4625510055829599 0.46684796055878397 0.46684796055878397 
9 740 22 0.4644991029540933 0.4674898513251107 0.4674898513251107 
10 760 25 0.4660779502438874 0.46817318971517186 0.46817318971517186 
11 1364 33 0.45461659284988426 0.46801213752924575 0.46817318971517186 
12 1934 37 0.46612491023586017 0.46843306833195675 0.46843306833195675 
13 639 37 0.4681751294937229 0.4687855879834011 0.4687855879834011 
14 1094 666 0.36006768826055013 0.46978527241881374 0.46978527241881374 
15 1764 45 0.4685759546330541 0.4695844173341314 0.46978527241881374 
16 1329 46 0.4688179915911367 0.46987166612257447 0.46987166612257447 
17 1020 49 0.46900611310280355 0.4702921109064048 0.4702921109064048 
18 683 49 0.4696181639218767 0.47053603141379474 0.47053603141379474 
19 1377 51 0.46487240088309695 0.4706998861996088 0.4706998861996088 
20 1311 54 0.46594480817439243 0.47039945675589884 0.4706998861996088 
21 519 57 0.469823506305399 0.47061128260930574 0.4706998861996088 
22 1694 62 0.46529356995829374 0.47066228121443376 0.4706998861996088 
23 2071 64 0.4595457670889644 0.4706809060881609 0.4706998861996088 
24 1213 67 0.4698219459181279 0.47067000111881807 0.4706998861996088 
25 1472 68 0.4702462684971957 0.47089589405118665 0.47089589405118665 
26 892 69 0.4708495452942326 0.47109897267349826 0.47109897267349826 
27 1036 71 0.4708896714520527 0.4712487388015961 0.4712487388015961 
28 686 83 0.47105708708130245 0.47145943184533 0.47145943184533 
29 1378 74 0.47099483305097695 0.47149688800092265 0.47149688800092265 
0 39457 152 0.04094941517536914 0.4618520473358799 0.4618520473358799 
1 3681 44 0.24768742390261442 0.4585368909910972 0.4618520473358799 
2 771 16 0.39942389261768535 0.45866732246696706 0.4618520473358799 
3 1346 9 0.4422158425288667 0.45912009304548373 0.4618520473358799 
4 1388 25 0.44909311745239605 0.45911938939361924 0.4618520473358799 
5 816 11 0.453791202588106 0.4596188602364041 0.4618520473358799 
6 1356 14 0.4557120604204163 0.4628862489641255 0.4628862489641255 
7 615 18 0.4568717660587093 0.46381755489410526 0.46381755489410526 
8 1316 24 0.4582811461234392 0.46409997236592915 0.46409997236592915 
9 1516 29 0.4596549430990228 0.4644985484206906 0.4644985484206906 
10 1536 31 0.4612267729796789 0.4661900344942356 0.4661900344942356 
11 816 36 0.4583207131373964 0.46672575613452805 0.46672575613452805 
12 1230 39 0.457937690311818 0.4665795927939015 0.46672575613452805 
13 1002 42 0.46441124982352144 0.4673252332096357 0.4673252332096357 
14 922 44 0.46551991536637816 0.46789381498529603 0.46789381498529603 
15 866 52 0.46000569817173814 0.4686146207563119 0.4686146207563119 
16 1355 53 0.4674244814234697 0.46942930924759596 0.46942930924759596 
17 527 53 0.4681365682114786 0.4696955283366977 0.4696955283366977 
18 450 54 0.46854137517646394 0.47038109968296166 0.47038109968296166 
19 766 59 0.4689339724609693 0.47043877640968085 0.47043877640968085 
20 1469 62 0.46930085798733395 0.4705961706731724 0.4705961706731724 
21 1177 58 0.4687347269842722 0.4712637173990318 0.4712637173990318 
22 1090 63 0.46720022656619853 0.471434996601643 0.471434996601643 
23 2901 70 0.4685542490030792 0.4717653990013763 0.4717653990013763 
24 1425 68 0.4708506245877993 0.4717112915857353 0.4717653990013763 
25 975 80 0.4503754261038977 0.47189148157201677 0.47189148157201677 
26 973 132 0.46707042180154007 0.4721017922343499 0.4721017922343499 
27 978 80 0.46960419080577737 0.47231715254257695 0.47231715254257695 
28 1647 1923 0.4047632653392106 0.4728366540824992 0.4728366540824992 
29 548 86 0.4726959218846777 0.47297150387989884 0.47297150387989884 
0 43677 165 -0.10904302478882431 0.46302869789782664 0.46302869789782664 
1 2103 42 0.264990453936747 0.4582115415453959 0.46302869789782664 
2 3998 21 0.38466328826119295 0.4585312395951352 0.46302869789782664 
3 567 11 0.43725240778544444 0.46031231950717527 0.46302869789782664 
4 1432 9 0.45319124164355046 0.46097977628383857 0.46302869789782664 
5 1664 11 0.45571756498663185 0.4630690418770427 0.4630690418770427 
6 1736 15 0.45767341750437923 0.4625422497878161 0.4630690418770427 
7 1192 20 0.45947155196904477 0.46400628123921095 0.46400628123921095 
8 596 26 0.461521708003814 0.4644487156380739 0.4644487156380739 
9 1383 26 0.4630688257224593 0.46505588594611913 0.46505588594611913 
10 1124 28 0.4642935411647622 0.46642239214484726 0.46642239214484726 
11 502 29 0.46537910727869436 0.46698007839460354 0.46698007839460354 
12 1880 32 0.46625194080435356 0.4682527997255501 0.4682527997255501 
13 2173 44 0.46083562026188063 0.46908690429117067 0.46908690429117067 
14 778 38 0.4678155459538365 0.4696756389503143 0.4696756389503143 
15 2242 46 0.4614848298756064 0.4697268140850456 0.4697268140850456 
16 1770 48 0.46736186068071744 0.4692785392412451 0.4697268140850456 
17 1276 51 0.46731200370444775 0.46963193732539676 0.4697268140850456 
18 1823 54 0.4674641894492095 0.4699945824893436 0.4699945824893436 
19 1388 56 0.46896938861908793 0.47025955828091826 0.47025955828091826 
20 661 57 0.4695072852768202 0.4710177041022464 0.4710177041022464 
21 1713 60 0.4654486704540359 0.4710886589158414 0.4710886589158414 
22 941 62 0.47011798994196097 0.471647503860616 0.471647503860616 
23 1816 64 0.47024887893140843 0.4714922270467441 0.471647503860616 
24 1358 66 0.4706242118909507 0.4722155250862047 0.4722155250862047 
25 1926 70 0.47072877753098674 0.4722095376461436 0.4722155250862047 
26 1975 73 0.4713303838399609 0.47228857664517787 0.47228857664517787 
27 891 74 0.4717780469675994 0.47242341546892674 0.47242341546892674 
28 1266 76 0.4721867659299306 0.4726957045133903 0.4726957045133903 
29 1435 80 0.4723889222438774 0.4729227669351301 0.4729227669351301 
0 39564 128 0.055227943733385104 0.4607601504661117 0.4607601504661117 
1 3342 41 0.2744381728688844 0.4612105714880716 0.4612105714880716 
2 1694 19 0.39445205324924953 0.46194579109911643 0.46194579109911643 
3 1288 9 0.44003300628928366 0.4629358195527769 0.4629358195527769 
4 1607 8 0.45208300788109723 0.46238070424233935 0.4629358195527769 
5 1458 17 0.42416376820778967 0.4636718290939119 0.4636718290939119 
6 1054 14 0.4597197934170652 0.46394293316287316 0.46394293316287316 
7 964 20 0.46148283878265345 0.4647782894674095 0.4647782894674095 
8 582 25 0.4625181358494441 0.46517376469502725 0.46517376469502725 
9 1190 29 0.46030560966733597 0.465616968480277 0.465616968480277 
10 1219 32 0.46432154885873006 0.46596968233079816 0.46596968233079816 
11 643 35 0.46492632182554827 0.4663660369881205 0.4663660369881205 
12 2179 36 0.4655232673843998 0.4671141175882925 0.4671141175882925 
13 1376 38 0.4666948162916052 0.4679023238674709 0.4679023238674709 
14 714 41 0.4671707689536413 0.46839011307850253 0.46839011307850253 
15 1395 44 0.46765751399821043 0.46884763692040166 0.46884763692040166 
16 1035 45 0.4685720867917841 0.4693449900419406 0.4693449900419406 
17 836 47 0.468663898093148 0.4695872947871027 0.4695872947871027 
18 2539 47 0.46917625000708585 0.4699937735449152 0.4699937735449152 
19 1388 49 0.46897355701305676 0.4703663465167489 0.4703663465167489 
20 1128 50 0.46987623609874923 0.4703186341180501 0.4703663465167489 
21 840 51 0.47014091865742075 0.47060852804683906 0.47060852804683906 
22 968 53 0.4704735048287454 0.4709925463167249 0.4709925463167249 
23 1217 80 0.4527544120534938 0.47122607241817194 0.47122607241817194 
24 1394 58 0.46879907181175967 0.47125196584821855 0.47125196584821855 
25 935 59 0.47096325181841014 0.4714235445084248 0.4714235445084248 
26 2134 74 0.471354808935357 0.4720990595109734 0.4720990595109734 
27 1579 63 0.4707743386263665 0.472241756955051 0.472241756955051 
28 1068 61 0.47190799976193276 0.4727145539523068 0.4727145539523068 
29 615 61 0.4722141262333121 0.47307055038689316 0.47307055038689316 
0 39936 118 -0.024487028285376126 0.46452565419465286 0.46452565419465286 
1 4180 37 0.2587298587356126 0.4639584516050019 0.46452565419465286 
2 1994 18 0.38926518962336437 0.46331489566874157 0.46452565419465286 
3 1497 10 0.439408243861302 0.46377188489568194 0.46452565419465286 
4 1899 8 0.45509672119862077 0.4662734003470561 0.4662734003470561 
5 2139 19 0.4289250858791093 0.467165177160237 0.467165177160237 
6 1215 13 0.4616830297703136 0.46743772498025593 0.46743772498025593 
7 1095 18 0.4624190461548633 0.467875426606523 0.467875426606523 
8 600 22 0.46657041117323783 0.4684892860130379 0.4684892860130379 
9 1009 23 0.4679308370410595 0.4691941518300851 0.4691941518300851 
10 793 26 0.4686608227591473 0.4699496576067564 0.4699496576067564 
11 1110 28 0.46751701978941873 0.4703095384991658 0.4703095384991658 
12 312 32 0.47017014599887047 0.47085736413923407 0.47085736413923407 
13 1704 33 0.47038088442783305 0.4713011298553662 0.4713011298553662 
14 1390 35 0.47028020816859917 0.4710808393283633 0.4713011298553662 
15 1344 39 0.47106189469024284 0.47144985578122295 0.47144985578122295 
16 1460 42 0.47158175093517996 0.47190024161517674 0.47190024161517674 
17 1937 42 0.47181884540275754 0.4723491616973571 0.4723491616973571 
18 946 44 0.47217606101846427 0.47260445288381225 0.47260445288381225 
19 1895 46 0.47215358934135765 0.47289519365422694 0.47289519365422694 
20 1657 48 0.4723856286608406 0.4730505943328559 0.4730505943328559 
21 1806 56 0.4535006309100345 0.47293442828228527 0.4730505943328559 
22 2038 57 0.4681747158293749 0.47286650038483313 0.4730505943328559 
23 1531 62 0.47256166947032097 0.47281761321364135 0.4730505943328559 
24 838 61 0.4725669564566852 0.4729705806700707 0.4730505943328559 
25 760 64 0.47300049026844443 0.47311453711367213 0.47311453711367213 
26 1401 64 0.4730400132646798 0.47323533415117036 0.47323533415117036 
27 718 72 0.47316470950878 0.4733300761551992 0.4733300761551992 
28 1039 65 0.47316191213041897 0.47333279282583823 0.47333279282583823 
29 2202 69 0.4726691230417256 0.47338726207760906 0.47338726207760906 
0 39065 126 -0.06264521221063801 0.46230817323612483 0.46230817323612483 
1 2236 52 0.18369438449132514 0.46104643994823946 0.46230817323612483 
2 2366 25 0.34120497166266905 0.4614605016039658 0.46230817323612483 
3 2219 14 0.4094226306653045 0.4623819862668288 0.4623819862668288 
4 1166 10 0.4418032627353885 0.4618076133252466 0.4623819862668288 
5 1674 12 0.45487595083590115 0.4618554504221378 0.4623819862668288 
6 608 18 0.45882445415773954 0.4631015874624879 0.4631015874624879 
7 1564 33 0.45839345715153856 0.4652202605232848 0.4652202605232848 
8 1683 154 0.41974978763124143 0.46665647441341723 0.46665647441341723 
9 1133 34 0.4636247888856226 0.46724333754043573 0.46724333754043573 
10 635 36 0.46458060336788615 0.4678206012164099 0.4678206012164099 
11 1772 42 0.46140463845124735 0.46812894975597275 0.46812894975597275 
12 1707 65 0.46209197647146993 0.46855739955050424 0.46855739955050424 
13 1468 43 0.46646172730450913 0.469018505315537 0.469018505315537 
14 698 43 0.4671852840607398 0.4689886197111071 0.469018505315537 
15 1269 71 0.45609319035852897 0.4690777439073591 0.4690777439073591 
16 1015 56 0.46037775213630716 0.46904514883152737 0.4690777439073591 
17 1419 49 0.4681892956909183 0.4693157232588461 0.4693157232588461 
18 1521 49 0.46876346607998337 0.469390548053864 0.469390548053864 
19 1472 50 0.46909201790941907 0.4696325584295884 0.4696325584295884 
20 761 49 0.4695900869052847 0.4699254144846703 0.4699254144846703 
21 934 50 0.46975846397343113 0.4703165480686453 0.4703165480686453 
22 834 52 0.47041544375077743 0.4707148752538175 0.4707148752538175 
23 2140 55 0.46849570130604534 0.4708230602582744 0.4708230602582744 
24 961 57 0.4706070680331898 0.4707767625086241 0.4708230602582744 
25 966 58 0.47067935422396934 0.47096735515777277 0.47096735515777277 
26 1211 97 0.45076707151265444 0.47121345204735 0.47121345204735 
27 726 61 0.47099137713290423 0.4712400888896534 0.4712400888896534 
28 1250 62 0.470933970336576 0.47141271262302775 0.47141271262302775 
29 544 72 0.4713669827687147 0.47157481156486913 0.47157481156486913 